         501
              41001527          41           0       8184.1633
         2003118001867        3118           2       28474.070
         3000035000028          35           3       129.47826
         4020978000028       20978           4       8184.1633
         5000289000028         289           5       3657.0882
         5000484000028         484           5       5661.1250
         6000218000028         218           6       5661.1250
         6000837000103         837           6       28474.070
         9000098000325          98           9       5661.1250
         9000332000028         332           9       13757.765
        10000099001475          99          10       17589.265
        10000129000227         129          10       5661.1250
        11000080023448          80          11       39.571429
        11000080052417          80          11       330.63636
        11000557000050         557          11       28474.070
        13000049001770          49          13       28474.070
        14010941000028       10941          14       2785.8750
        15009764000028        9764          15       3657.0882
        17000166000028         166          17       2785.8750
        17014111012745       14111          17       2785.8750
        17014248000160       14248          17       5661.1250
        18001182001651        1182          18       634.15385
        18001817000068        1817          18       28474.070
        19000333000264         333          19       28474.070
        20000072000028          72          20       3657.0882
        21001055000028        1055          21       13757.765
        23000202000028         202          23       17589.265
        23003330074846        3330          23       8184.1633
        23008148000028        8148          23       208164.44
        25005438000716        5438          25       3657.0882
        28000084000028          84          28       330.63636
        28000351000271         351          28       17589.265
        32000730000028         730          32       8184.1633
        33000031017245          31          33       13757.765
        33006738000028        6738          33       608966.38
        33012711003608       12711          33       208164.44
        35000044055761          44          35       1753.0000
        35000095000028          95          35       3657.0882
        35006937001092        6937          35       17589.265
        35009431000028        9431          35       28474.070
        37014548000433       14548          37       3657.0882
        37014945000028       14945          37       13757.765
        38000028013912          28          38       17589.265
        38000029008484          29          38       17589.265
        38000083000028          83          38       634.15385
        38000327000028         327          38       5661.1250
        38014457005649       14457          38       634.15385
        39009925000028        9925          39       8184.1633
        42006820012088        6820          42       330.63636
        44018770000028       18770          44       608966.38
        45000149000028         149          45       2785.8750
        46003756000028        3756          46       17589.265
        47002067000028        2067          47       1.8888889
        47023690002325       23690          47       608966.38
        48000019048328          19          48       1753.0000
        48000028003457          28          48       3657.0882
        48015697000077       15697          48       28474.070
        49000602000028         602          49       13757.765
        50000540000076         540          50       28474.070
        51000147004051         147          51       2785.8750
        51001142000028        1142          51       13757.765
        54000115000028         115          54       634.15385
        54001182000061        1182          54       28474.070
        55000139002357         139          55       13757.765
        55000533000080         533          55       17589.265
        56011961011454       11961          56       17589.265
        60000338000192         338          60       17589.265
        60000457000226         457          60       28474.070
        63000322000155         322          63       28474.070
        63011958000354       11958          63       3657.0882
        68000079000096          79          68       17589.265
        68001065006753        1065          68       28474.070
        68010257000293       10257          68       28474.070
        70000773000028         773          70       17589.265
        71000926000028         926          71       17589.265
        71019833000028       19833          71       5661.1250
        73014235006645       14235          73       3657.0882
        76001684000077        1684          76       1.8888889
        77000157000390         157          77       8184.1633
        77000855000028         855          77       17589.265
        78019681000168       19681          78       17589.265
        79003144000028        3144          79       28474.070
        79016360000113       16360          79       8184.1633
        80010402000028       10402          80       5661.1250
        82000304000028         304          82       5661.1250
        84000275000028         275          84       8184.1633
        86022231000558       22231          86       13757.765
        88004350020121        4350          88       5661.1250
        89003400000028        3400          89       70.642857
        90000079000560          79          90       3657.0882
        90001128000028        1128          90       129.47826
        90001128025136        1128          90       28474.070
        90001146001096        1146          90       634.15385
        90025508001280       25508          90       17589.265
        92000148000813         148          92       13757.765
        92026658000932       26658          92       8184.1633
        93027114000028       27114          93       608966.38
        95000131002287         131          95       17589.265
        96001207000028        1207          96       17589.265
        97000080001627          80          97       3657.0882
        98000084002385          84          98       208164.44
        98016106002207       16106          98       13757.765
       100000012000028          12         100       330.63636
       100018686000028       18686         100       17589.265
       102000882000028         882         102       8184.1633
       103000139000028         139         103       1753.0000
       104000016000028          16         104       39.571429
       104019770001272       19770         104       129.47826
       105029160000253       29160         105       208164.44
       107000143000911         143         107       5661.1250
       107004035000028        4035         107       28474.070
       108003457000774        3457         108       2785.8750
       109000144053684         144         109       70.642857
       109000145000028         145         109       1.8888889
       109000149000751         149         109       330.63636
       109019093000028       19093         109       634.15385
       110010672000028       10672         110       2785.8750
       111000140000378         140         111       17589.265
       111006708000028        6708         111       129.47826
       111012019000028       12019         111       208164.44
       115000113015639         113         115       3657.0882
       117000101000928         101         117       28474.070
       119000296000028         296         119       8184.1633
       120000002000028           2         120       634.15385
       121011761000028       11761         121       1753.0000
       125010250002844       10250         125       129.47826
       126003783000646        3783         126       8184.1633
       126005620000028        5620         126       17589.265
       126028580000028       28580         126       129.47826
       129005812000028        5812         129       208164.44
       131004146000028        4146         131       8184.1633
       131005056000028        5056         131       17589.265
       132000049002236          49         132       2785.8750
       136005322000028        5322         136       8184.1633
       137004065000028        4065         137       5661.1250
       137004330000183        4330         137       28474.070
       137007756000028        7756         137       28474.070
       139000070008060          70         139       8184.1633
       139008494003953        8494         139       70.642857
       144009946000028        9946         144       1.8888889
       144011339000028       11339         144       208164.44
       145005340011720        5340         145       5661.1250
       146007570000028        7570         146       129.47826
       149001179000028        1179         149       13757.765
       150000092004042          92         150       330.63636
       153016635000028       16635         153       8184.1633
       154000061013264          61         154       3657.0882
       154000062008819          62         154       3657.0882
       155015448000028       15448         155       208164.44
       157009594000529        9594         157       5661.1250
       160001693000047        1693         160       28474.070
       165000872000028         872         165       17589.265
       166007061006833        7061         166       8184.1633
       166007089000843        7089         166       3657.0882
       168000037002961          37         168       1753.0000
       172000363043760         363         172       13757.765
       172000789000150         789         172       13757.765
       175001180000058        1180         175       28474.070
       175002399000028        2399         175       28474.070
       177008341000695        8341         177       5661.1250
       177009656000028        9656         177       17589.265
       178000264000028         264         178       5661.1250
       178015162000947       15162         178       13757.765
       179000551000075         551         179       17589.265
       180023406000028       23406         180       8184.1633
       181000091003588          91         181       28474.070
       181022747000028       22747         181       330.63636
       182000109006261         109         182       13757.765
       182023188000028       23188         182       208164.44
       183011253002321       11253         183       13757.765
       184014312000028       14312         184       17589.265
       186014841021576       14841         186       330.63636
       186015002000124       15002         186       17589.265
       187013726000028       13726         187       8184.1633
       187015207000028       15207         187       28474.070
       189001458002416        1458         189       634.15385
       190000059000565          59         190       13757.765
       190004178009093        4178         190       28474.070
       190004193002907        4193         190       8184.1633
       190004217000028        4217         190       634.15385
       190004368000220        4368         190       8184.1633
       191000195000475         195         191       608966.38
       191024439000028       24439         191       1.8888889
       192000092000028          92         192       634.15385
       192016741000028       16741         192       3657.0882
       193001274000028        1274         193       17589.265
       193017203000028       17203         193       5661.1250
       196016991000028       16991         196       28474.070
       197000066000028          66         197       634.15385
       197000182000242         182         197       5661.1250
       197002682000028        2682         197       28474.070
       198000123003092         123         198       13757.765
       198003147000028        3147         198       28474.070
       199019455000028       19455         199       634.15385
       200000618000152         618         200       17589.265
       201002773000028        2773         201       28474.070
       204011663000028       11663         204       129.47826
       204011675000028       11675         204       129.47826
       206000796000150         796         206       28474.070
       208003517059456        3517         208       5661.1250
       210010114000028       10114         210       17589.265
       211008907000028        8907         211       1.8888889
       211010170000028       10170         211       28474.070
       211025467002564       25467         211       1753.0000
       212002197000028        2197         212       17589.265
       213014765000028       14765         213       2785.8750
       216000059000028          59         216       2785.8750
       216008465000028        8465         216       28474.070
       218005494030685        5494         218       5661.1250
       218005551000743        5551         218       13757.765
       218009251000028        9251         218       28474.070
       219021309000028       21309         219       1.8888889
       222003933000028        3933         222       129.47826
       224000094000028          94         224       634.15385
       224001027000028        1027         224       13757.765
       224019604020683       19604         224       8184.1633
       226000085005159          85         226       2785.8750
       226000578000028         578         226       13757.765
       226003554000051        3554         226       1441869.0
       227000114008812         114         227       70.642857
       228004994000028        4994         228       1.8888889
       228005001001324        5001         228       2785.8750
       228005057000028        5057         228       2785.8750
       231003254000028        3254         231       28474.070
       232001421000028        1421         232       17589.265
       238001909000028        1909         238       17589.265
       239022470011984       22470         239       13757.765
       239023372057601       23372         239       5661.1250
       241008843006163        8843         241       39.571429
       243010928000028       10928         243       1.8888889
       243012108000028       12108         243       13757.765
       244004930004887        4930         244       39.571429
       244004930000028        4930         244       1.8888889
       244004943000028        4943         244       330.63636
       245001057000076        1057         245       28474.070
       245009313000028        9313         245       608966.38
       246000124001831         124         246       1.8888889
       247000143039355         143         247       330.63636
       247000200000028         200         247       634.15385
       247000477000028         477         247       5661.1250
       248000047075010          47         248       13757.765
       248000048213786          48         248       5661.1250
       248000927000028         927         248       13757.765
       248018394000028       18394         248       634.15385
       250000143027351         143         250       28474.070
       250008109000629        8109         250       330.63636
       250008160000815        8160         250       17589.265
       255001478000102        1478         255       28474.070
       257000903000056         903         257       13757.765
       258000115000232         115         258       3657.0882
       259001305032356        1305         259       70.642857
       259001305000142        1305         259       129.47826
       259001513000463        1513         259       28474.070
       262000471000028         471         262       17589.265
       262009303000028        9303         262       70.642857
       263001159000028        1159         263       129.47826
       263003926000073        3926         263       1.8888889
       264000054059501          54         264       2785.8750
       264011496053638       11496         264       39.571429
       265000303000028         303         265       13757.765
       265009395011373        9395         265       330.63636
       265009404004953        9404         265       8184.1633
       265009406001637        9406         265       634.15385
       265009439001712        9439         265       28474.070
       266002408000028        2408         266       17589.265
       266003832000028        3832         266       17589.265
       272000048005617          48         272       13757.765
       272010079007003       10079         272       28474.070
       274004252004651        4252         274       28474.070
       279000085000028          85         279       70.642857
       280000172000403         172         280       13757.765
       281000057006741          57         281       17589.265
       283001595010513        1595         283       8184.1633
       285006846112078        6846         285       208164.44
       287002291000028        2291         287       28474.070
       290003098000028        3098         290       208164.44
       291002844003172        2844         291       8184.1633
       291002897000028        2897         291       634.15385
       291003621000028        3621         291       13757.765
       291004443000095        4443         291       608966.38
       291006156000028        6156         291       28474.070
       293000107001811         107         293       1753.0000
       294001107000028        1107         294       129.47826
       295002170000730        2170         295       1753.0000
       295002534000028        2534         295       8184.1633
       296000097024937          97         296       1.8888889
       296000097058311          97         296       129.47826
       296003841076705        3841         296       1.8888889
       296003841005462        3841         296       1753.0000
       296003856003253        3856         296       28474.070
       298000461000028         461         298       8184.1633
       302007333010090        7333         302       129.47826
       302007335007757        7335         302       5661.1250
       303006549000028        6549         303       28474.070
       304018040000028       18040         304       17589.265
       305000404000028         404         305       13757.765
       306000142000028         142         306       2785.8750
       307000119002029         119         307       3657.0882
       307000120001736         120         307       5661.1250
       307000997000080         997         307       17589.265
       307001418000028        1418         307       13757.765
       308002822000076        2822         308       17589.265
       309001180000028        1180         309       1753.0000
       312000057000028          57         312       1.8888889
       312002046000028        2046         312       13757.765
       312022829000893       22829         312       13757.765
       312023073000028       23073         312       8184.1633
       313000094002135          94         313       28474.070
       314000092004695          92         314       28474.070
       314013705000028       13705         314       13757.765
       317000128000028         128         317       634.15385
       319000862000028         862         319       8184.1633
       319025649017304       25649         319       3657.0882
       320000625000028         625         320       8184.1633
       321002143000028        2143         321       70.642857
       321002148000028        2148         321       129.47826
       321007494000028        7494         321       28474.070
       325011048000028       11048         325       17589.265
       327019877015701       19877         327       8184.1633
       328000079000431          79         328       28474.070
       328011868000869       11868         328       3657.0882
       328012746000067       12746         328       17589.265
       329004505000028        4505         329       5661.1250
       329005076000028        5076         329       8184.1633
       330000079006588          79         330       5661.1250
       331001626007576        1626         331       5661.1250
       331001635000028        1635         331       634.15385
       333009601004339        9601         333       17589.265
       333009601001820        9601         333       28474.070
       336001120000028        1120         336       13757.765
       336006880000028        6880         336       208164.44
       336023213000434       23213         336       1753.0000
       340000065011074          65         340       3657.0882
       340021240000927       21240         340       3657.0882
       342014312000028       14312         342       634.15385
       345000068006401          68         345       13757.765
       348009109002881        9109         348       13757.765
       348013917000028       13917         348       208164.44
       349011309011328       11309         349       8184.1633
       349011335000028       11335         349       1753.0000
       351000355000068         355         351       13757.765
       352012964000028       12964         352       2785.8750
       353000345000087         345         353       17589.265
       353014407000028       14407         353       129.47826
       358000091000028          91         358       129.47826
       358000205000090         205         358       5661.1250
       359000200000028         200         359       3657.0882
       359012484000573       12484         359       5661.1250
       361000066000028          66         361       2785.8750
       361009778003405        9778         361       13757.765
       361009785006058        9785         361       28474.070
       363001840000028        1840         363       28474.070
       363002396000028        2396         363       17589.265
       363022424000028       22424         363       28474.070
       365001893000028        1893         365       28474.070
       365002090000028        2090         365       17589.265
       366000360000232         360         366       17589.265
       367000338000028         338         367       13757.765
       367000964000028         964         367       17589.265
       369000086000028          86         369       39.571429
       369000129000168         129         369       5661.1250
       369007128000028        7128         369       8184.1633
       369007536000028        7536         369       13757.765
       370004409005682        4409         370       634.15385
       371010128000028       10128         371       3657.0882
       372000127000511         127         372       5661.1250
       375015326000028       15326         375       1.8888889
       375016897000028       16897         375       28474.070
       378000112003932         112         378       129.47826
       378001221000080        1221         378       28474.070
       379000126007646         126         379       70.642857
       379000304000122         304         379       28474.070
       379000348000152         348         379       13757.765
       379024202000028       24202         379       2785.8750
       380000093001672          93         380       3657.0882
       381001337000028        1337         381       8184.1633
       382000403000028         403         382       3657.0882
       382002296000028        2296         382       17589.265
       384000039004282          39         384       2785.8750
       386020716000028       20716         386       1.8888889
       387000092042649          92         387       8184.1633
       387000331000028         331         387       5661.1250
       389001881000028        1881         389       17589.265
       396004409000653        4409         396       8184.1633
       399000211000028         211         399       1753.0000
       399011236000028       11236         399       3657.0882
       400000034014495          34         400       634.15385
       400006306001249        6306         400       330.63636
       402000040000028          40         402       330.63636
       403001037000165        1037         403       608966.38
       405000258000317         258         405       13757.765
       405000413000028         413         405       8184.1633
       407000569000028         569         407       1.8888889
       407000570015255         570         407       1753.0000
       407000579000028         579         407       129.47826
       407002587000079        2587         407       17589.265
       407002841000028        2841         407       17589.265
       408000099014025          99         408       17589.265
       408018564000028       18564         408       70.642857
       409010886002216       10886         409       3657.0882
       411016602000028       16602         411       70.642857
       411016955000101       16955         411       28474.070
       413000085007576          85         413       634.15385
       413015853004756       15853         413       17589.265
       413015971000247       15971         413       208164.44
       413016309000259       16309         413       28474.070
       415000165000268         165         415       5661.1250
       415016415000200       16415         415       8184.1633
       416000072000028          72         416       1753.0000
       416000141000028         141         416       1753.0000
       420000108000083         108         420       28474.070
       420002703002602        2703         420       5661.1250
       421006368002983        6368         421       129.47826
       421006874000028        6874         421       8184.1633
       422007173000267        7173         422       13757.765
       426001710000028        1710         426       17589.265
       427000409000028         409         427       5661.1250
       428000595000028         595         428       8184.1633
       428000613000028         613         428       17589.265
       428000760000028         760         428       17589.265
       429016468007375       16468         429       70.642857
       430000109000028         109         430       3657.0882
       430008592000028        8592         430       2785.8750
       431000183012582         183         431       1.8888889
       431000186012208         186         431       5661.1250
       431022384000028       22384         431       5661.1250
       435000137001580         137         435       17589.265
       436000080007302          80         436       17589.265
       436017494000028       17494         436       1.8888889
       436017494087893       17494         436       330.63636
       436017496015867       17496         436       17589.265
       436017509000486       17509         436       3657.0882
       436018421000028       18421         436       13757.765
       437005148016440        5148         437       17589.265
       437005148000028        5148         437       1.8888889
       437005148072711        5148         437       3657.0882
       437005293000028        5293         437       5661.1250
       438000124002789         124         438       1753.0000
       439000289000409         289         439       13757.765
       439000305000028         305         439       3657.0882
       440000137001563         137         440       17589.265
       443000229000693         229         443       17589.265
       443001558000028        1558         443       13757.765
       446000071000028          71         446       634.15385
       449002646000092        2646         449       28474.070
       450002159000185        2159         450       8184.1633
       453000104001115         104         453       634.15385
       453000138026606         138         453       1.8888889
       454000109000028         109         454       1.8888889
       455000135023271         135         455       129.47826
       455000294000148         294         455       8184.1633
       456000688000028         688         456       8184.1633
       458000090005033          90         458       129.47826
       458000100000028         100         458       330.63636
       458000988000028         988         458       8184.1633
       459001153058688        1153         459       1.8888889
       460001644000028        1644         460       28474.070
       462000126034834         126         462       17589.265
       462001503000180        1503         462       17589.265
       465001628014910        1628         465       330.63636
       465001633000028        1633         465       70.642857
       467000161000693         161         467       13757.765
       467000199000028         199         467       2785.8750
       470026526000772       26526         470       2785.8750
       471000184000028         184         471       1.8888889
       472002107000028        2107         472       28474.070
       474000008000028           8         474       28474.070
       477000123001405         123         477       3657.0882
       480000068000028          68         480       330.63636
       481000107003884         107         481       28474.070
       481000256000254         256         481       5661.1250
       482006689006613        6689         482       3657.0882
       482023433061707       23433         482       208164.44
       483016888000028       16888         483       17589.265
       484000069000028          69         484       1753.0000
       486000746000133         746         486       1441869.0
       488000063000810          63         488       8184.1633
       489000136001196         136         489       8184.1633
       490015786000191       15786         490       1753.0000
       492000218000028         218         492       2785.8750
       493000248000028         248         493       8184.1633
       494000105001902         105         494       28474.070
       497003886001456        3886         497       39.571429
       498000151000028         151         498       1.8888889
       498020034000160       20034         498       13757.765
       500000080000028          80         500       1.8888889
       500000083000028          83         500       70.642857
       501011405000053       11405         501       208164.44
       502002525000256        2525         502       8184.1633
       502012619000107       12619         502       330.63636
       502028500000130       28500         502       28474.070
       503000226003751         226         503       330.63636
       505000089001521          89         505       634.15385
       506000094000028          94         506       330.63636
       506000183000028         183         506       2785.8750
       506001043000028        1043         506       13757.765
       507003108000028        3108         507       28474.070
       508000208000858         208         508       17589.265
       508011902000078       11902         508       330.63636
       509000393000271         393         509       28474.070
       510001373000054        1373         510       28474.070
