        1085
            4340007378        4340           0       9057.0822
            4340008074        4340           0       15249.361
            4340014971        4340           0       15249.361
            4340014998        4340           0       15249.361
         1001306000021        1306           1       11851.306
         2005974000021        5974           2       27875.674
         4000035000062          35           4       1471.1176
         6008285000021        8285           6       15249.361
         6020170008496       20170           6       9057.0822
         7000323000021         323           7       11851.306
         7015542000021       15542           7       11851.306
         7015542000086       15542           7       9057.0822
         7018063000021       18063           7       40550.286
         8012934013508       12934           8       47630.074
         8012934014288       12934           8       9057.0822
         8012934013452       12934           8       9057.0822
         8012934013491       12934           8       9057.0822
         8012934015510       12934           8       8071.4839
        10000763000021         763          10       17580.122
        11000081005802          81          11       47630.074
        11000081003442          81          11       9057.0822
        11000081003950          81          11       9057.0822
        11022088000021       22088          11       40550.286
        12000052019358          52          12       15249.361
        12000052019373          52          12       9057.0822
        12000052020133          52          12       9057.0822
        12000052020152          52          12       9057.0822
        12000350000021         350          12       17580.122
        12013934000868       13934          12       9057.0822
        14000121000021         121          14       4878.9333
        14011535000021       11535          14       11851.306
        15005499000021        5499          15       9057.0822
        16001313000021        1313          16       15249.361
        16002483000021        2483          16       47630.074
        17016492000021       16492          17       27875.674
        19001382000021        1382          19       27875.674
        19002198000021        2198          19       40550.286
        20006247004458        6247          20       15249.361
        20006247002585        6247          20       15249.361
        20006247004656        6247          20       15249.361
        20006247004672        6247          20       15249.361
        20006247004503        6247          20       9057.0822
        20006247002031        6247          20       9057.0822
        20006247004133        6247          20       9057.0822
        20006247000021        6247          20       165.00000
        20006255000021        6255          20       245.57692
        20006255001088        6255          20       9057.0822
        20006255001096        6255          20       9057.0822
        20006255001478        6255          20       9057.0822
        20006255001675        6255          20       9057.0822
        20006255001063        6255          20       15249.361
        21000623000074         623          21       9057.0822
        21000623000021         623          21       11851.306
        21001581000021        1581          21       17580.122
        22000069000021          69          22       4878.9333
        22003429001965        3429          22       5924.1429
        22003429000021        3429          22       165.00000
        22003429003564        3429          22       9057.0822
        22003429001973        3429          22       9057.0822
        22003429001987        3429          22       9057.0822
        22003429001990        3429          22       9057.0822
        22003429002193        3429          22       9057.0822
        22003429004883        3429          22       15249.361
        22003429002301        3429          22       15249.361
        22003429002510        3429          22       15249.361
        22003429002603        3429          22       15249.361
        22003429001997        3429          22       15249.361
        22003429002008        3429          22       15249.361
        22006110001062        6110          22       9057.0822
        22006110000073        6110          22       1018.9231
        23004102000021        4102          23       8071.4839
        27002028000021        2028          27       27875.674
        29000070009317          70          29       9057.0822
        31000002000021           2          31       17580.122
        34000016001448          16          34       15249.361
        34000016001458          16          34       15249.361
        34000016001815          16          34       9057.0822
        34000016001833          16          34       9057.0822
        34000016001247          16          34       9057.0822
        34000016000021          16          34       165.00000
        34000038000021          38          34       2939.3750
        34000038000345          38          34       9057.0822
        34010484007634       10484          34       9057.0822
        34010484008590       10484          34       9057.0822
        34010484011071       10484          34       9057.0822
        34010484009772       10484          34       11480.308
        34010484006554       10484          34       15249.361
        34010613000237       10613          34       11480.308
        34010613000021       10613          34       3460.7917
        35006883000021        6883          35       82.928571
        35006883004148        6883          35       9057.0822
        35006883002981        6883          35       15249.361
        35006883002992        6883          35       15249.361
        35006883003008        6883          35       15249.361
        35006883003021        6883          35       15249.361
        35006883003117        6883          35       15249.361
        35006883007133        6883          35       15249.361
        36008006000021        8006          36       11851.306
        37001074000021        1074          37       17580.122
        37015772000021       15772          37       27875.674
        38000056000021          56          38       1018.9231
        38000246000021         246          38       3460.7917
        38000246000102         246          38       15249.361
        38014455001384       14455          38       15249.361
        38014455001410       14455          38       15249.361
        38014455001528       14455          38       15249.361
        38014455001815       14455          38       15249.361
        38014455002036       14455          38       47630.074
        38014455000021       14455          38       165.00000
        38014455001232       14455          38       11480.308
        38014455003031       14455          38       9057.0822
        39009265007617        9265          39       9057.0822
        39009265006299        9265          39       245.57692
        39009265007342        9265          39       15249.361
        39009265007491        9265          39       15249.361
        42018962000021       18962          42       11480.308
        46002505000021        2505          46       8071.4839
        47002068015299        2068          47       11480.308
        47002068016077        2068          47       11480.308
        47002068008974        2068          47       9057.0822
        47002068015281        2068          47       9057.0822
        47002068009022        2068          47       15249.361
        47002068016119        2068          47       47630.074
        47002072002114        2072          47       15249.361
        47002072003503        2072          47       15249.361
        47002072003519        2072          47       15249.361
        47002072003532        2072          47       15249.361
        47002072003837        2072          47       9057.0822
        47002072001377        2072          47       11480.308
        49012198000021       12198          49       8071.4839
        49012918000021       12918          49       17580.122
        50014928000021       14928          50       2939.3750
        52000566000021         566          52       8071.4839
        53000119000021         119          53       1471.1176
        53001633000021        1633          53       40550.286
        53003762000021        3762          53       47630.074
        53020420000021       20420          53       27875.674
        54020886000021       20886          54       2939.3750
        54021083000021       21083          54       8071.4839
        54021720000021       21720          54       27875.674
        55001139000021        1139          55       17580.122
        56000006000975           6          56       15249.361
        56000006001062           6          56       15249.361
        56000006000021           6          56       245.57692
        56000006000890           6          56       9057.0822
        57013545000021       13545          57       27875.674
        62013392000021       13392          62       40550.286
        65004447000021        4447          65       47630.074
        67005138000021        5138          67       47630.074
        67014761005068       14761          67       15249.361
        67014761004451       14761          67       15249.361
        67014761004754       14761          67       15249.361
        67014761005053       14761          67       9057.0822
        68000005008852           5          68       11480.308
        68000005009585           5          68       15249.361
        68000005009948           5          68       47630.074
        69000030000350          30          69       15249.361
        69000030000021          30          69       1471.1176
        70001022000021        1022          70       17580.122
        71004896000021        4896          71       40550.286
        73014321000021       14321          73       2939.3750
        73014762000021       14762          73       8071.4839
        73015711000021       15711          73       17580.122
        75001153000021        1153          75       17580.122
        76000034001362          34          76       15249.361
        76000034000021          34          76       165.00000
        76004329000021        4329          76       47630.074
        77000100001048         100          77       47630.074
        77000100001030         100          77       47630.074
        77000100001066         100          77       40550.286
        77000100001226         100          77       47630.074
        77000100000021         100          77       165.00000
        77000100002426         100          77       11480.308
        77000100002077         100          77       11480.308
        77000100001379         100          77       9057.0822
        77000100001515         100          77       9057.0822
        77000100002254         100          77       9057.0822
        77000100002261         100          77       9057.0822
        77000100003012         100          77       9057.0822
        77000100005171         100          77       9057.0822
        77004827000021        4827          77       40550.286
        78019679000021       19679          78       4878.9333
        80011613000059       11613          80       9057.0822
        80011613000021       11613          80       17580.122
        80013443000021       13443          80       40550.286
        82000072001122          72          82       15249.361
        82000072001242          72          82       15249.361
        82000072000021          72          82       165.00000
        82003263000021        3263          82       40550.286
        82003455000021        3455          82       40550.286
        83000220000021         220          83       2939.3750
        84016830000021       16830          84       82.928571
        84016830003712       16830          84       15249.361
        84016830001976       16830          84       15249.361
        84016830002064       16830          84       15249.361
        84016830002158       16830          84       15249.361
        84016830002583       16830          84       47630.074
        86000267000223         267          86       15249.361
        86000267000021         267          86       3460.7917
        86000403000021         403          86       4878.9333
        88004352006143        4352          88       9057.0822
        88009614000021        9614          88       47630.074
        90004954000021        4954          90       27875.674
        93000114001312         114          93       15249.361
        93000114001283         114          93       11480.308
        93000114000021         114          93       245.57692
        94007488000021        7488          94       15249.361
        95000117010008         117          95       2939.3750
        95019157000021       19157          95       27875.674
        96000195000032         195          96       4878.9333
        97000178000021         178          97       3460.7917
        97001726000021        1726          97       27875.674
        97018898008463       18898          97       15249.361
        97018898009823       18898          97       15249.361
        97018898010403       18898          97       15249.361
        97018898010458       18898          97       15249.361
        97018898009254       18898          97       11480.308
        98000084000689          84          98       9057.0822
        98000084000695          84          98       15249.361
        98000084000706          84          98       15249.361
        98000084000851          84          98       15249.361
        98000084001590          84          98       15249.361
        98000084001602          84          98       15249.361
        98000084000659          84          98       9057.0822
        98000084000021          84          98       245.57692
        99000096000021          96          99       245.57692
       100000000011823           0         100       9057.0822
       100000000012370           0         100       9057.0822
       100000000012420           0         100       9057.0822
       100000000013030           0         100       9057.0822
       100000000011180           0         100       11480.308
       100012498000021       12498         100       9057.0822
       100018546000047       18546         100       9057.0822
       100018546000021       18546         100       27875.674
       101004571000021        4571         101       47630.074
       102003805000021        3805         102       40550.286
       102020469000021       20469         102       40550.286
       103001370000021        1370         103       27875.674
       104000016003410          16         104       15249.361
       104000016003056          16         104       15249.361
       104000016002920          16         104       15249.361
       104000016002901          16         104       15249.361
       104000016002868          16         104       9057.0822
       104000016002864          16         104       9057.0822
       104000016003247          16         104       9057.0822
       104000016003928          16         104       9057.0822
       104000016004705          16         104       11480.308
       104000016005335          16         104       9057.0822
       104000016010283          16         104       15249.361
       104000016000021          16         104       82.928571
       104000018000021          18         104       36.000000
       104000018004447          18         104       9057.0822
       104000188000021         188         104       4878.9333
       104003845000021        3845         104       40550.286
       104019802000021       19802         104       1471.1176
       104019934000021       19934         104       4878.9333
       105000117000021         117         105       3460.7917
       105007343000021        7343         105       11851.306
       109000144025283         144         109       82.928571
       109019071000057       19071         109       245.57692
       109019071000699       19071         109       9057.0822
       109019071001774       19071         109       9057.0822
       109019071001936       19071         109       9057.0822
       109019071000668       19071         109       9057.0822
       109019072001619       19072         109       15249.361
       109019072000021       19072         109       165.00000
       109019072001397       19072         109       47630.074
       110011289000021       11289         110       11851.306
       110011467000021       11467         110       11851.306
       111000104001175         104         111       15249.361
       111000104001263         104         111       9057.0822
       111000104000852         104         111       9057.0822
       111000104000021         104         111       245.57692
       111000129000245         129         111       3460.7917
       111006784000021        6784         111       3460.7917
       111006969000021        6969         111       11851.306
       112009511000021        9511         112       4878.9333
       112009511000123        9511         112       15249.361
       113013009000909       13009         113       15249.361
       113013009001000       13009         113       47630.074
       113013009001143       13009         113       47630.074
       113013009001163       13009         113       40550.286
       113013009003076       13009         113       47630.074
       113013009005733       13009         113       15249.361
       113013009000958       13009         113       15249.361
       113013009000976       13009         113       15249.361
       113013009001411       13009         113       15249.361
       113013009001428       13009         113       15249.361
       113013009001856       13009         113       15249.361
       113013009001882       13009         113       15249.361
       113013009000911       13009         113       11480.308
       113013009001904       13009         113       9057.0822
       113013009005353       13009         113       9057.0822
       115000113011856         113         115       9057.0822
       115000113011839         113         115       15249.361
       115000113010011         113         115       82.928571
       115000113011876         113         115       47630.074
       115000113011919         113         115       40550.286
       115000113011752         113         115       15249.361
       115000113011903         113         115       15249.361
       116017566000021       17566         116       47630.074
       119000073001831          73         119       15249.361
       119000073001613          73         119       2939.3750
       120000040000021          40         120       4878.9333
       120000683000021         683         120       40550.286
       122001407000021        1407         122       27875.674
       124009851000153        9851         124       4878.9333
       126003743000021        3743         126       245.57692
       126003743001329        3743         126       15249.361
       126003743001655        3743         126       15249.361
       126003743002479        3743         126       15249.361
       126003743005541        3743         126       15249.361
       126003743001386        3743         126       11480.308
       126003743001515        3743         126       11480.308
       126003743001538        3743         126       11480.308
       126003743001927        3743         126       9057.0822
       126003743002222        3743         126       9057.0822
       126003743001183        3743         126       9057.0822
       126003743001187        3743         126       9057.0822
       126003743001291        3743         126       9057.0822
       126003743001087        3743         126       9057.0822
       126003743001106        3743         126       15249.361
       126003743001097        3743         126       15249.361
       126003743001093        3743         126       15249.361
       126003743001090        3743         126       15249.361
       126004549000021        4549         126       11851.306
       126029127000021       29127         126       40550.286
       127000134000749         134         127       15249.361
       127000134001676         134         127       15249.361
       127000134001694         134         127       15249.361
       127000134004587         134         127       15249.361
       127000134006504         134         127       15249.361
       127000134000875         134         127       15249.361
       127000134000893         134         127       11480.308
       127000134000747         134         127       9057.0822
       127000134000897         134         127       9057.0822
       127000134001203         134         127       9057.0822
       127000134001559         134         127       9057.0822
       127000134001565         134         127       9057.0822
       127000134000021         134         127       245.57692
       127000134000884         134         127       5924.1429
       127000177001163         177         127       11851.306
       127016328000021       16328         127       8071.4839
       128000001000021           1         128       36.000000
       128000001004072           1         128       11480.308
       128000001008605           1         128       9057.0822
       128000001004081           1         128       9057.0822
       128000001004093           1         128       9057.0822
       128000001004099           1         128       9057.0822
       128000001003916           1         128       9057.0822
       128000001004102           1         128       15249.361
       128000001004407           1         128       15249.361
       128000001003926           1         128       15249.361
       128000001003943           1         128       15249.361
       128000001003936           1         128       15249.361
       128000001004116           1         128       47630.074
       128000303000021         303         128       17580.122
       130003557028709        3557         130       9057.0822
       130003557027329        3557         130       165.00000
       131005185000021        5185         131       17580.122
       133000089000021          89         133       1018.9231
       133000089000269          89         133       9057.0822
       135000886000021         886         135       47630.074
       135000980000021         980         135       40550.286
       135006571000021        6571         135       8071.4839
       137000032006651          32         137       11480.308
       137000032006049          32         137       47630.074
       137000032006029          32         137       15249.361
       139001640000021        1640         139       47630.074
       139008491001934        8491         139       40550.286
       139008491003740        8491         139       15249.361
       139008491002880        8491         139       9057.0822
       139008491000021        8491         139       82.928571
       141005428010391        5428         141       36.000000
       141005428013907        5428         141       9057.0822
       141005428013938        5428         141       15249.361
       141005428013960        5428         141       15249.361
       141005428013503        5428         141       15249.361
       142009152002431        9152         142       15249.361
       142009152003054        9152         142       15249.361
       142009152003147        9152         142       15249.361
       142009152001875        9152         142       15249.361
       142009152001893        9152         142       15249.361
       142009152002166        9152         142       15249.361
       142009152000805        9152         142       47630.074
       142009152000946        9152         142       47630.074
       142009152001865        9152         142       9057.0822
       142009152002745        9152         142       9057.0822
       142009152003044        9152         142       9057.0822
       142009152002414        9152         142       9057.0822
       142009152000021        9152         142       165.00000
       142010335000021       10335         142       11851.306
       143000590000021         590         143       27875.674
       143004687000083        4687         143       17580.122
       143007538000021        7538         143       40550.286
       143009418000021        9418         143       9057.0822
       145007102000133        7102         145       27875.674
       147012303000477       12303         147       27875.674
       148000039011102          39         148       15249.361
       148000039007844          39         148       9057.0822
       148000039011301          39         148       9057.0822
       148001607000021        1607         148       17580.122
       149000134000021         134         149       4878.9333
       149005469000021        5469         149       47630.074
       154000061008357          61         154       9057.0822
       154000061015819          61         154       9057.0822
       154000061013372          61         154       11480.308
       154000081000800          81         154       9057.0822
       154000081000021          81         154       1018.9231
       157009520000021        9520         157       165.00000
       157009520003100        9520         157       9057.0822
       157009520001339        9520         157       9057.0822
       157009520001608        9520         157       9057.0822
       157009520002121        9520         157       15249.361
       157009520001328        9520         157       15249.361
       157009520007772        9520         157       15249.361
       160000311000021         311         160       8071.4839
       161000046000021          46         161       245.57692
       161000046000879          46         161       9057.0822
       161000046000829          46         161       11480.308
       161000046000941          46         161       11480.308
       161000046000727          46         161       15249.361
       161000046000734          46         161       15249.361
       161000046000819          46         161       15249.361
       165001567000021        1567         165       27875.674
       165024837000021       24837         165       9057.0822
       168008691000021        8691         168       1018.9231
       168008691000461        8691         168       15249.361
       168008691000466        8691         168       15249.361
       169000043007709          43         169       15249.361
       169000043007685          43         169       47630.074
       170008492000021        8492         170       15249.361
       174000107000696         107         174       15249.361
       174000107000021         107         174       245.57692
       175004153000021        4153         175       40550.286
       176003378000021        3378         176       3460.7917
       177016826000021       16826         177       9057.0822
       179021204000870       21204         179       9057.0822
       179021204000913       21204         179       11480.308
       179021204000021       21204         179       245.57692
       182000810000021         810         182       17580.122
       183017827000021       17827         183       15249.361
       185015310001018       15310         185       15249.361
       185015310000932       15310         185       15249.361
       185015310000021       15310         185       245.57692
       185015310000929       15310         185       9057.0822
       185015310001011       15310         185       9057.0822
       185015329000231       15329         185       9057.0822
       185015329000021       15329         185       3460.7917
       186000110000021         110         186       165.00000
       186000110002222         110         186       9057.0822
       186000110002505         110         186       9057.0822
       186000110002695         110         186       9057.0822
       186000110001765         110         186       9057.0822
       186000110001913         110         186       9057.0822
       186000110001923         110         186       15249.361
       186000110002208         110         186       15249.361
       188003945009536        3945         188       47630.074
       188003945009691        3945         188       9057.0822
       188003945009340        3945         188       1471.1176
       188004434000438        4434         188       8071.4839
       188009184000021        9184         188       40550.286
       190000054004338          54         190       47630.074
       190000054004319          54         190       15249.361
       190000054004324          54         190       15249.361
       190000054004054          54         190       5924.1429
       190000054000021          54         190       36.000000
       190000054004336          54         190       9057.0822
       190000054004303          54         190       9057.0822
       190004185000811        4185         190       15249.361
       190005915000021        5915         190       17580.122
       190006957000021        6957         190       40550.286
       191024440000971       24440         191       15249.361
       191024440000981       24440         191       15249.361
       191024440000021       24440         191       245.57692
       192018262000021       18262         192       27875.674
       193017116000462       17116         193       15249.361
       193017116000021       17116         193       1471.1176
       193017116000479       17116         193       9057.0822
       194020585000021       20585         194       17580.122
       195000146000021         146         195       3460.7917
       196002830000021        2830         196       40550.286
       196010979000021       10979         196       9057.0822
       197003897000021        3897         197       40550.286
       198000174000271         174         198       15249.361
       198000174000294         174         198       9057.0822
       198000174000021         174         198       2939.3750
       199000199000021         199         199       3460.7917
       199000199000196         199         199       9057.0822
       200016217001102       16217         200       8071.4839
       201000136000021         136         201       3460.7917
       202016573000021       16573         202       40550.286
       204011686015455       11686         204       15249.361
       205000112001386         112         205       3460.7917
       205000112001595         112         205       9057.0822
       206014927000021       14927         206       47630.074
       209002052002966        2052         209       15249.361
       209002052004261        2052         209       15249.361
       209002052002554        2052         209       15249.361
       209002052002546        2052         209       9057.0822
       209002052002548        2052         209       9057.0822
       209002052002979        2052         209       9057.0822
       209002052003131        2052         209       9057.0822
       209002052003232        2052         209       9057.0822
       209002052002821        2052         209       9057.0822
       209002052002831        2052         209       9057.0822
       209002052004448        2052         209       9057.0822
       209002052004459        2052         209       9057.0822
       209002052004576        2052         209       11480.308
       209002052000345        2052         209       82.928571
       210004472014159        4472         210       11480.308
       210004472010715        4472         210       9057.0822
       210004472015386        4472         210       15249.361
       210004472010754        4472         210       15249.361
       210004472010808        4472         210       15249.361
       211000338022219         338         211       9057.0822
       213000142010676         142         213       9057.0822
       213000142010686         142         213       9057.0822
       213000142010722         142         213       9057.0822
       213000142011304         142         213       9057.0822
       213000190000397         190         213       9057.0822
       213000190000021         190         213       1471.1176
       213000190000332         190         213       15249.361
       214010848000021       10848         214       11851.306
       216006052000021        6052         216       8071.4839
       218005494000021        5494         218       82.928571
       218005494002392        5494         218       11480.308
       218005494002393        5494         218       9057.0822
       218005494002498        5494         218       9057.0822
       218005494002734        5494         218       15249.361
       218005494002739        5494         218       15249.361
       218005494002771        5494         218       15249.361
       218005494002800        5494         218       15249.361
       218005494002813        5494         218       15249.361
       218005494002819        5494         218       15249.361
       218005494003162        5494         218       15249.361
       218005494003484        5494         218       15249.361
       218005494005678        5494         218       15249.361
       218005513001972        5513         218       3460.7917
       218005536000021        5536         218       1471.1176
       219021362000021       21362         219       1471.1176
       222000124000021         124         222       3460.7917
       223000187011497         187         223       9057.0822
       223000187011746         187         223       9057.0822
       223000187012098         187         223       9057.0822
       223000187012479         187         223       9057.0822
       223000187013463         187         223       15249.361
       223000187015081         187         223       15249.361
       223000187011774         187         223       40550.286
       224000237000151         237         224       9057.0822
       224000237000021         237         224       3460.7917
       225000092000021          92         225       245.57692
       225000092001403          92         225       5924.1429
       225000092001229          92         225       9057.0822
       225000092001512          92         225       9057.0822
       225000092001518          92         225       15249.361
       225000092001896          92         225       15249.361
       225001102000021        1102         225       17580.122
       226000085016465          85         226       15249.361
       226000085015561          85         226       245.57692
       227000115010842         115         227       9057.0822
       227000115012242         115         227       15249.361
       227000115014122         115         227       15249.361
       227000116003343         116         227       15249.361
       227000116003017         116         227       15249.361
       227000116003032         116         227       15249.361
       227000116002994         116         227       47630.074
       227000116002989         116         227       9057.0822
       227000116003311         116         227       9057.0822
       227000116003345         116         227       11480.308
       227000116000021         116         227       36.000000
       227012785000021       12785         227       11851.306
       227013191000021       13191         227       17580.122
       228004994008733        4994         228       47630.074
       228004994016062        4994         228       15249.361
       228004994016066        4994         228       15249.361
       228004994015861        4994         228       15249.361
       228004994009233        4994         228       9057.0822
       228004994015979        4994         228       9057.0822
       228004994015986        4994         228       9057.0822
       228004994014858        4994         228       245.57692
       228016730000021       16730         228       15249.361
       229000696000021         696         229       40550.286
       229003195000086        3195         229       15249.361
       229003195000065        3195         229       9057.0822
       229003195000021        3195         229       11851.306
       230008105000021        8105         230       40550.286
       233002629000021        2629         233       27875.674
       235001600000021        1600         235       15249.361
       236007672000021        7672         236       11851.306
       239000136010257         136         239       9057.0822
       239000136011045         136         239       9057.0822
       239000136012162         136         239       15249.361
       239000136012790         136         239       15249.361
       239000136012863         136         239       47630.074
       239001076000021        1076         239       11851.306
       244004930045524        4930         244       9057.0822
       244004930046727        4930         244       15249.361
       244004930047958        4930         244       15249.361
       245000182002824         182         245       15249.361
       245000182006391         182         245       15249.361
       245000182003188         182         245       15249.361
       245000182002837         182         245       9057.0822
       245000182002961         182         245       9057.0822
       245000182005724         182         245       9057.0822
       245000182002821         182         245       9057.0822
       245000182000021         182         245       36.000000
       245001589000021        1589         245       17580.122
       246000124011482         124         246       15249.361
       246002458007359        2458         246       9057.0822
       246002470000021        2470         246       165.00000
       248004933000021        4933         248       47630.074
       252012643000021       12643         252       17580.122
       253019024000021       19024         253       9057.0822
       255020415000021       20415         255       2939.3750
       256001130000021        1130         256       17580.122
       257001133000021        1133         257       17580.122
       257002576000021        2576         257       17580.122
       258003276000021        3276         258       27875.674
       258016603000021       16603         258       9057.0822
       259001385000021        1385         259       1471.1176
       262010986000021       10986         262       27875.674
       265009396002800        9396         265       47630.074
       265009396001489        9396         265       47630.074
       265009396003165        9396         265       15249.361
       265009396003327        9396         265       15249.361
       265009396003832        9396         265       15249.361
       265009396000021        9396         265       165.00000
       265009396001559        9396         265       9057.0822
       265009396001720        9396         265       9057.0822
       265009396001461        9396         265       9057.0822
       265009396001460        9396         265       5924.1429
       265015965000021       15965         265       40550.286
       266011457000021       11457         266       47630.074
       269000114000021         114         269       8071.4839
       269005726000021        5726         269       27875.674
       273013123008214       13123         273       47630.074
       273013123008062       13123         273       15249.361
       273013123008082       13123         273       15249.361
       273013123008923       13123         273       15249.361
       273013123007670       13123         273       9057.0822
       273013123007682       13123         273       9057.0822
       273013123007688       13123         273       9057.0822
       273013123007779       13123         273       9057.0822
       273013123007781       13123         273       9057.0822
       273013123007787       13123         273       9057.0822
       273013123007797       13123         273       9057.0822
       273013123008604       13123         273       9057.0822
       273013123006247       13123         273       82.928571
       275010658000021       10658         275       47630.074
       276000077000021          77         276       3460.7917
       277000056001742          56         277       11480.308
       277000056001718          56         277       15249.361
       278005686000021        5686         278       15249.361
       278017209000021       17209         278       17580.122
       278017209000063       17209         278       9057.0822
       279000212000021         212         279       4878.9333
       281000064001032          64         281       9057.0822
       281000064001089          64         281       9057.0822
       281000064001125          64         281       9057.0822
       281000064000727          64         281       9057.0822
       281000064000021          64         281       1018.9231
       281000064000734          64         281       15249.361
       281000064000749          64         281       15249.361
       281000064000997          64         281       15249.361
       281000073000841          73         281       1471.1176
       281000073001108          73         281       9057.0822
       281000073001221          73         281       9057.0822
       281000073001243          73         281       9057.0822
       281000429000021         429         281       8071.4839
       281002826000021        2826         281       47630.074
       284000139000344         139         284       15249.361
       284000139000352         139         284       15249.361
       284000139000021         139         284       2939.3750
       284000139000341         139         284       11480.308
       286006332002387        6332         286       3460.7917
       287006738000021        6738         287       9057.0822
       288000297000089         297         288       9057.0822
       288000297000021         297         288       4878.9333
       289000571000021         571         289       17580.122
       289008840000021        8840         289       15249.361
       290000864000021         864         290       11851.306
       292000238000021         238         292       27875.674
       292009766000021        9766         292       40550.286
       294001563000021        1563         294       11851.306
       296003841085218        3841         296       15249.361
       296004595000021        4595         296       8071.4839
       296028057010839       28057         296       8071.4839
       297001907000021        1907         297       27875.674
       297003538000021        3538         297       40550.286
       301000221000021         221         301       4878.9333
       301000314000021         314         301       4878.9333
       302007336001631        7336         302       15249.361
       302007336003273        7336         302       15249.361
       303005901000021        5901         303       4878.9333
       303005901000142        5901         303       9057.0822
       303005982000021        5982         303       11851.306
       305000836000021         836         305       8071.4839
       305001581000021        1581         305       17580.122
       306002756000021        2756         306       27875.674
       306027223000021       27223         306       27875.674
       306028115000021       28115         306       15249.361
       309001140000169        1140         309       15249.361
       309001140000021        1140         309       1471.1176
       309003098000021        3098         309       40550.286
       310002684000021        2684         310       27875.674
       310009650000021        9650         310       47630.074
       310013166000021       13166         310       15249.361
       311001992000021        1992         311       8071.4839
       311011838000021       11838         311       47630.074
       312000056012660          56         312       9057.0822
       312000056013480          56         312       9057.0822
       312000056013591          56         312       9057.0822
       312000056014753          56         312       11480.308
       312022821000021       22821         312       245.57692
       312022821001107       22821         312       15249.361
       312022821001166       22821         312       15249.361
       312022821001453       22821         312       15249.361
       315000138000021         138         315       1018.9231
       315000138000591         138         315       9057.0822
       315012048000021       12048         315       11851.306
       317002383000047        2383         317       15249.361
       317002383000021        2383         317       40550.286
       317020862000021       20862         317       47630.074
       317020862000037       20862         317       15249.361
       317021239000021       21239         317       47630.074
       322004641000021        4641         322       2939.3750
       323007510000067        7510         323       9057.0822
       323007510000021        7510         323       11851.306
       325000076000687          76         325       11480.308
       325000076000912          76         325       9057.0822
       325000076000727          76         325       9057.0822
       325000076000021          76         325       1018.9231
       325000076000730          76         325       47630.074
       325000076000794          76         325       15249.361
       325010670000021       10670         325       17580.122
       329004913000021        4913         329       17580.122
       330000244000021         244         330       3460.7917
       330000244000096         244         330       9057.0822
       330000494000021         494         330       8071.4839
       330003160000021        3160         330       27875.674
       331001663000559        1663         331       15249.361
       331001663000021        1663         331       1471.1176
       331001663000754        1663         331       9057.0822
       333010414000021       10414         333       11851.306
       334006570000209        6570         334       11480.308
       334006570000182        6570         334       9057.0822
       334006570000021        6570         334       4878.9333
       335003649000021        3649         335       3460.7917
       335029601000021       29601         335       245.57692
       335029601001091       29601         335       9057.0822
       335029601001210       29601         335       9057.0822
       335029601000708       29601         335       15249.361
       336000029012976          29         336       15249.361
       336000029013468          29         336       9057.0822
       336000029013976          29         336       9057.0822
       336000029014034          29         336       9057.0822
       336003867000021        3867         336       40550.286
       340000061014749          61         340       15249.361
       340000061012306          61         340       15249.361
       340000061012269          61         340       15249.361
       340000061012325          61         340       9057.0822
       340000061012295          61         340       9057.0822
       340000061015117          61         340       9057.0822
       340021217003510       21217         340       9057.0822
       340021217003534       21217         340       9057.0822
       340021217003999       21217         340       9057.0822
       340021217000021       21217         340       82.928571
       340021217002797       21217         340       15249.361
       340021217003387       21217         340       15249.361
       341001499000021        1499         341       27875.674
       343005830000021        5830         343       47630.074
       346000091000021          91         346       1018.9231
       346000091000431          91         346       9057.0822
       347000127002883         127         347       9057.0822
       347000127001385         127         347       11480.308
       347000127000021         127         347       165.00000
       347000127001387         127         347       15249.361
       347000127001401         127         347       15249.361
       347000127003051         127         347       15249.361
       347000127003330         127         347       15249.361
       348009104010129        9104         348       15249.361
       348009104011610        9104         348       47630.074
       348009104014199        9104         348       9057.0822
       349000328000021         328         349       11851.306
       350013707000021       13707         350       40550.286
       351002126000021        2126         351       27875.674
       353000034000021          34         353       27875.674
       353005708000021        5708         353       47630.074
       353007076000021        7076         353       15249.361
       355010840001539       10840         355       15249.361
       355010840001557       10840         355       15249.361
       355010840001789       10840         355       15249.361
       355010840001798       10840         355       15249.361
       355010840001816       10840         355       15249.361
       355010840002167       10840         355       15249.361
       355010840002178       10840         355       15249.361
       355010840002822       10840         355       15249.361
       355010840002960       10840         355       15249.361
       355010840002845       10840         355       9057.0822
       355010840002152       10840         355       9057.0822
       355010840004379       10840         355       9057.0822
       355010840001437       10840         355       9057.0822
       355010840001438       10840         355       9057.0822
       355010840000021       10840         355       165.00000
       355010840001567       10840         355       5924.1429
       356014772000021       14772         356       4878.9333
       356018075000021       18075         356       47630.074
       358003907000021        3907         358       47630.074
       359000103012687         103         359       15249.361
       359000103012775         103         359       15249.361
       359000103012788         103         359       15249.361
       359000103012738         103         359       9057.0822
       359000103012757         103         359       9057.0822
       359000103011957         103         359       9057.0822
       359000103014566         103         359       9057.0822
       359015206000021       15206         359       40550.286
       360013905000021       13905         360       47630.074
       363002181000021        2181         363       17580.122
       363021581000455       21581         363       15249.361
       363021581000495       21581         363       9057.0822
       363021581001201       21581         363       9057.0822
       363021581000021       21581         363       1018.9231
       365000175000021         175         365       1471.1176
       365000175000315         175         365       9057.0822
       365000175000568         175         365       9057.0822
       365000494000021         494         365       8071.4839
       366001180000279        1180         366       8071.4839
       367014438000021       14438         367       1018.9231
       371010112000021       10112         371       1471.1176
       371010112000341       10112         371       9057.0822
       371010112000743       10112         371       15249.361
       372008571000021        8571         372       15249.361
       374000505000021         505         374       11851.306
       377019249000021       19249         377       27875.674
       378000917000021         917         378       17580.122
       381001526000021        1526         381       17580.122
       382018222000021       18222         382       15249.361
       383010135000021       10135         383       40550.286
       386000096001904          96         386       15249.361
       386000096002068          96         386       15249.361
       386000096001689          96         386       9057.0822
       386000096002105          96         386       9057.0822
       386000096000775          96         386       245.57692
       386020716013020       20716         386       15249.361
       386020745000021       20745         386       3460.7917
       387000098005264          98         387       4878.9333
       388000002000021           2         388       4878.9333
       388000259000145         259         388       8071.4839
       388009877000021        9877         388       3460.7917
       388009877000195        9877         388       9057.0822
       389001726000021        1726         389       17580.122
       390000580000021         580         390       17580.122
       390000580000057         580         390       9057.0822
       395000512000021         512         395       11851.306
       396006696000021        6696         396       27875.674
       396007983000021        7983         396       40550.286
       398003307000021        3307         398       47630.074
       400000565000021         565         400       17580.122
       400020524000021       20524         400       9057.0822
       404004207000021        4207         404       27875.674
       404007159000021        7159         404       9057.0822
       406002119001165        2119         406       27875.674
       407000570007000         570         407       9057.0822
       407000570008870         570         407       9057.0822
       407022695004339       22695         407       1018.9231
       407022695004785       22695         407       15249.361
       407023205000021       23205         407       11851.306
       407024367000021       24367         407       40550.286
       408000937000021         937         408       11851.306
       408000937000056         937         408       9057.0822
       408019323000021       19323         408       27875.674
       409000094002632          94         409       15249.361
       409000094002823          94         409       15249.361
       409000094002643          94         409       9057.0822
       409000094000021          94         409       82.928571
       409000318000021         318         409       4878.9333
       410000069005161          69         410       2939.3750
       410013376000021       13376         410       2939.3750
       410013376000281       13376         410       15249.361
       410013376000291       13376         410       15249.361
       410013376000494       13376         410       15249.361
       411000153003092         153         411       15249.361
       411000153000021         153         411       82.928571
       411000153003081         153         411       9057.0822
       411000153003105         153         411       9057.0822
       411000153002868         153         411       9057.0822
       411016630000021       16630         411       1471.1176
       411016630000425       16630         411       15249.361
       411016931000021       16931         411       8071.4839
       417000897000021         897         417       11851.306
       417023356000021       23356         417       47630.074
       417024323000021       24323         417       15249.361
       419000171000021         171         419       4878.9333
       420008606000021        8606         420       47630.074
       423000120003849         120         423       47630.074
       423000120004088         120         423       15249.361
       423000120003822         120         423       15249.361
       423000120003837         120         423       15249.361
       423000120004899         120         423       15249.361
       423000120007568         120         423       15249.361
       423000120003630         120         423       15249.361
       423000120005376         120         423       9057.0822
       423000120004105         120         423       9057.0822
       423000120004506         120         423       9057.0822
       423000120004706         120         423       9057.0822
       423000120000021         120         423       36.000000
       423009637000021        9637         423       3460.7917
       424013334000021       13334         424       8071.4839
       426018283000021       18283         426       17580.122
       427017269000021       17269         427       11851.306
       428000115000338         115         428       4878.9333
       429000104042828         104         429       36.000000
       429000104047241         104         429       9057.0822
       429000104047516         104         429       9057.0822
       429000104048241         104         429       9057.0822
       429000104046489         104         429       15249.361
       429000104046481         104         429       15249.361
       429000104047818         104         429       15249.361
       429000104046736         104         429       15249.361
       429000104046756         104         429       15249.361
       430008555000833        8555         430       15249.361
       430008555000882        8555         430       9057.0822
       430008555000021        8555         430       245.57692
       431000191002235         191         431       245.57692
       431000191003404         191         431       15249.361
       431000191003448         191         431       15249.361
       431000191003134         191         431       40550.286
       431006111000021        6111         431       47630.074
       435000526000021         526         435       8071.4839
       436000074005275          74         436       9057.0822
       436000074005884          74         436       9057.0822
       436000074007124          74         436       9057.0822
       436000074007138          74         436       15249.361
       436000074007753          74         436       15249.361
       436000074010443          74         436       15249.361
       436000074005939          74         436       15249.361
       436000074006688          74         436       15249.361
       436000074005868          74         436       15249.361
       436004156000021        4156         436       47630.074
       436017605000021       17605         436       2939.3750
       436024990000021       24990         436       15249.361
       438000129002976         129         438       15249.361
       438000129004296         129         438       15249.361
       438000129005943         129         438       15249.361
       438000129006133         129         438       15249.361
       438000129006293         129         438       15249.361
       438000129002502         129         438       15249.361
       438000129000021         129         438       36.000000
       438000129004309         129         438       9057.0822
       438000129002535         129         438       9057.0822
       438000129002534         129         438       9057.0822
       438000129002523         129         438       9057.0822
       438000129002510         129         438       11480.308
       438001088000138        1088         438       47630.074
       438025805000021       25805         438       17580.122
       439001256000021        1256         439       11851.306
       442004823000021        4823         442       27875.674
       442005172000021        5172         442       40550.286
       442005910000021        5910         442       40550.286
       443000239000213         239         443       11480.308
       447001159000021        1159         447       47630.074
       450002199000021        2199         450       4878.9333
       454000111001096         111         454       9057.0822
       454000111001107         111         454       9057.0822
       454000111000738         111         454       9057.0822
       454000111000021         111         454       245.57692
       454000111000723         111         454       15249.361
       455000528000021         528         455       8071.4839
       456000398000021         398         456       8071.4839
       457000088000803          88         457       9057.0822
       457000088001309          88         457       9057.0822
       457000088000021          88         457       245.57692
       457000088001201          88         457       15249.361
       463000037000111          37         463       15249.361
       463000037000067          37         463       11851.306
       463011303000021       11303         463       47630.074
       466018216003766       18216         466       15249.361
       466018216003793       18216         466       15249.361
       466018216004297       18216         466       11480.308
       466018216000049       18216         466       82.928571
       466018216004925       18216         466       9057.0822
       466018216004286       18216         466       9057.0822
       466018216002553       18216         466       9057.0822
       466018216003450       18216         466       9057.0822
       467000112001176         112         467       9057.0822
       467000112001190         112         467       9057.0822
       467000112001344         112         467       9057.0822
       467000112000085         112         467       245.57692
       467000112001681         112         467       15249.361
       467000278000021         278         467       4878.9333
       469003385000021        3385         469       2939.3750
       469003385000368        3385         469       15249.361
       469003698000021        3698         469       4878.9333
       470002640000021        2640         470       40550.286
       470004017000021        4017         470       40550.286
       471023869000426       23869         471       15249.361
       471023869000352       23869         471       8071.4839
       471024721000021       24721         471       27875.674
       473000101004557         101         473       15249.361
       473000101002507         101         473       15249.361
       473000101002495         101         473       15249.361
       473000101002847         101         473       15249.361
       473000101003002         101         473       15249.361
       473000101003788         101         473       15249.361
       473000101003804         101         473       15249.361
       473000101004204         101         473       15249.361
       473000101004390         101         473       15249.361
       473000101007310         101         473       15249.361
       473000101008232         101         473       15249.361
       473000101002855         101         473       9057.0822
       473000101002494         101         473       9057.0822
       473000101000021         101         473       36.000000
       475020602000021       20602         475       8071.4839
       476000332000021         332         476       4878.9333
       476000332000196         332         476       9057.0822
       477008157008159        8157         477       9057.0822
       477008157010603        8157         477       9057.0822
       477008157010631        8157         477       15249.361
       478003899007937        3899         478       15249.361
       478003899005758        3899         478       15249.361
       478003899001973        3899         478       15249.361
       478003899001992        3899         478       15249.361
       478003899002124        3899         478       15249.361
       478003899002544        3899         478       15249.361
       478003899006257        3899         478       9057.0822
       478003899004152        3899         478       9057.0822
       478003899004174        3899         478       9057.0822
       478003899004654        3899         478       9057.0822
       478003899002128        3899         478       9057.0822
       478003899002140        3899         478       9057.0822
       478003899001964        3899         478       9057.0822
       478003899002145        3899         478       5924.1429
       478003899000021        3899         478       165.00000
       480000398000021         398         480       8071.4839
       480001054000059        1054         480       9057.0822
       480001054000067        1054         480       9057.0822
       480001054000021        1054         480       11851.306
       482029534000021       29534         482       9057.0822
       483001996000021        1996         483       27875.674
       486015632000021       15632         486       4878.9333
       488000431000021         431         488       11851.306
       489000201000021         201         489       2939.3750
       489001001000021        1001         489       17580.122
       489003436000021        3436         489       27875.674
       489020626000021       20626         489       4878.9333
       489020626000139       20626         489       9057.0822
       494004266000021        4266         494       47630.074
       495003332000021        3332         495       40550.286
       495014919000021       14919         495       15249.361
       499009318000021        9318         499       11851.306
       500000080010467          80         500       11480.308
       500000080009876          80         500       9057.0822
       500000080010455          80         500       9057.0822
       500000080011057          80         500       15249.361
       500000080011081          80         500       15249.361
       500000080012998          80         500       15249.361
       500000080014402          80         500       15249.361
       500000080015592          80         500       47630.074
       500000081002281          81         500       47630.074
       500000081001328          81         500       40550.286
       500000081005363          81         500       9057.0822
       500000081001464          81         500       9057.0822
       500000081000021          81         500       165.00000
       500013361000021       13361         500       82.928571
       500013361001890       13361         500       9057.0822
       500013361002453       13361         500       15249.361
       500016862000021       16862         500       40550.286
       504001079000021        1079         504       27875.674
       505003111000021        3111         505       47630.074
       506000622000021         622         506       27875.674
       506004799000021        4799         506       47630.074
       506020268000021       20268         506       3460.7917
       507000118000021         118         507       36.000000
       507001534000021        1534         507       17580.122
       507001824000021        1824         507       17580.122
       508000135000861         135         508       15249.361
       508000135001018         135         508       15249.361
       508000135001339         135         508       15249.361
       508000135000021         135         508       1018.9231
       508000135001320         135         508       9057.0822
       508000135000687         135         508       9057.0822
       508000164000021         164         508       1471.1176
       508000164000646         164         508       15249.361
       508000344000021         344         508       4878.9333
