         299
         3011741000035       11741           3       20109.128
         4000003006078           3           4       14363.250
         4000162000135         162           4       20109.128
         7000098002959          98           7       14363.250
        10000060000035          60          10       3119.3333
        11000080086511          80          11       4594.2143
        12000066001089          66          12       14363.250
        12013924000865       13924          12       116598.08
        13000040010422          40          13       38414.955
        13020506001370       20506          13       5000.0000
        16013347000035       13347          16       9620.7857
        17001484000035        1484          17       38414.955
        20000000076106           0          20       9620.7857
        20000005000035           5          20       24.083333
        21000064001331          64          21       49.625000
        22003426009751        3426          22       20109.128
        22003459000509        3459          22       14363.250
        23003330091880        3330          23       38414.955
        23006519000035        6519          23       116598.08
        25005415007739        5415          25       882.84615
        25005467000347        5467          25       20109.128
        25006402000517        6402          25       882.84615
        27000106000035         106          27       49.625000
        27000179000122         179          27       897343.80
        28000063000035          63          28       49.625000
        29000001000287           1          29       116598.08
        34010544000457       10544          34       14363.250
        35006883008813        6883          35       24.083333
        37014958000035       14958          37       116598.08
        38014459001679       14459          38       9620.7857
        39009267000035        9267          39       49.625000
        42006819000035        6819          42       280.78571
        44000352000090         352          44       116598.08
        45000247000110         247          45       14363.250
        46002105000128        2105          46       49.625000
        47002068009763        2068          47       280.78571
        48000021013145          21          48       49.625000
        48000021016578          21          48       882.84615
        48000091000035          91          48       9620.7857
        49000003000035           3          49       280.78571
        51000164000035         164          51       882.84615
        54000065037944          65          54       3119.3333
        56000859000035         859          56       20109.128
        57000066002426          66          57       5000.0000
        57000176000381         176          57       14363.250
        59028348003736       28348          59       14363.250
        62010463000136       10463          62       9620.7857
        64002602000035        2602          64       116598.08
        68000010002180          10          68       4594.2143
        71000235000576         235          71       116598.08
        72000199000035         199          72       9620.7857
        73014261000035       14261          73       280.78571
        73015965000035       15965          73       38414.955
        74004916000239        4916          74       4594.2143
        78000111035234         111          78       5000.0000
        78000115004430         115          78       897343.80
        81010846000035       10846          81       20109.128
        83000081000282          81          83       280.78571
        85000326000035         326          85       9620.7857
        86022294000035       22294          86       38414.955
        89003401004647        3401          89       3119.3333
        89003429000035        3429          89       882.84615
        90001138004429        1138          90       9620.7857
        90001180000160        1180          90       3119.3333
        91000433000035         433          91       9620.7857
        92000096000941          96          92       20109.128
        93000111002977         111          93       14363.250
        94000192000035         192          94       4594.2143
        95000127000035         127          95       280.78571
        97000167000497         167          97       38414.955
        97000448000035         448          97       9620.7857
        98000077002457          77          98       4594.2143
       104000020000035          20         104       49.625000
       104000108000292         108         104       14363.250
       106000106005820         106         106       4594.2143
       109000144000035         144         109       49.625000
       109000145002867         145         109       49.625000
       109000146003563         146         109       4594.2143
       109019364000035       19364         109       14363.250
       115000125004294         125         115       116598.08
       115000128000406         128         115       20109.128
       116010523000132       10523         116       38414.955
       118000186000035         186         118       9620.7857
       121000164000104         164         121       14363.250
       122000133000035         133         122       882.84615
       124009589003919        9589         124       24.083333
       126010047005874       10047         126       24.083333
       127000136005146         136         127       116598.08
       127000154000431         154         127       5000.0000
       127015934000035       15934         127       24.083333
       130003558014566        3558         130       4594.2143
       131003568007043        3568         131       14363.250
       132000043008739          43         132       5000.0000
       133000073000035          73         133       49.625000
       135000517000059         517         135       897343.80
       135006171000763        6171         135       14363.250
       138001174000035        1174         138       14363.250
       138002049000035        2049         138       20109.128
       139008493009498        8493         139       49.625000
       142009157000035        9157         142       24.083333
       142009578000224        9578         142       38414.955
       147000108000167         108         147       9620.7857
       148000043003805          43         148       5000.0000
       148000186000035         186         148       5000.0000
       152019675000035       19675         152       20109.128
       153000068001235          68         153       5000.0000
       153017368000035       17368         153       20109.128
       158006413000139        6413         158       24.083333
       159000089000035          89         159       9620.7857
       162020764058828       20764         162       20109.128
       163016727000059       16727         163       38414.955
       165000085000539          85         165       20109.128
       167000149000035         149         167       14363.250
       168000030000035          30         168       882.84615
       170000066018093          66         170       280.78571
       170001601000035        1601         170       20109.128
       171003923012262        3923         171       5000.0000
       172026702000035       26702         172       14363.250
       174000099010876          99         174       280.78571
       174024446000035       24446         174       116598.08
       180000076002553          76         180       20109.128
       180023275003264       23275         180       49.625000
       181000173000035         173         181       5000.0000
       184012626012686       12626         184       5000.0000
       185000127000543         127         185       38414.955
       188004739000035        4739         188       20109.128
       190004177059532        4177         190       20109.128
       191000120000035         120         191       24.083333
       192000083000916          83         192       38414.955
       192016720000325       16720         192       38414.955
       194000109000548         109         194       38414.955
       194019454000035       19454         194       882.84615
       196001102000035        1102         196       20109.128
       196016173001141       16173         196       20109.128
       198000106001001         106         198       116598.08
       200000075003218          75         200       38414.955
       204011665000035       11665         204       49.625000
       204011686027343       11686         204       5000.0000
       206027131001266       27131         206       5000.0000
       210000071000035          71         210       49.625000
       212000035000035          35         212       280.78571
       213000149004389         149         213       3119.3333
       214009751003379        9751         214       116598.08
       217000087003133          87         217       20109.128
       217005267000065        5267         217       116598.08
       218005494019387        5494         218       38414.955
       218029627000035       29627         218       20109.128
       221005449001361        5449         221       20109.128
       222003938000035        3938         222       280.78571
       226000440000035         440         226       14363.250
       231001041008900        1041         231       20109.128
       231027398002407       27398         231       4594.2143
       232000070016151          70         232       14363.250
       233000168001362         168         233       116598.08
       234000109001076         109         234       5000.0000
       234000112001292         112         234       5000.0000
       241008847008782        8847         241       20109.128
       241008850000035        8850         241       49.625000
       243010931006645       10931         243       20109.128
       243010936003620       10936         243       116598.08
       244000068011890          68         244       9620.7857
       244000078000633          78         244       14363.250
       246002458000035        2458         246       24.083333
       247000153000035         153         247       49.625000
       249011807056733       11807         249       5000.0000
       256000016000035          16         256       280.78571
       257000112000339         112         257       20109.128
       259000088000128          88         259       9620.7857
       262009339000338        9339         262       38414.955
       263001148005573        1148         263       3119.3333
       263022690001568       22690         263       5000.0000
       264011496008788       11496         264       9620.7857
       264011498000587       11498         264       882.84615
       265000027023539          27         265       38414.955
       265009474000748        9474         265       14363.250
       266001973000137        1973         266       38414.955
       267001681000035        1681         267       3119.3333
       270000102000035         102         270       4594.2143
       271010905000072       10905         271       38414.955
       273013122066101       13122         273       38414.955
       273013128004514       13128         273       9620.7857
       278000090000391          90         278       897343.80
       282000209000123         209         282       38414.955
       285006842010780        6842         285       9620.7857
       285006994000035        6994         285       20109.128
       295002673000035        2673         295       9620.7857
       296000097003332          97         296       20109.128
       296028113000035       28113         296       9620.7857
       306000180000035         180         306       4594.2143
       308003748000081        3748         308       116598.08
       309001072001896        1072         309       5000.0000
       310000305000035         305         310       9620.7857
       310000513000193         513         310       38414.955
       318000398000035         398         318       14363.250
       320007015032992        7015         320       20109.128
       322000036000680          36         322       20109.128
       322004577000257        4577         322       5000.0000
       327019878005800       19878         327       20109.128
       333009597001396        9597         333       38414.955
       335003508000035        3508         335       24.083333
       335003558000035        3558         335       882.84615
       337000154002290         154         337       20109.128
       338000063000035          63         338       49.625000
       341000135001720         135         341       38414.955
       345000078003308          78         345       5000.0000
       349011437000035       11437         349       5000.0000
       352013033000074       13033         352       116598.08
       354010925000035       10925         354       5000.0000
       358000209000092         209         358       116598.08
       360000039037813          39         360       20109.128
       361000220000133         220         361       38414.955
       361009810000702        9810         361       4594.2143
       361009815001540        9815         361       38414.955
       361009822001451        9822         361       38414.955
       366000115001802         115         366       14363.250
       368000030001432          30         368       38414.955
       370004413000821        4413         370       280.78571
       374000120030508         120         374       116598.08
       377000080000035          80         377       24.083333
       377000091001791          91         377       5000.0000
       377018167000114       18167         377       38414.955
       378000117000035         117         378       49.625000
       381000224000924         224         381       14363.250
       382004458000035        4458         382       38414.955
       386000028001078          28         386       38414.955
       388000049067027          49         388       882.84615
       388000049003740          49         388       24.083333
       389000695000430         695         389       20109.128
       389001270000035        1270         389       20109.128
       391001689000035        1689         391       897343.80
       397011214000447       11214         397       38414.955
       399012861000199       12861         399       116598.08
       405000197001160         197         405       14363.250
       408000104001894         104         408       3119.3333
       408018565007936       18565         408       20109.128
       409010916000112       10916         409       5000.0000
       411000164001236         164         411       882.84615
       411000165095567         165         411       116598.08
       411016605000853       16605         411       38414.955
       413001628000035        1628         413       20109.128
       414000085000168          85         414       20109.128
       414000105000513         105         414       14363.250
       416000116000421         116         416       20109.128
       418000064007470          64         418       20109.128
       418000092002957          92         418       9620.7857
       418001786001973        1786         418       20109.128
       420002693001000        2693         420       4594.2143
       421006369002492        6369         421       3123774.0
       424013191000962       13191         424       116598.08
       425000076000035          76         425       280.78571
       425000089000518          89         425       3119.3333
       425019679023171       19679         425       14363.250
       426000432000078         432         426       38414.955
       427000277000035         277         427       5000.0000
       428016724000113       16724         428       14363.250
       429016469000035       16469         429       49.625000
       429016499000035       16499         429       20109.128
       430000088000035          88         430       280.78571
       430012260000035       12260         430       116598.08
       431000184006152         184         431       49.625000
       432000105001479         105         432       20109.128
       434000078000961          78         434       9620.7857
       435022743000035       22743         435       49.625000
       436000122001166         122         436       38414.955
       436017525001433       17525         436       14363.250
       441000938000035         938         441       38414.955
       442000085002783          85         442       5000.0000
       446011849000035       11849         446       882.84615
       449001564000156        1564         449       38414.955
       452000099000077          99         452       14363.250
       453000037021483          37         453       49.625000
       453001368000035        1368         453       38414.955
       454000110001327         110         454       9620.7857
       460001769000035        1769         460       38414.955
       461002340000035        2340         461       38414.955
       462025296000035       25296         462       14363.250
       464001496004499        1496         464       9620.7857
       465000186000035         186         465       20109.128
       465012256002946       12256         465       49.625000
       468001491002838        1491         468       5000.0000
       470000210000335         210         470       38414.955
       471024015000035       24015         471       14363.250
       475000132000240         132         475       14363.250
       476000113000318         113         476       14363.250
       478004082000035        4082         478       9620.7857
       479002978000035        2978         479       14363.250
       480000056019389          56         480       38414.955
       481002283000035        2283         481       20109.128
       482023433020288       23433         482       49.625000
       484000967000035         967         484       38414.955
       486000554000035         554         486       116598.08
       487015753002868       15753         487       4594.2143
       489021160000035       21160         489       20109.128
       499000228000034         228         499       20109.128
       499008691000778        8691         499       38414.955
       503000539000035         539         503       9620.7857
       504000143000378         143         504       116598.08
       504000194000035         194         504       9620.7857
       508001222000035        1222         508       14363.250
