         487
         6000490000116         490           6       21884.278
        10000036021714          36          10       20217.833
        10000036019241          36          10       20217.833
        10000036019256          36          10       20217.833
        10000036019283          36          10       20217.833
        10000036019296          36          10       20217.833
        10000036019297          36          10       20217.833
        10000036019300          36          10       20217.833
        10000036004461          36          10       11.636364
        10000036019301          36          10       22262.583
        10000036019276          36          10       47163.121
        10000036019232          36          10       47163.121
        10000036019303          36          10       119523.79
        10000036019331          36          10       119523.79
        15001094000009        1094          15       43648.933
        18001176005463        1176          18       47163.121
        18001176000009        1176          18       112.33333
        18001176005026        1176          18       10708.800
        18001176005957        1176          18       20217.833
        18001176005383        1176          18       20217.833
        18001176005016        1176          18       20217.833
        18001177010267        1177          18       10188.429
        20000002008669           2          20       20217.833
        20000002000009           2          20       28.571429
        20000002008230           2          20       20217.833
        20000002007398           2          20       20217.833
        20000002006887           2          20       47163.121
        20000002006908           2          20       22262.583
        20010446000009       10446          20       51112.333
        22019344004094       19344          22       22262.583
        22019344000296       19344          22       256.44444
        26009207000009        9207          26       10188.429
        27018062000009       18062          27       80148.909
        30006782000009        6782          30       51112.333
        30006782000059        6782          30       47163.121
        33000045000009          45          33       1769.8000
        33000045000933          45          33       20217.833
        33016598000009       16598          33       80148.909
        35000129000009         129          35       6542.3846
        36009733000060        9733          36       20217.833
        36009733000009        9733          36       51112.333
        39009274000860        9274          39       47163.121
        39009274000009        9274          39       1769.8000
        39009552000009        9552          39       10188.429
        44007147000009        7147          44       80148.909
        47002070009043        2070          47       22262.583
        47002070008270        2070          47       22262.583
        47002070008305        2070          47       22262.583
        47002070009689        2070          47       22262.583
        47002070008274        2070          47       47163.121
        47002070000009        2070          47       28.571429
        47002070008570        2070          47       20217.833
        47002070009033        2070          47       20217.833
        47002070008546        2070          47       20217.833
        47002070008560        2070          47       20217.833
        47002070009014        2070          47       20217.833
        50014871004007       14871          50       20217.833
        50014871000009       14871          50       256.44444
        51000210000009         210          51       7098.8571
        52000176000009         176          52       6542.3846
        52019668000009       19668          52       80148.909
        53000082000009          82          53       256.44444
        53000082005491          82          53       20217.833
        54023628000009       23628          54       119523.79
        55017821000009       17821          55       51112.333
        56000000014095           0          56       1769.8000
        56002486000009        2486          56       80148.909
        58001240000009        1240          58       21884.278
        62000072000009          72          62       437.18182
        62000072001071          72          62       47163.121
        69009347000009        9347          69       6542.3846
        69009837000009        9837          69       21884.278
        70002267000009        2267          70       51112.333
        71000950000009         950          71       21884.278
        71023150000009       23150          71       80148.909
        84017224002136       17224          84       47163.121
        84017224002130       17224          84       20217.833
        84017224000711       17224          84       1769.8000
        86000881000009         881          86       16972.143
        87001885000009        1885          87       43648.933
        90001137003760        1137          90       47163.121
        90001137000009        1137          90       256.44444
        92000218000773         218          92       47163.121
        92008542000009        8542          92       119523.79
        95000122001861         122          95       119523.79
        95000122000009         122          95       437.18182
        97000430000009         430          97       10188.429
        97008440000009        8440          97       20217.833
        99000036000009          36          99       7098.8571
        99012614000009       12614          99       43648.933
       101002302000009        2302         101       51112.333
       101002302000042        2302         101       20217.833
       103000102015724         102         103       20217.833
       103000102015158         102         103       10708.800
       103000102000724         102         103       11.636364
       103000102015181         102         103       47163.121
       103000102015731         102         103       47163.121
       104000016072860          16         104       47163.121
       104000016072835          16         104       47163.121
       104000016072747          16         104       47163.121
       104000016069748          16         104       47163.121
       104000016071704          16         104       47163.121
       104000016070127          16         104       22262.583
       104000016054570          16         104       11.636364
       104000016070550          16         104       20217.833
       104000016069734          16         104       20217.833
       104000016068784          16         104       20217.833
       104000016069738          16         104       20217.833
       104000016072720          16         104       20217.833
       104000016070922          16         104       20217.833
       104019947000009       19947         104       6542.3846
       108003428000009        3428         108       11.636364
       108003428027045        3428         108       20217.833
       108003428014205        3428         108       20217.833
       108003428014219        3428         108       20217.833
       108003428014220        3428         108       20217.833
       108003428027083        3428         108       20217.833
       108003428014209        3428         108       22262.583
       108003428014218        3428         108       22262.583
       108003428027027        3428         108       47163.121
       108003428014235        3428         108       47163.121
       108003428027068        3428         108       47163.121
       108003428027076        3428         108       47163.121
       108004040000009        4040         108       16972.143
       109003287000009        3287         109       80148.909
       109005673000009        5673         109       119523.79
       114015154000009       15154         114       16972.143
       119001800000009        1800         119       43648.933
       122003732000009        3732         122       80148.909
       125012239000009       12239         125       43648.933
       126007473000009        7473         126       51112.333
       126029844000009       29844         126       119523.79
       127000160000970         160         127       47163.121
       127000160000009         160         127       1808.6667
       127021733000009       21733         127       119523.79
       130003557009598        3557         130       47163.121
       130003557009320        3557         130       47163.121
       130003557009321        3557         130       22262.583
       130003557000009        3557         130       28.571429
       130003557009644        3557         130       20217.833
       130003557009654        3557         130       20217.833
       130003560009209        3560         130       20217.833
       130003560008836        3560         130       20217.833
       130003560008852        3560         130       20217.833
       130003560007206        3560         130       20217.833
       130003560007197        3560         130       20217.833
       130003560007187        3560         130       20217.833
       130003560000009        3560         130       28.571429
       130003560009438        3560         130       22262.583
       135016235000009       16235         135       47163.121
       136008601000009        8601         136       51112.333
       139000231000009         231         139       16972.143
       139000231000131         231         139       20217.833
       139008498000009        8498         139       256.44444
       139008498002387        8498         139       47163.121
       143000347000009         347         143       21884.278
       148001565000009        1565         148       21884.278
       149027593000009       27593         149       119523.79
       153002499000009        2499         153       80148.909
       153003557000009        3557         153       80148.909
       155000152000009         152         155       1808.6667
       160000755000009         755         160       43648.933
       161000065000706          65         161       47163.121
       161000065000009          65         161       1808.6667
       163017200000009       17200         163       21884.278
       164000038010157          38         164       20217.833
       164000038008734          38         164       20217.833
       164000038008717          38         164       20217.833
       164000038008716          38         164       20217.833
       164000038008714          38         164       20217.833
       164000038009399          38         164       20217.833
       164000038009689          38         164       20217.833
       164000038009377          38         164       20217.833
       164000038000174          38         164       28.571429
       164000038009679          38         164       47163.121
       164000038010144          38         164       22262.583
       164000038009394          38         164       22262.583
       164000038009726          38         164       119523.79
       166007153000365        7153         166       47163.121
       166007153000009        7153         166       4092.0000
       168008668000009        8668         168       28.571429
       168008668012854        8668         168       20217.833
       168008668011360        8668         168       20217.833
       168008668009790        8668         168       47163.121
       168008668009536        8668         168       22262.583
       168008668010459        8668         168       47163.121
       169004542000009        4542         169       80148.909
       170001896000009        1896         170       51112.333
       170002647000009        2647         170       51112.333
       175000155008424         155         175       47163.121
       175000155008086         155         175       47163.121
       175000155007239         155         175       119523.79
       175000155008412         155         175       20217.833
       175000155007232         155         175       20217.833
       175000155007224         155         175       20217.833
       175000155000009         155         175       112.33333
       181000082000009          82         181       28.571429
       181000082012354          82         181       20217.833
       181000082012075          82         181       20217.833
       181000082014708          82         181       20217.833
       181000082012750          82         181       47163.121
       181000082012362          82         181       22262.583
       181000082012717          82         181       47163.121
       181000082013986          82         181       47163.121
       181000082015848          82         181       47163.121
       181000082012367          82         181       47163.121
       181000137000116         137         181       1808.6667
       183011264000009       11264         183       1808.6667
       185003396000073        3396         185       112.33333
       185003396006743        3396         185       20217.833
       185003396006744        3396         185       20217.833
       185003396006747        3396         185       20217.833
       185003396009439        3396         185       20217.833
       185003396010513        3396         185       47163.121
       185003396006948        3396         185       22262.583
       185003396007857        3396         185       47163.121
       187002169000009        2169         187       80148.909
       187002757000009        2757         187       80148.909
       190004181015934        4181         190       119523.79
       193017119000799       17119         193       47163.121
       193017119000119       17119         193       1808.6667
       194000307000009         307         194       10188.429
       195010377000009       10377         195       51112.333
       198000947000009         947         198       21884.278
       198020589000009       20589         198       43648.933
       199000205000009         205         199       7098.8571
       200016210000009       16210         200       1808.6667
       201011836000009       11836         201       43648.933
       203015785000009       15785         203       80148.909
       204000035000009          35         204       256.44444
       204000035003218          35         204       20217.833
       204011663010748       11663         204       20217.833
       204011663011283       11663         204       20217.833
       204011663000009       11663         204       11.636364
       204011663010763       11663         204       47163.121
       204011663010723       11663         204       47163.121
       207001642000009        1642         207       21884.278
       209002053004844        2053         209       20217.833
       209002053005175        2053         209       20217.833
       209002053004772        2053         209       20217.833
       209002053004770        2053         209       20217.833
       209002053004757        2053         209       20217.833
       209002053000009        2053         209       112.33333
       209002053005013        2053         209       47163.121
       212024626000009       24626         212       20217.833
       220009391000009        9391         220       4092.0000
       220009391000702        9391         220       47163.121
       222003930005785        3930         222       47163.121
       222003930000009        3930         222       112.33333
       222003930005703        3930         222       20217.833
       222003930005780        3930         222       20217.833
       222003930006342        3930         222       20217.833
       222003931006758        3931         222       20217.833
       222003931008786        3931         222       20217.833
       222003931000009        3931         222       112.33333
       222003931006773        3931         222       10708.800
       223001518000009        1518         223       21884.278
       224000068013651          68         224       22262.583
       224000068013897          68         224       47163.121
       224000068010634          68         224       256.44444
       224019625000009       19625         224       1808.6667
       226000412000161         412         226       43648.933
       227002217000009        2217         227       51112.333
       230002926000009        2926         230       4092.0000
       231001037000009        1037         231       11.636364
       231001037009579        1037         231       20217.833
       231001037012694        1037         231       20217.833
       231001037010127        1037         231       20217.833
       231001037010139        1037         231       20217.833
       231001037011035        1037         231       20217.833
       231001037010106        1037         231       20217.833
       231001037011082        1037         231       119523.79
       231001037009592        1037         231       47163.121
       231001037011055        1037         231       22262.583
       231001037010083        1037         231       47163.121
       231001340000009        1340         231       6542.3846
       237014736000009       14736         237       10188.429
       239000399013576         399         239       20217.833
       239000399005026         399         239       28.571429
       239000399014872         399         239       20217.833
       239000399013918         399         239       20217.833
       239022469003134       22469         239       20217.833
       239022469000009       22469         239       256.44444
       240000197000009         197         240       10188.429
       240012527000009       12527         240       21884.278
       246002476002314        2476         246       20217.833
       246002476000009        2476         246       437.18182
       248018399000009       18399         248       437.18182
       250000143000704         143         250       112.33333
       254000866000009         866         254       21884.278
       257000033008555          33         257       47163.121
       257000033010350          33         257       47163.121
       257000033010328          33         257       47163.121
       257000033000009          33         257       28.571429
       257000033009386          33         257       20217.833
       257000033008284          33         257       20217.833
       257000033009763          33         257       20217.833
       257000033008546          33         257       20217.833
       260002070000009        2070         260       7098.8571
       265009395000009        9395         265       28.571429
       265009395011005        9395         265       20217.833
       265009395012734        9395         265       10708.800
       265009395010755        9395         265       47163.121
       265009395012054        9395         265       47163.121
       265016205000009       16205         265       80148.909
       266003522000009        3522         266       43648.933
       272000437000009         437         272       21884.278
       272010113000009       10113         272       4092.0000
       272010113000483       10113         272       20217.833
       273001401000009        1401         273       80148.909
       275006256000009        6256         275       16972.143
       276000000011278           0         276       10708.800
       276000000000009           0         276       11.636364
       276000000012744           0         276       20217.833
       276000000015798           0         276       20217.833
       276000000011272           0         276       20217.833
       276000000011243           0         276       20217.833
       276000000011248           0         276       20217.833
       276000000017159           0         276       20217.833
       276000000011251           0         276       119523.79
       276000000016618           0         276       47163.121
       276000000015202           0         276       47163.121
       276000000015773           0         276       47163.121
       276000000015814           0         276       47163.121
       276000000012259           0         276       47163.121
       276000000012768           0         276       47163.121
       278016924000009       16924         278       10188.429
       286007407000009        7407         286       21884.278
       288001009000009        1009         288       43648.933
       295006517000009        6517         295       51112.333
       296000097060526          97         296       47163.121
       296000097060401          97         296       20217.833
       296000097058292          97         296       437.18182
       307000786000009         786         307       16972.143
       307001376000009        1376         307       21884.278
       309001070007161        1070         309       22262.583
       309001070000009        1070         309       112.33333
       309001070006806        1070         309       20217.833
       309001070006602        1070         309       20217.833
       309001070006813        1070         309       20217.833
       309001070007421        1070         309       20217.833
       315011526002125       11526         315       20217.833
       315011526000009       11526         315       437.18182
       319000188000009         188         319       4092.0000
       329004731000009        4731         329       16972.143
       331001739000009        1739         331       7098.8571
       331001739000428        1739         331       20217.833
       336000044000237          44         336       437.18182
       336000044002271          44         336       47163.121
       342014542000009       14542         342       16972.143
       346015405000289       15405         346       437.18182
       349003893000009        3893         349       119523.79
       350011053000009       11053         350       43648.933
       356014749000403       14749         356       21884.278
       356016133000009       16133         356       51112.333
       359012761000009       12761         359       16972.143
       362017436000009       17436         362       47163.121
       365000202000143         202         365       1808.6667
       367000141000009         141         367       28.571429
       367000141011324         141         367       20217.833
       367000141011385         141         367       20217.833
       367000141010917         141         367       47163.121
       367000141010925         141         367       47163.121
       367000141010927         141         367       47163.121
       367000141010928         141         367       47163.121
       367000141011354         141         367       119523.79
       369007162000113        7162         369       47163.121
       369007162000009        7162         369       16972.143
       371011039000009       11039         371       51112.333
       373000354000009         354         373       10188.429
       374019417000009       19417         374       10188.429
       376002388000009        2388         376       51112.333
       376015077000009       15077         376       256.44444
       376015077003838       15077         376       20217.833
       376015077004292       15077         376       20217.833
       379024199000009       24199         379       4092.0000
       379025796000009       25796         379       119523.79
       380005040000009        5040         380       80148.909
       387019571000009       19571         387       80148.909
       390000156000009         156         390       10188.429
       393000957000009         957         393       16972.143
       394000646000009         646         394       16972.143
       395000261000009         261         395       6542.3846
       396017685000009       17685         396       47163.121
       398000071010342          71         398       22262.583
       398000071007418          71         398       22262.583
       398000071000009          71         398       28.571429
       398000071010038          71         398       20217.833
       398000071010815          71         398       20217.833
       398000071010319          71         398       20217.833
       402019592000009       19592         402       10188.429
       408000287000009         287         408       6542.3846
       410008779000009        8779         410       47163.121
       416021355002100       21355         416       47163.121
       416021355000009       21355         416       437.18182
       417000635000009         635         417       10188.429
       420002814000009        2814         420       7098.8571
       421008689000009        8689         421       51112.333
       423000124001992         124         423       47163.121
       423000124001455         124         423       22262.583
       423000124000009         124         423       437.18182
       423003379000009        3379         423       119523.79
       425002559000009        2559         425       51112.333
       427000145000009         145         427       28.571429
       427000145009916         145         427       20217.833
       427000145010797         145         427       20217.833
       428017569000009       17569         428       43648.933
       430008534006491        8534         430       47163.121
       430008534006477        8534         430       22262.583
       430008534008504        8534         430       119523.79
       430008534007115        8534         430       20217.833
       430008534006781        8534         430       20217.833
       430008534006749        8534         430       20217.833
       430008534000009        8534         430       112.33333
       430008534006452        8534         430       20217.833
       430008534008540        8534         430       20217.833
       433014099000009       14099         433       21884.278
       434002382000009        2382         434       51112.333
       434003323000009        3323         434       80148.909
       436017496008540       17496         436       47163.121
       436017496008170       17496         436       47163.121
       436017496007641       17496         436       47163.121
       436017496007954       17496         436       20217.833
       436017496000009       17496         436       28.571429
       436017496007637       17496         436       20217.833
       436017496008574       17496         436       20217.833
       436017496007408       17496         436       20217.833
       436017496007404       17496         436       20217.833
       436017496007387       17496         436       20217.833
       441000298000009         298         441       6542.3846
       442008423000009        8423         442       80148.909
       444000614000009         614         444       10188.429
       446001887000009        1887         446       80148.909
       451011083000009       11083         451       21884.278
       458017360000009       17360         458       47163.121
       459001153070919        1153         459       47163.121
       459001153070897        1153         459       20217.833
       459001153070906        1153         459       20217.833
       459001153070910        1153         459       20217.833
       459001153058669        1153         459       11.636364
       459001421000009        1421         459       6542.3846
       460005542000042        5542         460       11.636364
       460005542012087        5542         460       20217.833
       460005542012049        5542         460       20217.833
       460005542012089        5542         460       47163.121
       460005737000009        5737         460       119523.79
       461000169000009         169         461       7098.8571
       461000169000256         169         461       20217.833
       466000314000009         314         466       6542.3846
       468010472000009       10472         468       47163.121
       470000165016074         165         470       47163.121
       470000165010896         165         470       47163.121
       470000165010866         165         470       47163.121
       470000165014950         165         470       47163.121
       470000165015685         165         470       47163.121
       470000165014910         165         470       47163.121
       470000165016059         165         470       119523.79
       470000165015723         165         470       119523.79
       470000165014967         165         470       119523.79
       470000165000009         165         470       11.636364
       470000165014925         165         470       20217.833
       470000165010918         165         470       20217.833
       470000165018316         165         470       20217.833
       470000165016458         165         470       20217.833
       470000165014902         165         470       20217.833
       470000173002300         173         470       20217.833
       470000173000009         173         470       437.18182
       472018891000009       18891         472       16972.143
       476012488000009       12488         476       47163.121
       479000319000009         319         479       43648.933
       479027999000009       27999         479       16972.143
       480010729000009       10729         480       47163.121
       485008683000009        8683         485       1769.8000
       486016396000009       16396         486       43648.933
       489003258000009        3258         489       51112.333
       492002778000009        2778         492       51112.333
       494000242000009         242         494       6542.3846
       496001265000009        1265         496       6542.3846
       498019824000009       19824         498       11.636364
       498019824010153       19824         498       20217.833
       498019824010169       19824         498       20217.833
       498019824010186       19824         498       47163.121
       498019824010128       19824         498       47163.121
       503005893000009        5893         503       80148.909
       505016109000009       16109         505       6542.3846
       507000222000009         222         507       4092.0000
       507008443000009        8443         507       119523.79
