         870
         2003105000956        3105           2       14611.232
         2003105000941        3105           2       40999.667
         5000089000405          89           5       9456.9091
         6000490000144         490           6       40999.667
         7015311000081       15311           7       14103.523
        10000036019359          36          10       14103.523
        15001094000037        1094          15       14611.232
        15001094000042        1094          15       14611.232
        18001176001195        1176          18       14611.232
        18001176000208        1176          18       14611.232
        18001176001721        1176          18       14611.232
        18001176000211        1176          18       29401.697
        18001176001048        1176          18       29401.697
        18001176000326        1176          18       14611.232
        18001176002742        1176          18       14103.523
        18001176002195        1176          18       14103.523
        18001176002211        1176          18       14103.523
        18001176001035        1176          18       14103.523
        18001176000037        1176          18       81.714286
        20000001000037           1          20       81.714286
        20000001000398           1          20       14103.523
        20000001000389           1          20       14103.523
        20000001000348           1          20       14611.232
        20000001000334           1          20       14611.232
        20000001000344           1          20       14611.232
        20000001000256           1          20       14611.232
        20010446000037       10446          20       29401.697
        21000072000375          72          21       14611.232
        21000072000647          72          21       14611.232
        21000072000037          72          21       3066.3571
        22003424000474        3424          22       14103.523
        22003424000536        3424          22       14103.523
        22003424000461        3424          22       14103.523
        22003424000037        3424          22       15.000000
        22003424000454        3424          22       14103.523
        22003424000644        3424          22       14611.232
        22003424000554        3424          22       14611.232
        22003424000654        3424          22       14611.232
        22003424000527        3424          22       14103.523
        22003424000658        3424          22       14103.523
        22003424000543        3424          22       14115.741
        22003424000460        3424          22       14115.741
        22003424000548        3424          22       14611.232
        22003424000868        3424          22       29401.697
        22003424000475        3424          22       29401.697
        22003424000467        3424          22       29401.697
        22019344000465       19344          22       14103.523
        22019344000324       19344          22       407.66667
        23003334000037        3334          23       19.782609
        23005284000037        5284          23       29401.697
        23008690000707        8690          23       29401.697
        23008690000165        8690          23       15.000000
        23008690000714        8690          23       14523.138
        23008690000695        8690          23       14103.523
        23008690000700        8690          23       14611.232
        24002110000037        2110          24       29401.697
        26009207000037        9207          26       40999.667
        29000070000723          70          29       29401.697
        29000070001959          70          29       29401.697
        29000070000723          70          29       29401.697
        29000070000622          70          29       29401.697
        29000070000638          70          29       29401.697
        29000070000638          70          29       29401.697
        29000070000622          70          29       29401.697
        29000070001945          70          29       14611.232
        29000070000787          70          29       14611.232
        29000070000787          70          29       14611.232
        29000070000706          70          29       14611.232
        29000070000632          70          29       14611.232
        29000070000781          70          29       14611.232
        29000070001581          70          29       14611.232
        29000070000781          70          29       14611.232
        29000070000620          70          29       14611.232
        29000070000632          70          29       14611.232
        29000070000620          70          29       14611.232
        29000070000706          70          29       14611.232
        29000070000037          70          29       5.0000000
        29000070000037          70          29       5.0000000
        29000070000719          70          29       14103.523
        29000070000719          70          29       14103.523
        30006782000037        6782          30       40999.667
        33000045000037          45          33       1542.7273
        33000045000128          45          33       14103.523
        34000015000037          15          34       19.782609
        34010571000183       10571          34       24997.125
        35000044039519          44          35       19.782609
        35000129000037         129          35       14523.138
        39009274000037        9274          39       1542.7273
        39009274000129        9274          39       14611.232
        39009552000037        9552          39       9456.9091
        44007147000037        7147          44       14115.741
        47002070008302        2070          47       14611.232
        50014871000166       14871          50       14611.232
        50014871000105       14871          50       14611.232
        50014871000037       14871          50       3066.3571
        50014871000841       14871          50       14103.523
        50014871000283       14871          50       14103.523
        50014871003647       14871          50       14611.232
        51000210000146         210          51       14611.232
        51000210000156         210          51       14103.523
        51000210000037         210          51       14523.138
        52000176000090         176          52       14103.523
        52000176000070         176          52       14103.523
        52000176000037         176          52       9456.9091
        52019668000037       19668          52       14103.523
        53000082000429          82          53       14103.523
        53000082000768          82          53       14103.523
        53000082000182          82          53       14103.523
        53000082000228          82          53       14103.523
        53000082000037          82          53       81.714286
        53000082001149          82          53       14115.741
        53000082000991          82          53       14611.232
        53000082004047          82          53       14611.232
        53000082001313          82          53       14611.232
        53000082000239          82          53       14611.232
        53000082000482          82          53       29401.697
        55017821000037       17821          55       14611.232
        56000000014344           0          56       14611.232
        56000000014123           0          56       407.66667
        56000000014446           0          56       14611.232
        56000000014292           0          56       14611.232
        58001240000037        1240          58       24997.125
        60000289000037         289          60       9456.9091
        60000289000073         289          60       14103.523
        60000289000079         289          60       14103.523
        62000072000037          72          62       1542.7273
        62010406000862       10406          62       14523.138
        64019728000037       19728          64       29401.697
        69009347000037        9347          69       5765.4706
        69009837000037        9837          69       40999.667
        70002267000039        2267          70       14103.523
        70002267000037        2267          70       14103.523
        71000950000037         950          71       40999.667
        71023150000037       23150          71       14611.232
        76000029000324          29          76       14611.232
        76000029000310          29          76       14611.232
        76000029000500          29          76       14611.232
        76000029000333          29          76       14611.232
        76000029000511          29          76       14611.232
        76000029000337          29          76       14103.523
        76000029000493          29          76       14103.523
        76000029000309          29          76       14103.523
        76000029000037          29          76       81.714286
        76001684003856        1684          76       14103.523
        76001684003588        1684          76       29401.697
        82020349000037       20349          82       5765.4706
        84017224000739       17224          84       5765.4706
        84017224000936       17224          84       14103.523
        84017224000798       17224          84       14103.523
        84017224000872       17224          84       14103.523
        84017224000771       17224          84       14611.232
        86000881000037         881          86       14523.138
        87000394000071         394          87       14611.232
        87000394000037         394          87       40999.667
        87001885000037        1885          87       29401.697
        87001885000043        1885          87       14103.523
        88004350000037        4350          88       19.782609
        89003403000037        3403          89       19.782609
        89003403000450        3403          89       14611.232
        89003403000344        3403          89       14611.232
        89003749000110        3749          89       40999.667
        90001137000306        1137          90       29401.697
        90001137000312        1137          90       29401.697
        90001137000570        1137          90       14611.232
        90001137000238        1137          90       14611.232
        90001137000037        1137          90       81.714286
        90001137000228        1137          90       14103.523
        90001137000233        1137          90       14103.523
        90001137000710        1137          90       14103.523
        90001137000717        1137          90       14115.741
        90001137000325        1137          90       14115.741
        90001137000296        1137          90       14611.232
        90001137000291        1137          90       14611.232
        95000122000245         122          95       14103.523
        95000122000240         122          95       14103.523
        95000122000372         122          95       14103.523
        97000059000037          59          97       81.714286
        97000059000211          59          97       14115.741
        97000430000037         430          97       9456.9091
        97018910000037       18910          97       5765.4706
        97018910000076       18910          97       14103.523
        97018910000091       18910          97       14103.523
        97018910000079       18910          97       29401.697
        99000036000060          36          99       29401.697
        99000036000037          36          99       5765.4706
        99012614000037       12614          99       14611.232
       101000108000037         108         101       19.782609
       101002302000037        2302         101       14611.232
       104000016030290          16         104       19.782609
       104019947000037       19947         104       14523.138
       104019947000056       19947         104       14611.232
       108004040000037        4040         108       24997.125
       109000148021112         148         109       14115.741
       109000148021071         148         109       3066.3571
       109003287000037        3287         109       14103.523
       109005673000037        5673         109       14115.741
       113000160000219         160         113       40999.667
       113000160000237         160         113       14611.232
       114015154000037       15154         114       40999.667
       114015154000044       15154         114       14115.741
       118000127000037         127         118       14523.138
       119001800000037        1800         119       40999.667
       122003732000037        3732         122       14103.523
       125012239000037       12239         125       14611.232
       126000089049361          89         126       14611.232
       126000089050768          89         126       14611.232
       126000089049078          89         126       14611.232
       126000089049071          89         126       14611.232
       126000089049253          89         126       14611.232
       126000089049826          89         126       14611.232
       126000089049246          89         126       29401.697
       126000089051546          89         126       14103.523
       126000089051207          89         126       14103.523
       126000089049067          89         126       14103.523
       126000089049072          89         126       14103.523
       126000089049548          89         126       14103.523
       126000089049116          89         126       14103.523
       126000089051558          89         126       14103.523
       126000089048771          89         126       19.782609
       126000089051787          89         126       14115.741
       126000089049570          89         126       14611.232
       126000089050757          89         126       14611.232
       126000089051216          89         126       14611.232
       126000089049555          89         126       14611.232
       126000089049874          89         126       14611.232
       126007473000037        7473         126       14611.232
       126029844000037       29844         126       14611.232
       127000160000243         160         127       29401.697
       127000160000037         160         127       3066.3571
       127015933000037       15933         127       81.714286
       127015933000357       15933         127       14115.741
       127015933000370       15933         127       14103.523
       127015933000293       15933         127       29401.697
       127015933000423       15933         127       14611.232
       127015933000298       15933         127       24997.125
       127015933000360       15933         127       14611.232
       127015933000365       15933         127       14611.232
       128008176000299        8176         128       14611.232
       128008176001981        8176         128       14611.232
       128008176000307        8176         128       14611.232
       128008176000601        8176         128       14611.232
       128008176000617        8176         128       40999.667
       128008176001970        8176         128       29401.697
       128008176001631        8176         128       14103.523
       128008176001436        8176         128       14103.523
       128008176000594        8176         128       14611.232
       128008176000729        8176         128       14611.232
       128008176000589        8176         128       14611.232
       128008176000320        8176         128       14611.232
       128008176001066        8176         128       14103.523
       128008176000611        8176         128       14103.523
       128008176001074        8176         128       14103.523
       131003562000119        3562         131       14103.523
       131003562000168        3562         131       14103.523
       131003562000037        3562         131       1542.7273
       131003562000279        3562         131       14611.232
       131003562000411        3562         131       14103.523
       131003562000120        3562         131       14611.232
       131026309002641       26309         131       14611.232
       131026309002515       26309         131       81.714286
       131026309002842       26309         131       14103.523
       133000059000449          59         133       14103.523
       133000059000210          59         133       14103.523
       133000059000261          59         133       14103.523
       133000059000653          59         133       14103.523
       133000059000037          59         133       81.714286
       133000059000264          59         133       14115.741
       133000059001597          59         133       14115.741
       133000059000214          59         133       14611.232
       133000059000458          59         133       14611.232
       133000059000989          59         133       14611.232
       136000057000675          57         136       24997.125
       136000057000662          57         136       29401.697
       136000057000651          57         136       14611.232
       136000057000400          57         136       14611.232
       136000057000422          57         136       14611.232
       136000057000413          57         136       14611.232
       136000057000391          57         136       14103.523
       136000057000261          57         136       14103.523
       136000057000405          57         136       14103.523
       136000057000037          57         136       81.714286
       136008601000037        8601         136       29401.697
       139008498000037        8498         139       3066.3571
       139008498000089        8498         139       14103.523
       142009147000037        9147         142       1542.7273
       142009147068925        9147         142       19.782609
       142009147000112        9147         142       14611.232
       142009151000375        9151         142       14611.232
       142009151001262        9151         142       14611.232
       142009151000037        9151         142       19.782609
       142009151000302        9151         142       14103.523
       142009151000356        9151         142       14611.232
       142009151000441        9151         142       14611.232
       142009157000429        9157         142       14115.741
       142009157000472        9157         142       14103.523
       142009157000037        9157         142       15.000000
       142009157000511        9157         142       14611.232
       142009157000466        9157         142       14611.232
       142009157000424        9157         142       14611.232
       142009157000433        9157         142       29401.697
       142009157000441        9157         142       40999.667
       143000347000037         347         143       40999.667
       143000347000049         347         143       14115.741
       148000540000240         540         148       14611.232
       148001565000037        1565         148       14611.232
       149027593000037       27593         149       14103.523
       151025707000646       25707         151       14103.523
       151025707007528       25707         151       407.66667
       151025707007757       25707         151       14611.232
       151025707007688       25707         151       14103.523
       151025707007694       25707         151       14115.741
       151025707007655       25707         151       14611.232
       151025707000483       25707         151       14611.232
       151025707001173       25707         151       14611.232
       153002499000037        2499         153       29401.697
       153016315003652       16315         153       40999.667
       153016315003525       16315         153       40999.667
       153016315004083       16315         153       24997.125
       153016315003795       16315         153       14115.741
       153016315003637       16315         153       14103.523
       153016315003513       16315         153       14611.232
       153016315003644       16315         153       14611.232
       153016315003626       16315         153       14611.232
       153016315003461       16315         153       14611.232
       153016315003468       16315         153       14611.232
       153016315003475       16315         153       14611.232
       153016315003477       16315         153       14611.232
       153016315002965       16315         153       15.000000
       153016315003783       16315         153       14103.523
       153016315003899       16315         153       14103.523
       153016315004807       16315         153       14103.523
       155000152000096         152         155       14103.523
       155000152000123         152         155       14103.523
       155000152000037         152         155       9456.9091
       155000152000132         152         155       14611.232
       155000152000091         152         155       14115.741
       155000152000070         152         155       29401.697
       160000755000037         755         160       29401.697
       161000065000056          65         161       29401.697
       161000065000067          65         161       14611.232
       161000065000037          65         161       14523.138
       162000092000748          92         162       5765.4706
       162000276000037         276         162       14523.138
       163017200000037       17200         163       24997.125
       163017200000049       17200         163       29401.697
       166000380000037         380         166       24997.125
       169004542000037        4542         169       14611.232
       170002647000037        2647         170       14611.232
       171000214000037         214         171       14523.138
       181000137000144         137         181       1542.7273
       181000137000220         137         181       14103.523
       181000137000277         137         181       14103.523
       183011264000037       11264         183       3066.3571
       183011264000295       11264         183       14611.232
       185003396000358        3396         185       14611.232
       185003396000690        3396         185       14611.232
       185003396000936        3396         185       14611.232
       185003396003575        3396         185       14611.232
       185003396000690        3396         185       14611.232
       185003396000936        3396         185       14611.232
       185003396000790        3396         185       14115.741
       185003396000790        3396         185       14115.741
       185003396001132        3396         185       14103.523
       185003396000375        3396         185       14103.523
       185003396001132        3396         185       14103.523
       185003396000230        3396         185       14103.523
       185003396000101        3396         185       81.714286
       185003396000101        3396         185       81.714286
       185003396000230        3396         185       14103.523
       185003396000375        3396         185       14103.523
       185003396000974        3396         185       29401.697
       185003396000974        3396         185       29401.697
       185003396000231        3396         185       14611.232
       185003396000238        3396         185       14611.232
       185003396000367        3396         185       14611.232
       185003396000367        3396         185       14611.232
       185003396000358        3396         185       14611.232
       185003396002690        3396         185       14611.232
       185003396002690        3396         185       14611.232
       185003396000231        3396         185       14611.232
       185003396000238        3396         185       14611.232
       187002757000037        2757         187       14103.523
       189003270000037        3270         189       40999.667
       190004434000037        4434         190       24997.125
       190004434000063        4434         190       14103.523
       191000848000037         848         191       40999.667
       191024439003400       24439         191       29401.697
       191024439003377       24439         191       14611.232
       191024439002955       24439         191       14103.523
       191024439002927       24439         191       14103.523
       193017119000177       17119         193       14103.523
       193017119000147       17119         193       9456.9091
       193017119000271       17119         193       14103.523
       193017119000197       17119         193       14115.741
       194000307000037         307         194       24997.125
       194019522000299       19522         194       9456.9091
       195010377000037       10377         195       29401.697
       198000947000037         947         198       24997.125
       198000947000047         947         198       14103.523
       198020589000037       20589         198       14611.232
       199000109000037         109         199       19.782609
       200016210000037       16210         200       14523.138
       200016210000218       16210         200       14115.741
       203015785000037       15785         203       14103.523
       204000028044569          28         204       19.782609
       204000028045032          28         204       14103.523
       204000028045154          28         204       14115.741
       204000028045275          28         204       14115.741
       204000028045285          28         204       14611.232
       204000028044911          28         204       14611.232
       204000028044915          28         204       14611.232
       204000028044906          28         204       14611.232
       204000028045141          28         204       14611.232
       204000028045161          28         204       24997.125
       204000035000188          35         204       14103.523
       204000035000181          35         204       14103.523
       204013688000037       13688         204       29401.697
       204031417000037       31417         204       19.782609
       207001642000037        1642         207       24997.125
       208003518017180        3518         208       14611.232
       208003518017128        3518         208       9456.9091
       209002053000995        2053         209       14103.523
       209002053000037        2053         209       81.714286
       209002053000286        2053         209       14103.523
       209002053000660        2053         209       14115.741
       209002053000844        2053         209       14115.741
       209002053000456        2053         209       14115.741
       209002053000374        2053         209       14611.232
       209002053000687        2053         209       14611.232
       209002053000668        2053         209       24997.125
       209002053001200        2053         209       14611.232
       209002053000489        2053         209       29401.697
       212000108000447         108         212       14115.741
       212000108000466         108         212       14611.232
       212000108000402         108         212       3066.3571
       213000144000037         144         213       407.66667
       213000144000238         144         213       14611.232
       213000144000161         144         213       14115.741
       213000144000243         144         213       29401.697
       213000144000389         144         213       14611.232
       213000144000163         144         213       14611.232
       213000144000233         144         213       14611.232
       213000144000186         144         213       14611.232
       213000149006675         149         213       24997.125
       215007131000244        7131         215       14523.138
       216000094000037          94         216       9456.9091
       216000094000059          94         216       14103.523
       216005324000577        5324         216       14103.523
       216005324000572        5324         216       14103.523
       216005324000037        5324         216       19.782609
       216005324000444        5324         216       14611.232
       216005324000596        5324         216       14103.523
       216005324000278        5324         216       14611.232
       216005324000440        5324         216       14611.232
       216005324000282        5324         216       29401.697
       216005324000434        5324         216       14611.232
       216005324000590        5324         216       40999.667
       219021313000330       21313         219       14611.232
       219021313000334       21313         219       14611.232
       219021313000415       21313         219       29401.697
       219021313000422       21313         219       29401.697
       219021313000321       21313         219       14103.523
       219021313000322       21313         219       14103.523
       219021313000325       21313         219       14103.523
       219021313000037       21313         219       19.782609
       220009391000037        9391         220       5765.4706
       220009391000087        9391         220       14103.523
       220009391000069        9391         220       14611.232
       220009391000125        9391         220       14611.232
       222003930000588        3930         222       29401.697
       222003930000578        3930         222       14611.232
       222003930000568        3930         222       14611.232
       222003930000760        3930         222       14611.232
       222003930001509        3930         222       14611.232
       222003930001779        3930         222       14103.523
       222003931001263        3931         222       14103.523
       222003931000365        3931         222       14103.523
       222003931000037        3931         222       1542.7273
       222003931000202        3931         222       14611.232
       222003931001094        3931         222       14611.232
       222003931000792        3931         222       14611.232
       223001518000037        1518         223       14103.523
       223001518000041        1518         223       14103.523
       224000068010763          68         224       14103.523
       224000068010662          68         224       407.66667
       224000068012746          68         224       14103.523
       224000068011042          68         224       14115.741
       224000068010803          68         224       14115.741
       224000068010869          68         224       14611.232
       224019625000037       19625         224       5765.4706
       224019625000518       19625         224       14103.523
       224019625000070       19625         224       14103.523
       226022130015992       22130         226       14523.138
       230002852002254        2852         230       5765.4706
       231001340000037        1340         231       14523.138
       231001340000059        1340         231       14115.741
       233000112000151         112         233       14103.523
       233000112000296         112         233       14611.232
       233000112000147         112         233       14611.232
       233000112000567         112         233       14611.232
       233000112000037         112         233       81.714286
       233000112000583         112         233       14611.232
       233000112000159         112         233       29401.697
       233000112000211         112         233       40999.667
       237014736000037       14736         237       14523.138
       239000138000412         138         239       5765.4706
       239000340000317         340         239       40999.667
       239022469000705       22469         239       29401.697
       239022469000548       22469         239       14611.232
       239022469000386       22469         239       14611.232
       239022469000037       22469         239       407.66667
       239022469001176       22469         239       14103.523
       239022469000560       22469         239       14611.232
       240000197000037         197         240       14523.138
       240012527000037       12527         240       29401.697
       243010928007387       10928         243       14611.232
       243010928007284       10928         243       14611.232
       243010928007277       10928         243       14611.232
       243010928007274       10928         243       14611.232
       243010928007376       10928         243       14611.232
       243010928007372       10928         243       14103.523
       243010928006864       10928         243       15.000000
       244005892000037        5892         244       24997.125
       248018399000352       18399         248       29401.697
       248018399000167       18399         248       14611.232
       248018399000037       18399         248       81.714286
       248018399000245       18399         248       14103.523
       248018399000203       18399         248       14103.523
       248018399000309       18399         248       14103.523
       248018399000211       18399         248       14103.523
       248018399000494       18399         248       14103.523
       250000143000885         143         250       14611.232
       250000143002035         143         250       14103.523
       250000143001010         143         250       14103.523
       250000143000732         143         250       407.66667
       250000143000895         143         250       14611.232
       250000143001313         143         250       14611.232
       250000143001001         143         250       14611.232
       254000866000037         866         254       40999.667
       257000036000037          36         257       407.66667
       260002070000037        2070         260       5765.4706
       262000030010250          30         262       14611.232
       262000030010241          30         262       29401.697
       264000061013903          61         264       14611.232
       264000061013711          61         264       24997.125
       264000061013694          61         264       14611.232
       264000061013698          61         264       14611.232
       264000061013706          61         264       14611.232
       264000061013665          61         264       14103.523
       264000061013478          61         264       81.714286
       265016205000037       16205         265       14611.232
       266003522000037        3522         266       29401.697
       272000437000037         437         272       24997.125
       272010113000037       10113         272       3066.3571
       275005896010367        5896         275       14611.232
       275006256000037        6256         275       29401.697
       278016924000037       16924         278       14523.138
       285008319000037        8319         285       29401.697
       286007407000037        7407         286       24997.125
       288001009000037        1009         288       40999.667
       288001009000045        1009         288       14611.232
       291002860002259        2860         291       24997.125
       296000097058383          97         296       40999.667
       296000097058380          97         296       14115.741
       296000097058672          97         296       14103.523
       296000097058845          97         296       14611.232
       296000097058379          97         296       14103.523
       296000097058660          97         296       14103.523
       296000097058992          97         296       14103.523
       296003841034402        3841         296       14103.523
       296003841036778        3841         296       14103.523
       296003841034568        3841         296       14103.523
       296003841035779        3841         296       14103.523
       296003841035605        3841         296       14103.523
       296003841034059        3841         296       81.714286
       296003841034470        3841         296       14611.232
       296003841034241        3841         296       14611.232
       296003841034250        3841         296       14611.232
       296003841034251        3841         296       14611.232
       296003841034258        3841         296       14611.232
       296003841035363        3841         296       14611.232
       296003841034718        3841         296       14611.232
       296003841034575        3841         296       14611.232
       296003841034398        3841         296       14103.523
       296003841034268        3841         296       40999.667
       296003841034580        3841         296       29401.697
       296003841035069        3841         296       29401.697
       296003841034729        3841         296       29401.697
       296003841034462        3841         296       29401.697
       296003841034700        3841         296       14611.232
       305000238000037         238         305       14523.138
       305000349000037         349         305       14523.138
       307000786000037         786         307       14523.138
       307001376000037        1376         307       24997.125
       309001070000205        1070         309       14611.232
       309001070000958        1070         309       14611.232
       309001070000037        1070         309       81.714286
       312000056000037          56         312       81.714286
       312000056000327          56         312       14103.523
       312000056000846          56         312       14103.523
       312000056000393          56         312       14611.232
       312000056000271          56         312       14611.232
       312000056000525          56         312       14103.523
       312000056000982          56         312       29401.697
       312000056000989          56         312       29401.697
       315000214000037         214         315       5765.4706
       315011526000037       11526         315       3066.3571
       315011526000133       11526         315       14103.523
       315011526000100       11526         315       14115.741
       315011526000115       11526         315       14611.232
       315011526000127       11526         315       14611.232
       319000188000098         188         319       14611.232
       319000188000092         188         319       14611.232
       319000188000094         188         319       14103.523
       319000188000037         188         319       3066.3571
       321000049000037          49         321       1542.7273
       321000049000076          49         321       14103.523
       321000049000079          49         321       29401.697
       321002165000168        2165         321       29401.697
       321002165000137        2165         321       14611.232
       321002165000129        2165         321       14103.523
       321002165000037        2165         321       3066.3571
       321002165000155        2165         321       14611.232
       321003629000229        3629         321       14611.232
       321003629000178        3629         321       3066.3571
       331001739000037        1739         331       9456.9091
       331001739000060        1739         331       14103.523
       336000030000297          30         336       14103.523
       336000030000335          30         336       14103.523
       336000030000037          30         336       19.782609
       336000030000530          30         336       14611.232
       336000030002249          30         336       14115.741
       336000030000301          30         336       14103.523
       336000031000386          31         336       14103.523
       336000031000379          31         336       14115.741
       336000031000395          31         336       14611.232
       336000031000389          31         336       14611.232
       336000031000220          31         336       14611.232
       336000031000228          31         336       14611.232
       336000031000037          31         336       19.782609
       336000031000292          31         336       14103.523
       336000031000309          31         336       14611.232
       336000044000265          44         336       1542.7273
       336000044000357          44         336       14611.232
       336000044000520          44         336       14115.741
       342014542000037       14542         342       14523.138
       346015405000599       15405         346       14115.741
       346015405000685       15405         346       14103.523
       346015405000536       15405         346       14611.232
       346015405000540       15405         346       29401.697
       350011053000043       11053         350       14611.232
       350011053000037       11053         350       14103.523
       351000161000547         161         351       9456.9091
       356014712000921       14712         356       40999.667
       356014749000431       14749         356       14103.523
       356016133000037       16133         356       14611.232
       359012761000054       12761         359       14611.232
       359012761000037       12761         359       24997.125
       362000122000322         122         362       14611.232
       362000122000349         122         362       14611.232
       362000122000318         122         362       14611.232
       362000122000288         122         362       14103.523
       362000122000037         122         362       19.782609
       362003105000128        3105         362       81.714286
       362003105000570        3105         362       14611.232
       362003105000423        3105         362       14611.232
       362003105000549        3105         362       14611.232
       362003105000506        3105         362       29401.697
       362003105000431        3105         362       29401.697
       365000202000412         202         365       14115.741
       365000202000171         202         365       1542.7273
       365000202000264         202         365       14103.523
       369007162000037        7162         369       24997.125
       371011039000037       11039         371       29401.697
       372017474005763       17474         372       24997.125
       372017495000793       17495         372       5765.4706
       372017495000819       17495         372       14103.523
       373000354000069         354         373       14611.232
       373000354000037         354         373       40999.667
       376002388000037        2388         376       14611.232
       376015077000150       15077         376       14611.232
       376015077000100       15077         376       14115.741
       376015077000037       15077         376       3066.3571
       376015077000092       15077         376       14103.523
       376015077000165       15077         376       14611.232
       377000256000100         256         377       24997.125
       379024199000037       24199         379       24997.125
       379024199000070       24199         379       14103.523
       380005040000037        5040         380       14115.741
       380005040000049        5040         380       14611.232
       382000281000264         281         382       9456.9091
       384008258003206        8258         384       407.66667
       384008258003447        8258         384       14115.741
       384008258003454        8258         384       14611.232
       386020716002755       20716         386       14611.232
       387019571000037       19571         387       29401.697
       390000156000037         156         390       24997.125
       393000957000037         957         393       14523.138
       394000646000037         646         394       40999.667
       395000102000037         102         395       1542.7273
       395000261000037         261         395       9456.9091
       397011157000037       11157         397       5765.4706
       397011157000118       11157         397       14103.523
       398000071006202          71         398       14103.523
       403000064000037          64         403       19.782609
       407022696000037       22696         407       19.782609
       407022696000037       22696         407       19.782609
       407022696000354       22696         407       14103.523
       407022696000321       22696         407       29401.697
       407022696000382       22696         407       14611.232
       407022696000318       22696         407       14611.232
       407022696000312       22696         407       14611.232
       408000287000037         287         408       14523.138
       410000127000052         127         410       14611.232
       410000127000037         127         410       24997.125
       413015853028046       15853         413       5765.4706
       414000062000037          62         414       3066.3571
       414000062000314          62         414       14103.523
       414000062000327          62         414       14611.232
       414012087000092       12087         414       29401.697
       414012087000081       12087         414       40999.667
       416021355000135       21355         416       14103.523
       416021355000037       21355         416       407.66667
       417000635000048         635         417       14103.523
       417000635000037         635         417       40999.667
       420002814000162        2814         420       14611.232
       420002814000220        2814         420       14103.523
       420002814000037        2814         420       9456.9091
       420002814000110        2814         420       14103.523
       420002814000153        2814         420       14103.523
       421008689000045        8689         421       14115.741
       421008689000037        8689         421       29401.697
       423000124000153         124         423       29401.697
       423000124000149         124         423       14611.232
       423000124000207         124         423       14611.232
       423000124000037         124         423       407.66667
       423003379000037        3379         423       14103.523
       425002559000037        2559         425       29401.697
       428017569000037       17569         428       40999.667
       428017569000047       17569         428       14103.523
       430008534000624        8534         430       14611.232
       431022063008073       22063         431       14611.232
       431022063008057       22063         431       14523.138
       433014099000037       14099         433       29401.697
       434002382000037        2382         434       14611.232
       436017496003047       17496         436       40999.667
       436017496002999       17496         436       14115.741
       436017496002963       17496         436       14611.232
       436017496003036       17496         436       14103.523
       438000126001115         126         438       14103.523
       438000126000600         126         438       14103.523
       438000126000037         126         438       81.714286
       438000126000249         126         438       14611.232
       438000126000480         126         438       14611.232
       438000126000284         126         438       14611.232
       438000126000430         126         438       14103.523
       438000126000956         126         438       14611.232
       438000126000237         126         438       14611.232
       438000126000443         126         438       14611.232
       439001790000037        1790         439       40999.667
       441000298000066         298         441       29401.697
       441000298000072         298         441       29401.697
       441000298000037         298         441       9456.9091
       441000772000113         772         441       14103.523
       441000772000106         772         441       14611.232
       444000614000048         614         444       14115.741
       444000614000037         614         444       24997.125
       446001887000037        1887         446       14611.232
       447000425000205         425         447       40999.667
       451011083000037       11083         451       14611.232
       456000383000143         383         456       40999.667
       459001153025203        1153         459       29401.697
       459001153025179        1153         459       9456.9091
       459001157000037        1157         459       407.66667
       459001157000152        1157         459       14103.523
       459001157000166        1157         459       14103.523
       459001421000037        1421         459       14523.138
       459001421000074        1421         459       14611.232
       461000169000037         169         461       9456.9091
       461000199000565         199         461       9456.9091
       466000314000037         314         466       40999.667
       470000165015751         165         470       14611.232
       470000173000565         173         470       14611.232
       470000173000211         173         470       29401.697
       470000173000037         173         470       407.66667
       470000173000246         173         470       14103.523
       470000173000312         173         470       14611.232
       470000173000235         173         470       14611.232
       470000173000321         173         470       14115.741
       471000185000350         185         471       14115.741
       471000185000449         185         471       14115.741
       471000185000350         185         471       14115.741
       471000185000449         185         471       14115.741
       471000185000757         185         471       14115.741
       471000185000757         185         471       14115.741
       471000185003124         185         471       14523.138
       471000185000351         185         471       14103.523
       471000185000356         185         471       14103.523
       471000185000763         185         471       14103.523
       471000185001046         185         471       14103.523
       471000185000897         185         471       14103.523
       471000185000924         185         471       14103.523
       471000185000440         185         471       14103.523
       471000185001784         185         471       14611.232
       471000185000596         185         471       14611.232
       471000185001784         185         471       14611.232
       471000185000590         185         471       14611.232
       471000185000511         185         471       14611.232
       471000185000590         185         471       14611.232
       471000185001307         185         471       14103.523
       471000185002655         185         471       14103.523
       471000185002346         185         471       14103.523
       471000185001307         185         471       14103.523
       471000185002346         185         471       14103.523
       471000185003144         185         471       14103.523
       471000185001046         185         471       14103.523
       471000185000609         185         471       14103.523
       471000185000440         185         471       14103.523
       471000185000351         185         471       14103.523
       471000185000356         185         471       14103.523
       471000185000763         185         471       14103.523
       471000185000924         185         471       14103.523
       471000185000609         185         471       14103.523
       471000185000897         185         471       14103.523
       471000185002655         185         471       14103.523
       471000185000037         185         471       19.782609
       471000185000037         185         471       19.782609
       471000185000467         185         471       29401.697
       471000185000457         185         471       29401.697
       471000185000908         185         471       29401.697
       471000185000467         185         471       29401.697
       471000185000908         185         471       29401.697
       471000185000457         185         471       29401.697
       471000185000596         185         471       14611.232
       471000185000506         185         471       14611.232
       471000185000511         185         471       14611.232
       471000185000506         185         471       14611.232
       471000185003139         185         471       14611.232
       472018891000037       18891         472       24997.125
       476000116000704         116         476       5765.4706
       477004682000037        4682         477       407.66667
       477004682000211        4682         477       14611.232
       477004682000205        4682         477       14115.741
       479000319000037         319         479       24997.125
       479027999000037       27999         479       24997.125
       481000150000037         150         481       14523.138
       481000150000066         150         481       14103.523
       485008683000189        8683         485       14103.523
       485008683000037        8683         485       407.66667
       485008683000151        8683         485       14611.232
       485008683000156        8683         485       29401.697
       486016396000037       16396         486       29401.697
       486016396000046       16396         486       14103.523
       489000155000228         155         489       14611.232
       489000155000099         155         489       14611.232
       489000155000087         155         489       14103.523
       489000155000274         155         489       14103.523
       489003258000037        3258         489       29401.697
       492002778000037        2778         492       29401.697
       494000242000079         242         494       14103.523
       494000242000037         242         494       9456.9091
       496001265000037        1265         496       9456.9091
       501010147000037       10147         501       5765.4706
       501010147000120       10147         501       14611.232
       502002298000037        2298         502       14523.138
       505016109000037       16109         505       14523.138
       507000222000037         222         507       9456.9091
       507000222000107         222         507       14103.523
       507000222000145         222         507       14611.232
       507000222000062         222         507       29401.697
