         501
               6003607           6           0       313.88889
              14000036          14           0       87.935484
         1005014000133        5014           1       8.5263158
         4000007000686           7           4       8405.9107
         4020836000036       20836           4       1721.6129
         5001017000036        1017           5       8405.9107
         6000584000036         584           6       5461.7727
         6020227000983       20227           6       21826.658
         7014760000388       14760           7       11997.685
         9000282000123         282           9       21826.658
         9019512001308       19512           9       1721.6129
        10000036004488          36          10       25.275862
        11000080015833          80          11       8.5263158
        11000080023456          80          11       25.275862
        11000085003361          85          11       71223.692
        12000057003314          57          12       2711.8605
        13000077000481          77          13       21826.658
        13000413000036         413          13       21826.658
        15000147002082         147          15       71223.692
        17000172000259         172          17       21826.658
        19000065002461          65          19       1721.6129
        20000001014274           1          20       5461.7727
        20006261000036        6261          20       313.88889
        20007076000036        7076          20       21826.658
        21000068001536          68          21       774.68966
        23003330090386        3330          23       5461.7727
        23004330000061        4330          23       21826.658
        27001329000036        1329          27       21826.658
        30005249000036        5249          30       11997.685
        32000360000036         360          32       11997.685
        33000037000563          37          33       774.68966
        33012776000036       12776          33       1721.6129
        34010484022786       10484          34       2711.8605
        34011788000036       11788          34       11997.685
        35006884000036        6884          35       8.5263158
        35006885002708        6885          35       11997.685
        36007316000246        7316          36       11997.685
        40000014001077          14          40       8405.9107
        42006835003943        6835          42       5461.7727
        43001271010254        1271          43       8405.9107
        43001308000932        1308          43       8405.9107
        44000086001198          86          44       2711.8605
        45000098002636          98          45       5461.7727
        47002067017975        2067          47       313.88889
        48000020014070          20          48       313.88889
        48015488002278       15488          48       87.935484
        48016534000036       16534          48       71223.692
        49011894000036       11894          49       11997.685
        51000141018884         141          51       8.5263158
        53020151000036       20151          53       11997.685
        54000229000295         229          54       21826.658
        55016602000773       16602          55       71223.692
        55016983000036       16983          55       8405.9107
        59000146000036         146          59       313.88889
        60002249000036        2249          60       21826.658
        62000073006734          73          62       11997.685
        63000088016549          88          63       11997.685
        64000056000335          56          64       21826.658
        65000424000036         424          65       5461.7727
        66004494000036        4494          66       21826.658
        68000007003837           7          68       774.68966
        68010569000165       10569          68       71223.692
        71000077009908          77          71       11997.685
        71019704004389       19704          71       5461.7727
        71020045000036       20045          71       8405.9107
        72000021001695          21          72       2711.8605
        72000248000036         248          72       2711.8605
        73000069000471          69          73       1721.6129
        73014237002469       14237          73       25.275862
        73014239008217       14239          73       8405.9107
        74004957000036        4957          74       5461.7727
        75015720000074       15720          75       11997.685
        77021749000591       21749          77       5461.7727
        78000220000320         220          78       11997.685
        80012579000036       12579          80       71223.692
        85000162000095         162          85       1444843.7
        85003772000036        3772          85       71223.692
        86000098000296          98          86       8405.9107
        86000370000036         370          86       5461.7727
        87000266000036         266          87       11997.685
        88000000000036           0          88       87.935484
        89003404003443        3404          89       1721.6129
        90000085000771          85          90       1721.6129
        90025502006814       25502          90       87.935484
        92026650001695       26650          92       5461.7727
        93000140000931         140          93       2711.8605
        93022576002911       22576          93       1721.6129
        93022579001264       22579          93       11997.685
        93022581000189       22581          93       11997.685
        93023917001058       23917          93       11997.685
        94020483000077       20483          94       71223.692
        97000059010799          59          97       313.88889
        97004699000079        4699          97       2711.8605
        97019086000036       19086          97       5461.7727
        98016095003625       16095          98       5461.7727
        99000085016832          85          99       21826.658
        99011959013938       11959          99       21826.658
       101000106000036         106         101       8.5263158
       101000106016586         106         101       5461.7727
       102017791000502       17791         102       21826.658
       103000146000682         146         103       21826.658
       104019766079570       19766         104       21826.658
       104020115000036       20115         104       8405.9107
       105006737001358        6737         105       25.275862
       105006742006673        6742         105       774.68966
       105006785000575        6785         105       5461.7727
       106001502000036        1502         106       11997.685
       108003428018685        3428         108       8.5263158
       108003448000036        3448         108       2711.8605
       110000080000989          80         110       21826.658
       110010636000155       10636         110       1721.6129
       110010639000036       10639         110       5461.7727
       112009215000036        9215         112       25.275862
       113013150000036       13150         113       8405.9107
       114014934008190       14934         114       313.88889
       114015006000159       15006         114       71223.692
       114015689000036       15689         114       11997.685
       116010336002273       10336         116       11997.685
       116010337000036       10337         116       313.88889
       116011365000036       11365         116       71223.692
       117011984000036       11984         117       87.935484
       122000282000036         282         122       5461.7727
       123000110002573         110         123       313.88889
       124009933000036        9933         124       8405.9107
       126000089002473          89         126       313.88889
       126003740022426        3740         126       8405.9107
       126003742016114        3742         126       2711.8605
       126003744001655        3744         126       25.275862
       126003924000136        3924         126       21826.658
       127000148001508         148         127       1721.6129
       127000371000036         371         127       5461.7727
       127015939001973       15939         127       8405.9107
       127016113000036       16113         127       2711.8605
       128000005000036           5         128       25.275862
       128008443000036        8443         128       5461.7727
       130003702000240        3702         130       5461.7727
       131000173000226         173         131       774.68966
       131003558002124        3558         131       2711.8605
       131003569001168        3569         131       1721.6129
       131026309004661       26309         131       8.5263158
       132000042004767          42         132       25.275862
       132001301000036        1301         132       21826.658
       133000084000387          84         133       11997.685
       134007602050225        7602         134       11997.685
       134007602119782        7602         134       11997.685
       134007602048053        7602         134       71223.692
       135000141000347         141         135       11997.685
       135006137000488        6137         135       5461.7727
       137000032011737          32         137       25.275862
       137004277000036        4277         137       8405.9107
       137004518000123        4518         137       11997.685
       138000582000076         582         138       774.68966
       142010240000036       10240         142       11997.685
       144010150000291       10150         144       21826.658
       145006269000047        6269         145       1444843.7
       146007578000264        7578         146       3100538.0
       148000310000245         310         148       71223.692
       149026760002509       26760         149       5461.7727
       151000167000807         167         151       8405.9107
       151025815000036       25815         151       2711.8605
       153000051000783          51         153       8405.9107
       153000082000036          82         153       774.68966
       154000064003871          64         154       1721.6129
       157010587000093       10587         157       21826.658
       160000055000116          55         160       11997.685
       163000097004447          97         163       2711.8605
       164000038013661          38         164       313.88889
       166000033001366          33         166       87.935484
       166000125000036         125         166       313.88889
       167009624000036        9624         167       8405.9107
       168000027044760          27         168       8405.9107
       171000123000446         123         171       8405.9107
       171003923000036        3923         171       87.935484
       171003936001425        3936         171       21826.658
       172000388000036         388         172       87.935484
       172000641000036         641         172       2711.8605
       173000064001287          64         173       1721.6129
       174023925000036       23925         174       25.275862
       176003267000364        3267         176       1721.6129
       180000062000036          62         180       25.275862
       182001124000036        1124         182       11997.685
       182018785000036       18785         182       2711.8605
       183000119001064         119         183       2711.8605
       183000531000036         531         183       11997.685
       184000062000036          62         184       25.275862
       184012629000036       12629         184       313.88889
       186000106021121         106         186       774.68966
       187013914000066       13914         187       71223.692
       190004177000036        4177         190       25.275862
       191000123000036         123         191       25.275862
       194000074000036          74         194       1721.6129
       197000071001724          71         197       2711.8605
       198000094007137          94         198       313.88889
       198000102000337         102         198       71223.692
       198000139000366         139         198       21826.658
       198001190000036        1190         198       21826.658
       198001904000036        1904         198       21826.658
       198020004000036       20004         198       774.68966
       198020271000036       20271         198       11997.685
       198020751000036       20751         198       21826.658
       199000179000974         179         199       21826.658
       200000070007006          70         200       8.5263158
       200000093000273          93         200       71223.692
       201010826016493       10826         201       1444843.7
       202000143000050         143         202       8405.9107
       203000937000036         937         203       21826.658
       203012947001798       12947         203       2711.8605
       204000028044568          28         204       8.5263158
       204011709000229       11709         204       5461.7727
       206000106000741         106         206       1721.6129
       208000003001389           3         208       21826.658
       210000079000674          79         210       21826.658
       212000433000036         433         212       8405.9107
       213014641008271       14641         213       8405.9107
       213018064000036       18064         213       71223.692
       214000140000093         140         214       8405.9107
       215006855001599        6855         215       8405.9107
       215006867000036        6867         215       87.935484
       218000064054650          64         218       774.68966
       218006309000036        6309         218       11997.685
       219000134000036         134         219       25.275862
       219000584000184         584         219       11997.685
       219022762000036       22762         219       21826.658
       220000218000209         218         220       11997.685
       221005428014902        5428         221       1721.6129
       222004066000098        4066         222       5461.7727
       222004076000036        4076         222       2711.8605
       224000062014878          62         224       11997.685
       224000067002334          67         224       8405.9107
       224000068006974          68         224       2711.8605
       226000077001916          77         226       25.275862
       226000082000247          82         226       313.88889
       226000136000036         136         226       774.68966
       227011763000036       11763         227       774.68966
       229000060001950          60         229       774.68966
       230002851000626        2851         230       71223.692
       231001055003355        1055         231       11997.685
       232000070043611          70         232       21826.658
       232000070004328          70         232       8405.9107
       232025260026139       25260         232       1721.6129
       233022795013205       22795         233       11997.685
       235014492000692       14492         235       8405.9107
       237000097003171          97         237       9.0000000
       241008843000036        8843         241       25.275862
       243000324000141         324         243       8405.9107
       243000563000065         563         243       71223.692
       243010941000355       10941         243       1721.6129
       243011257000036       11257         243       5461.7727
       244000069001000          69         244       71223.692
       244000070005107          70         244       11997.685
       246002814000180        2814         246       21826.658
       247000142000036         142         247       8.5263158
       248000050023798          50         248       21826.658
       248000066000036          66         248       313.88889
       249012053000119       12053         249       8405.9107
       250008629000036        8629         250       8405.9107
       251007874000036        7874         251       87.935484
       251007878002007        7878         251       11997.685
       254017297017100       17297         254       8405.9107
       255000189001126         189         255       71223.692
       257000034002857          34         257       87.935484
       258000060001951          60         258       8405.9107
       259000088000898          88         259       11997.685
       259001351001048        1351         259       21826.658
       261007312008898        7312         261       774.68966
       261007344000739        7344         261       5461.7727
       263022691001355       22691         263       11997.685
       264000054003973          54         264       21826.658
       264000054025555          54         264       5461.7727
       266001312006824        1312         266       21826.658
       266001335000469        1335         266       1721.6129
       266001675000036        1675         266       5461.7727
       267001694000838        1694         267       2711.8605
       269004160000036        4160         269       8.5263158
       269004290000519        4290         269       21826.658
       270009077000036        9077         270       2711.8605
       271000533000048         533         271       71223.692
       272010106001143       10106         272       8405.9107
       273013124000036       13124         273       8.5263158
       273013136000036       13136         273       1721.6129
       273013171000138       13171         273       8405.9107
       274000142000060         142         274       21826.658
       274004393000036        4393         274       2711.8605
       277000055021838          55         277       11997.685
       280000051000036          51         280       774.68966
       281000068000080          68         281       87.935484
       281000076000455          76         281       1721.6129
       282000061000879          61         282       2711.8605
       285006846019335        6846         285       8.5263158
       285006846008979        6846         285       313.88889
       285007538000036        7538         285       21826.658
       286000033061547          33         286       5461.7727
       286006293015527        6293         286       313.88889
       286006293000036        6293         286       9.0000000
       286006383000084        6383         286       71223.692
       289000033011125          33         289       5461.7727
       292002060068267        2060         292       2711.8605
       292002150000036        2150         292       774.68966
       294002152000130        2152         294       21826.658
       296003833001930        3833         296       2711.8605
       296003841076713        3841         296       25.275862
       296003864000718        3864         296       774.68966
       298001183000036        1183         298       11997.685
       302007336000950        7336         302       21826.658
       303005792000115        5792         303       11997.685
       304000611000062         611         304       71223.692
       306000118000036         118         306       774.68966
       307000579000036         579         307       11997.685
       309001070000751        1070         309       87.935484
       309001105001833        1105         309       2711.8605
       309001133000036        1133         309       313.88889
       310004439000036        4439         310       71223.692
       311025827000231       25827         311       2711.8605
       312000056039469          56         312       2711.8605
       312002491000036        2491         312       21826.658
       313009934001944        9934         313       11997.685
       313009967000036        9967         313       774.68966
       314000102001677         102         314       21826.658
       315011527001202       11527         315       8405.9107
       316000054001029          54         316       87.935484
       317000133002201         133         317       2711.8605
       320000053013216          53         320       2711.8605
       320002401000189        2401         320       5461.7727
       324014452000036       14452         324       87.935484
       325010171000036       10171         325       1721.6129
       327000143000265         143         327       11997.685
       327000178000036         178         327       774.68966
       327019877000036       19877         327       25.275862
       328013010000036       13010         328       11997.685
       329004025014076        4025         329       25.275862
       329004027000036        4027         329       25.275862
       331001852000036        1852         331       2711.8605
       334000078000765          78         334       8405.9107
       334006327006637        6327         334       313.88889
       335003508000036        3508         335       8.5263158
       336000029005713          29         336       25.275862
       336000030011616          30         336       87.935484
       336023211000036       23211         336       87.935484
       337000120011173         120         337       21826.658
       338000065000036          65         338       25.275862
       338000483000036         483         338       11997.685
       341000135000347         135         341       5461.7727
       342000090000036          90         342       87.935484
       343000566000036         566         343       11997.685
       343016921001873       16921         343       71223.692
       343016922002588       16922         343       8405.9107
       345000078005072          78         345       11997.685
       345000109000217         109         345       71223.692
       348000059000036          59         348       313.88889
       348009104000036        9104         348       8.5263158
       351013171003569       13171         351       2711.8605
       353000581000036         581         353       11997.685
       355011281000036       11281         355       5461.7727
       358002128008692        2128         358       774.68966
       359000103029858         103         359       21826.658
       361000057009906          57         361       25.275862
       362000261000036         261         362       8405.9107
       363000560000036         560         363       11997.685
       365000132035167         132         365       1721.6129
       365000148000616         148         365       1721.6129
       366000091008326          91         366       8405.9107
       366000123000195         123         366       21826.658
       366020180000709       20180         366       8405.9107
       366021703000036       21703         366       21826.658
       367000141000036         141         367       87.935484
       367000142080419         142         367       2711.8605
       367000843003337         843         367       8405.9107
       369000091011478          91         369       21826.658
       370004409000036        4409         370       87.935484
       371010099001187       10099         371       2711.8605
       372000065000564          65         372       11997.685
       373000383000036         383         373       5461.7727
       375003092000036        3092         375       71223.692
       375015325009424       15325         375       87.935484
       375015328000036       15328         375       25.275862
       376015076003951       15076         376       5461.7727
       377000080000036          80         377       8.5263158
       377000957000058         957         377       71223.692
       378000589000036         589         378       8405.9107
       379000136008943         136         379       11997.685
       380000085013836          85         380       8405.9107
       380000088000036          88         380       87.935484
       383000136000036         136         383       8405.9107
       383003715000551        3715         383       11997.685
       385008358000922        8358         385       8405.9107
       388009803001195        9803         388       313.88889
       393001833000052        1833         393       71223.692
       395000105003549         105         395       87.935484
       397000050000036          50         397       87.935484
       398013180000036       13180         398       8405.9107
       400000035010012          35         400       313.88889
       401000104000265         104         401       11997.685
       402000051000412          51         402       2711.8605
       402000112000036         112         402       2711.8605
       402000274000036         274         402       11997.685
       403001181000036        1181         403       11997.685
       403001315000071        1315         403       21826.658
       403001373000131        1373         403       21826.658
       404000067000036          67         404       25.275862
       404001056000036        1056         404       21826.658
       405000070000036          70         405       87.935484
       408000107001279         107         408       2711.8605
       408018582002364       18582         408       2711.8605
       411000153014728         153         411       8405.9107
       411016601006950       16601         411       774.68966
       411016890000111       16890         411       11997.685
       413000085013255          85         413       774.68966
       414011942001139       11942         414       21826.658
       415000480000134         480         415       21826.658
       422007419000036        7419         422       8405.9107
       422009124000036        9124         422       21826.658
       423009539000912        9539         423       8405.9107
       425019679003297       19679         425       71223.692
       425019697000499       19697         425       5461.7727
       425019877000085       19877         425       21826.658
       426000074000538          74         426       774.68966
       428000843000036         843         428       21826.658
       430008533000036        8533         430       9.0000000
       430009599000164        9599         430       87.935484
       432000843000036         843         432       11997.685
       435002442000036        2442         435       21826.658
       436000210000310         210         436       21826.658
       436000721000036         721         436       11997.685
       437005219000584        5219         437       71223.692
       438000125000036         125         438       8.5263158
       438025569000111       25569         438       5461.7727
       440000123000591         123         440       21826.658
       442003023003963        3023         442       313.88889
       443000145001792         145         443       87.935484
       443001002000088        1002         443       11997.685
       444000096002073          96         444       774.68966
       447000191000777         191         447       11997.685
       450001924000220        1924         450       2711.8605
       450002891000036        2891         450       21826.658
       452000095000155          95         452       71223.692
       453000037034633          37         453       21826.658
       453000092000558          92         453       11997.685
       453000138026614         138         453       8.5263158
       453000457000227         457         453       21826.658
       457000137000036         137         457       774.68966
       460000052004524          52         460       5461.7727
       460000053000036          53         460       25.275862
       461024268000036       24268         461       774.68966
       462000289000132         289         462       8405.9107
       462000413000036         413         462       11997.685
       465001882000160        1882         465       71223.692
       469003338000036        3338         469       25.275862
       470000096001715          96         470       8405.9107
       471000195001380         195         471       8405.9107
       471023820000894       23820         471       71223.692
       471023821003953       23821         471       11997.685
       473000106000036         106         473       87.935484
       473000141000350         141         473       21826.658
       474000275000036         275         474       5461.7727
       474014564019086       14564         474       11997.685
       475000117005585         117         475       5461.7727
       475000122003132         122         475       21826.658
       478003933000036        3933         478       2711.8605
       479002343005861        2343         479       25.275862
       479002730000036        2730         479       5461.7727
       479003590000061        3590         479       71223.692
       480000068000036          68         480       87.935484
       480000071002540          71         480       21826.658
       481000095029842          95         481       8405.9107
       482000252000475         252         482       71223.692
       482023453000036       23453         482       774.68966
       483000082017478          82         483       774.68966
       483000096001731          96         483       1721.6129
       485008673041781        8673         485       11997.685
       486000113001900         113         486       1721.6129
       486015400006831       15400         486       11997.685
       487000144024405         144         487       21826.658
       487000251000036         251         487       5461.7727
       488000097000895          97         488       11997.685
       491000129000753         129         491       71223.692
       493008896000619        8896         493       1721.6129
       493008956000036        8956         493       11997.685
       494014769000080       14769         494       71223.692
       495000123004470         123         495       2711.8605
       495000293000332         293         495       21826.658
       497003425008566        3425         497       8.5263158
       497003461000036        3461         497       1721.6129
       498000151065728         151         498       1721.6129
       498000152012445         152         498       313.88889
       498000368000035         368         498       5461.7727
       498000463000036         463         498       5461.7727
       500013374000036       13374         500       87.935484
       500014682000036       14682         500       11997.685
       501000888031926         888         501       21826.658
       501010432000058       10432         501       21826.658
       502002249000695        2249         502       8405.9107
       502028452000036       28452         502       313.88889
       503000209007442         209         503       21826.658
       503000406000036         406         503       2711.8605
       504000077007597          77         504       313.88889
       504000105001785         105         504       71223.692
       504012514003819       12514         504       8405.9107
       505000081000036          81         505       1721.6129
       505016002001381       16002         505       21826.658
       508000128000036         128         508       87.935484
       509000273000067         273         509       11997.685
