        1227
                    24           0           0       34.809524
            4340008077        4340           0       12349.777
            4340014974        4340           0       12349.777
            4340015001        4340           0       12349.777
         1001306000024        1306           1       16457.045
         2005974000024        5974           2       44020.978
         4000035000281          35           4       10599.422
         4000035000065          35           4       2676.3125
         6008285000024        8285           6       12349.777
         7000323000024         323           7       12462.912
         7015542000024       15542           7       16457.045
         7018063000024       18063           7       38020.310
         8012934015513       12934           8       7943.8387
         8012934013455       12934           8       8670.6486
         8012934013494       12934           8       8670.6486
         8012934013511       12934           8       12349.777
        10000763000024         763          10       16457.045
        11000081003445          81          11       12349.777
        11022088000024       22088          11       38020.310
        12000052020136          52          12       12349.777
        12000350000024         350          12       16457.045
        12013934000871       13934          12       12349.777
        13013215000024       13215          13       2676.3125
        14000121000024         121          14       4404.9375
        14011535000024       11535          14       12462.912
        14011705000024       11705          14       12462.912
        15005499000024        5499          15       8670.6486
        16001313000024        1313          16       12349.777
        16002483000024        2483          16       38020.310
        17016492000024       16492          17       44020.978
        19001382000024        1382          19       25322.062
        19001382000038        1382          19       10599.422
        19002198000024        2198          19       44020.978
        20006247001586        6247          20       10599.422
        20006247001457        6247          20       12349.777
        20006247001583        6247          20       12349.777
        20006247004506        6247          20       12349.777
        20006247004659        6247          20       12349.777
        20006247004461        6247          20       8670.6486
        20006247000024        6247          20       102.47619
        20006255000024        6255          20       204.44000
        20006255000925        6255          20       12349.777
        20006255001066        6255          20       12349.777
        20006255001091        6255          20       12349.777
        20006255000937        6255          20       10599.422
        21000623000077         623          21       8670.6486
        21000623000024         623          21       12462.912
        21001581000024        1581          21       16457.045
        22000069000024          69          22       4404.9375
        22003429001976        3429          22       8670.6486
        22003429002000        3429          22       8670.6486
        22003429002606        3429          22       8670.6486
        22003429004886        3429          22       8670.6486
        22003429000024        3429          22       102.47619
        22003429001993        3429          22       10599.422
        22003429003567        3429          22       12349.777
        22003429002304        3429          22       38020.310
        22003429001618        3429          22       38020.310
        22006110000076        6110          22       689.50000
        22006110000941        6110          22       8670.6486
        22006110000946        6110          22       8670.6486
        23004102000024        4102          23       12462.912
        27002028000024        2028          27       25322.062
        29000070009320          70          29       8670.6486
        31000002000024           2          31       16457.045
        33015012000069       15012          33       25322.062
        34000016001836          16          34       8670.6486
        34000016000024          16          34       204.44000
        34000016001039          16          34       12349.777
        34000016001050          16          34       12349.777
        34000016001060          16          34       12349.777
        34000016001250          16          34       12349.777
        34000016001451          16          34       12349.777
        34000038000024          38          34       3138.2800
        34010484008593       10484          34       8670.6486
        34010484006557       10484          34       38020.310
        34010613000024       10613          34       3138.2800
        35006883001966        6883          35       8670.6486
        35006883002173        6883          35       8670.6486
        35006883002185        6883          35       8670.6486
        35006883002863        6883          35       8670.6486
        35006883003120        6883          35       8670.6486
        35006883004151        6883          35       8670.6486
        35006883000024        6883          35       34.809524
        35006883003011        6883          35       12349.777
        35006883002995        6883          35       38020.310
        35006883007136        6883          35       12349.777
        35006883002869        6883          35       12349.777
        35006883001969        6883          35       12349.777
        36008006000024        8006          36       12462.912
        37001074000024        1074          37       25322.062
        37015772000024       15772          37       25322.062
        38000056000024          56          38       689.50000
        38000056000438          56          38       8670.6486
        38000246000024         246          38       4404.9375
        38000246000105         246          38       12349.777
        38014455001818       14455          38       8670.6486
        38014455000024       14455          38       102.47619
        39009265006302        9265          39       204.44000
        39009265007156        9265          39       8670.6486
        39009265007620        9265          39       12349.777
        39009265007140        9265          39       12349.777
        42018962000024       18962          42       8670.6486
        46002505000024        2505          46       7943.8387
        47002068008977        2068          47       8670.6486
        47002068009025        2068          47       8670.6486
        47002068015284        2068          47       8670.6486
        47002068016080        2068          47       12349.777
        47002068016122        2068          47       12349.777
        47002072002117        2072          47       12349.777
        47002072003535        2072          47       10599.422
        47002072001380        2072          47       8670.6486
        47002072003506        2072          47       8670.6486
        47002072003522        2072          47       8670.6486
        49012198000024       12198          49       7943.8387
        49012918000024       12918          49       16457.045
        50014928000024       14928          50       3138.2800
        52000566000024         566          52       7943.8387
        53000119000024         119          53       1299.4706
        53001633000024        1633          53       44020.978
        53003762000024        3762          53       38020.310
        53003762000041        3762          53       12349.777
        53020420000024       20420          53       25322.062
        54020886000024       20886          54       3138.2800
        54021083000024       21083          54       7943.8387
        54021720000024       21720          54       25322.062
        55001139000024        1139          55       16457.045
        56000006000829           6          56       8670.6486
        56000006000978           6          56       8670.6486
        56000006000024           6          56       204.44000
        56000006000666           6          56       12349.777
        56000006001065           6          56       10599.422
        56000006000748           6          56       8670.6486
        57013545000024       13545          57       25322.062
        62013392000024       13392          62       38020.310
        65004447000024        4447          65       38020.310
        67005138000024        5138          67       38020.310
        67014761004454       14761          67       12349.777
        67014761004757       14761          67       8670.6486
        67014761005056       14761          67       8670.6486
        67014761005071       14761          67       8670.6486
        68000005009951           5          68       38020.310
        69000030000024          30          69       2676.3125
        69000030000194          30          69       8670.6486
        70001022000024        1022          70       16457.045
        71004896000024        4896          71       38020.310
        73014321000024       14321          73       2676.3125
        73014762000024       14762          73       7943.8387
        73015711000024       15711          73       16457.045
        74004911002386        4911          74       44020.978
        74004911000024        4911          74       15.230769
        74004911002332        4911          74       10599.422
        74004911002333        4911          74       12349.777
        74004911002347        4911          74       12349.777
        74004911002350        4911          74       12349.777
        74004911002371        4911          74       12349.777
        74004911002320        4911          74       12349.777
        74004911002326        4911          74       12349.777
        75001153000024        1153          75       16457.045
        75001153000054        1153          75       12349.777
        76000034000770          34          76       12349.777
        76000034000865          34          76       12349.777
        76000034000872          34          76       12349.777
        76000034001365          34          76       12349.777
        76000034000731          34          76       12349.777
        76000034000728          34          76       10599.422
        76000034000024          34          76       102.47619
        76000034000783          34          76       8670.6486
        76004329000024        4329          76       38020.310
        77000100000852         100          77       12349.777
        77000100000836         100          77       12349.777
        77000100003015         100          77       12349.777
        77000100005174         100          77       12349.777
        77000100001518         100          77       12349.777
        77000100002429         100          77       8670.6486
        77000100000898         100          77       10599.422
        77004827000024        4827          77       38020.310
        78019679000024       19679          78       4404.9375
        80011613000024       11613          80       25322.062
        80011613000062       11613          80       12349.777
        80013443000024       13443          80       38020.310
        82000072000957          72          82       12349.777
        82000072001125          72          82       12349.777
        82000072000024          72          82       204.44000
        82003263000024        3263          82       44020.978
        82003455000024        3455          82       44020.978
        83000220000024         220          83       3138.2800
        84016830000024       16830          84       102.47619
        84016830003715       16830          84       8670.6486
        84016830001816       16830          84       8670.6486
        84016830002161       16830          84       38020.310
        84016830001979       16830          84       12349.777
        84016830001811       16830          84       12349.777
        86000267000226         267          86       12349.777
        86000267000024         267          86       3138.2800
        86000403000024         403          86       4404.9375
        88004352006146        4352          88       8670.6486
        88009614000024        9614          88       38020.310
        90004954000024        4954          90       25322.062
        93000114001013         114          93       12349.777
        93000114001315         114          93       12349.777
        93000114000972         114          93       12349.777
        93000114001071         114          93       8670.6486
        93000114000024         114          93       204.44000
        93000114000985         114          93       8670.6486
        93000114000966         114          93       8670.6486
        94007488000024        7488          94       12349.777
        95000117010011         117          95       2676.3125
        95019157000024       19157          95       25322.062
        96000195000035         195          96       4404.9375
        97000178000024         178          97       3138.2800
        97001726000024        1726          97       25322.062
        97018898009826       18898          97       12349.777
        97018898008466       18898          97       8670.6486
        97018898010406       18898          97       8670.6486
        97018898010461       18898          97       8670.6486
        98000084000575          84          98       8670.6486
        98000084000662          84          98       8670.6486
        98000084000692          84          98       8670.6486
        98000084000698          84          98       8670.6486
        98000084001605          84          98       8670.6486
        98000084000024          84          98       689.50000
        98000084000854          84          98       12349.777
        98000084000497          84          98       12349.777
        98000084000482          84          98       12349.777
        98000084000472          84          98       12349.777
        99000096000024          96          99       689.50000
       100000000011826           0         100       8670.6486
       100000000012373           0         100       8670.6486
       100000000013033           0         100       10599.422
       100012498000024       12498         100       8670.6486
       100018546000024       18546         100       44020.978
       101004571000024        4571         101       38020.310
       102003805000024        3805         102       44020.978
       102020469000024       20469         102       38020.310
       103001370000024        1370         103       25322.062
       104000016002273          16         104       12349.777
       104000016002678          16         104       12349.777
       104000016002686          16         104       12349.777
       104000016002610          16         104       12349.777
       104000016003059          16         104       12349.777
       104000016002675          16         104       8670.6486
       104000016002867          16         104       8670.6486
       104000016004708          16         104       8670.6486
       104000016010286          16         104       8670.6486
       104000016000024          16         104       34.809524
       104000016002254          16         104       8670.6486
       104000016002245          16         104       8670.6486
       104000016002240          16         104       8670.6486
       104000016002235          16         104       8670.6486
       104000018003640          18         104       8670.6486
       104000018003565          18         104       8670.6486
       104000018000024          18         104       15.230769
       104000018003877          18         104       8670.6486
       104000018003839          18         104       12349.777
       104000018003875          18         104       12349.777
       104000018003630          18         104       12349.777
       104000018003618          18         104       12349.777
       104000018003575          18         104       12349.777
       104000018003610          18         104       12349.777
       104000018003569          18         104       12349.777
       104000018003852          18         104       38020.310
       104000018003886          18         104       38020.310
       104000188000024         188         104       4404.9375
       104003845000024        3845         104       44020.978
       104019802000024       19802         104       2676.3125
       104019934000024       19934         104       4404.9375
       105000117000024         117         105       4404.9375
       105007343000024        7343         105       12462.912
       108003429003374        3429         108       38020.310
       108003429003637        3429         108       12349.777
       108003429003650        3429         108       12349.777
       108003429003654        3429         108       12349.777
       108003429003341        3429         108       12349.777
       108003429003327        3429         108       12349.777
       108003429003361        3429         108       12349.777
       108003429003355        3429         108       12349.777
       108003429003350        3429         108       12349.777
       108003429003626        3429         108       8670.6486
       108003429003630        3429         108       8670.6486
       108003429000024        3429         108       15.230769
       108003429003348        3429         108       8670.6486
       108003429003322        3429         108       8670.6486
       108003429003632        3429         108       10599.422
       109000144026409         144         109       8670.6486
       109000144025286         144         109       102.47619
       109000144027285         144         109       12349.777
       109000144026424         144         109       12349.777
       109000144026410         144         109       12349.777
       109000144026430         144         109       38020.310
       109000144027302         144         109       38020.310
       109000144026891         144         109       38020.310
       109000144026907         144         109       38020.310
       109019071000606       19071         109       12349.777
       109019071000060       19071         109       204.44000
       109019071000702       19071         109       8670.6486
       109019071001777       19071         109       10599.422
       109019072001337       19072         109       10599.422
       109019072000024       19072         109       102.47619
       109019072001071       19072         109       12349.777
       109019072001078       19072         109       12349.777
       109019072001088       19072         109       12349.777
       109019072001094       19072         109       12349.777
       109019072001400       19072         109       38020.310
       110011289000024       11289         110       12462.912
       110011467000024       11467         110       12462.912
       111000104001266         104         111       12349.777
       111000104000024         104         111       689.50000
       111000104000749         104         111       8670.6486
       111000104000855         104         111       12349.777
       111000104001178         104         111       12349.777
       111000129000248         129         111       4404.9375
       111006784000024        6784         111       4404.9375
       111006784000073        6784         111       12349.777
       111006969000024        6969         111       7943.8387
       112009511000024        9511         112       4404.9375
       112009511000126        9511         112       8670.6486
       113013009001003       13009         113       12349.777
       113013009001414       13009         113       12349.777
       113013009000914       13009         113       10599.422
       113013009001859       13009         113       12349.777
       113013009005736       13009         113       12349.777
       113013009001431       13009         113       38020.310
       113013009001146       13009         113       38020.310
       113013009000979       13009         113       38020.310
       115000113011922         113         115       44020.978
       115000113011842         113         115       12349.777
       115000113011258         113         115       8670.6486
       115000113011357         113         115       8670.6486
       115000113010014         113         115       102.47619
       116017566000024       17566         116       12349.777
       119000073001834          73         119       12349.777
       119000073001616          73         119       2676.3125
       120000040000024          40         120       7943.8387
       120000683000024         683         120       44020.978
       122001407000024        1407         122       25322.062
       124009851000156        9851         124       12462.912
       126003743001100        3743         126       12349.777
       126003743002482        3743         126       12349.777
       126003743001658        3743         126       12349.777
       126003743000830        3743         126       12349.777
       126003743001096        3743         126       8670.6486
       126003743000024        3743         126       204.44000
       126003743001190        3743         126       8670.6486
       126003743001389        3743         126       8670.6486
       126003743001541        3743         126       8670.6486
       126003743001930        3743         126       8670.6486
       126003743002225        3743         126       8670.6486
       126004549000024        4549         126       12462.912
       126029127000024       29127         126       44020.978
       127000134004590         134         127       12349.777
       127000134001206         134         127       12349.777
       127000134001568         134         127       12349.777
       127000134001679         134         127       12349.777
       127000134000508         134         127       12349.777
       127000134000702         134         127       8670.6486
       127000134000878         134         127       8670.6486
       127000134000900         134         127       8670.6486
       127000134001697         134         127       8670.6486
       127000134006507         134         127       8670.6486
       127000134000024         134         127       689.50000
       127000177001166         177         127       16457.045
       127016328000024       16328         127       7943.8387
       128000001000024           1         128       15.230769
       128000001004084           1         128       8670.6486
       128000001004096           1         128       8670.6486
       128000001004105           1         128       8670.6486
       128000001002148           1         128       8670.6486
       128000001002108           1         128       8670.6486
       128000001002448           1         128       25322.062
       128000001004119           1         128       38020.310
       128000001002180           1         128       38020.310
       128000001002171           1         128       12349.777
       128000001002141           1         128       12349.777
       128000001002109           1         128       12349.777
       128000001004410           1         128       12349.777
       128000001002395           1         128       12349.777
       128000001002401           1         128       12349.777
       128000001002428           1         128       12349.777
       128000001002812           1         128       12349.777
       128000001002826           1         128       12349.777
       128000001003919           1         128       12349.777
       128000001003929           1         128       12349.777
       128000001003939           1         128       12349.777
       128000001002156           1         128       12349.777
       128000001002122           1         128       12349.777
       128000303000024         303         128       16457.045
       130003557028474        3557         130       12349.777
       130003557028032        3557         130       8670.6486
       130003557027332        3557         130       204.44000
       131005185000024        5185         131       16457.045
       133000059000024          59         133       34.809524
       133000089000024          89         133       1299.4706
       135000886000039         886         135       8670.6486
       135000886000024         886         135       12349.777
       135000980000024         980         135       44020.978
       135006571000024        6571         135       7943.8387
       136004971000024        4971         136       102.47619
       136004971001153        4971         136       8670.6486
       136004971001152        4971         136       8670.6486
       136004971001160        4971         136       38020.310
       137000032006032          32         137       8670.6486
       139001640000024        1640         139       38020.310
       139008491001555        8491         139       12349.777
       139008491001567        8491         139       12349.777
       139008491001580        8491         139       12349.777
       139008491001583        8491         139       12349.777
       139008491001432        8491         139       8670.6486
       139008491001455        8491         139       8670.6486
       139008491001457        8491         139       8670.6486
       139008491003743        8491         139       8670.6486
       139008491000024        8491         139       102.47619
       139008965000138        8965         139       12462.912
       141005428010394        5428         141       34.809524
       141005428013009        5428         141       8670.6486
       141005428013000        5428         141       8670.6486
       141005428011871        5428         141       8670.6486
       141005428013030        5428         141       10599.422
       141005428013019        5428         141       12349.777
       141005428013004        5428         141       12349.777
       141005428012771        5428         141       12349.777
       141005428012780        5428         141       12349.777
       141005428012789        5428         141       12349.777
       141005428012794        5428         141       12349.777
       141005428013910        5428         141       12349.777
       141005428011885        5428         141       12349.777
       141005428011907        5428         141       12349.777
       141005428011901        5428         141       12349.777
       141005428011892        5428         141       12349.777
       141005428011887        5428         141       12349.777
       141005428013014        5428         141       38020.310
       141005428013963        5428         141       38020.310
       141005428011910        5428         141       44020.978
       142009152000689        9152         142       44020.978
       142009152000949        9152         142       12349.777
       142009152000532        9152         142       12349.777
       142009152000684        9152         142       12349.777
       142009152003150        9152         142       12349.777
       142009152001878        9152         142       12349.777
       142009152000489        9152         142       12349.777
       142009152000492        9152         142       10599.422
       142009152001896        9152         142       8670.6486
       142009152002434        9152         142       8670.6486
       142009152003057        9152         142       8670.6486
       142009152001868        9152         142       8670.6486
       142009152000024        9152         142       204.44000
       142010335000024       10335         142       16457.045
       143000590000024         590         143       25322.062
       143004687000086        4687         143       16457.045
       143007538000024        7538         143       44020.978
       143009418000024        9418         143       12349.777
       145007102000136        7102         145       25322.062
       147012303000480       12303         147       25322.062
       148000039007847          39         148       12349.777
       148000039011304          39         148       8670.6486
       148001607000024        1607         148       16457.045
       149000134000024         134         149       4404.9375
       149005469000024        5469         149       44020.978
       150000139000024         139         150       1299.4706
       154000061008360          61         154       12349.777
       154000061013375          61         154       12349.777
       154000061015822          61         154       12349.777
       154000081000400          81         154       12349.777
       154000081000803          81         154       12349.777
       154000081000024          81         154       689.50000
       154000081000388          81         154       8670.6486
       157009520000024        9520         157       102.47619
       157009520001215        9520         157       12349.777
       157009520001251        9520         157       12349.777
       157009520001260        9520         157       12349.777
       157009520001611        9520         157       12349.777
       157009520007775        9520         157       12349.777
       159000083002944          83         159       12462.912
       160000018000024          18         160       15.230769
       160000018001856          18         160       8670.6486
       160000311000024         311         160       7943.8387
       161000046000024          46         161       689.50000
       161000046000511          46         161       8670.6486
       161000046000944          46         161       8670.6486
       161000046000730          46         161       12349.777
       161000046000737          46         161       12349.777
       161000046000882          46         161       12349.777
       161000046000676          46         161       38020.310
       165001567000024        1567         165       25322.062
       165024837000024       24837         165       8670.6486
       168008691000024        8691         168       1299.4706
       168008691000264        8691         168       12349.777
       168008691000469        8691         168       12349.777
       169000043007688          43         169       12349.777
       169000043007712          43         169       8670.6486
       170008492000024        8492         170       12349.777
       174000107000699         107         174       12349.777
       174000107000628         107         174       8670.6486
       174000107000024         107         174       689.50000
       175003984000024        3984         175       25322.062
       175004153000024        4153         175       38020.310
       176003378000024        3378         176       3138.2800
       177016826000024       16826         177       12349.777
       178015168000699       15168         178       7943.8387
       179021204000024       21204         179       204.44000
       179021204000711       21204         179       8670.6486
       179021204000718       21204         179       8670.6486
       182000810000024         810         182       16457.045
       183017827000024       17827         183       12349.777
       185015310000662       15310         185       12349.777
       185015310001014       15310         185       12349.777
       185015310000638       15310         185       8670.6486
       185015310000024       15310         185       204.44000
       185015329000024       15329         185       3138.2800
       185015329000234       15329         185       8670.6486
       186000110001245         110         186       10599.422
       186000110000024         110         186       102.47619
       186000110001209         110         186       8670.6486
       186000110001916         110         186       8670.6486
       186000110002211         110         186       8670.6486
       186000110002225         110         186       12349.777
       186000110002508         110         186       12349.777
       186000110001210         110         186       12349.777
       186000110001212         110         186       12349.777
       186000110001201         110         186       12349.777
       186000110001256         110         186       12349.777
       186000110001359         110         186       12349.777
       188003945009539        3945         188       12349.777
       188003945009694        3945         188       8670.6486
       188003945009343        3945         188       2676.3125
       188004434000441        4434         188       7943.8387
       188009184000024        9184         188       44020.978
       190000054004306          54         190       38020.310
       190000054003958          54         190       12349.777
       190000054003428          54         190       12349.777
       190000054003657          54         190       12349.777
       190000054003661          54         190       12349.777
       190000054003679          54         190       12349.777
       190000054003416          54         190       12349.777
       190000054003406          54         190       8670.6486
       190000054003408          54         190       8670.6486
       190000054003651          54         190       8670.6486
       190000054004322          54         190       8670.6486
       190000054004327          54         190       8670.6486
       190000054000024          54         190       15.230769
       190000054003423          54         190       10599.422
       190000054003683          54         190       10599.422
       190004185000814        4185         190       12349.777
       190005915000024        5915         190       25322.062
       190006957000024        6957         190       44020.978
       191024440000824       24440         191       12349.777
       191024440000024       24440         191       204.44000
       192018262000024       18262         192       44020.978
       193017116000024       17116         193       2676.3125
       193017116000465       17116         193       8670.6486
       194000045000024          45         194       15.230769
       194020585000060       20585         194       38020.310
       194020585000024       20585         194       25322.062
       195000146000024         146         195       3138.2800
       196002830000024        2830         196       44020.978
       197003897000024        3897         197       44020.978
       198000174000132         174         198       12349.777
       198000174000142         174         198       12349.777
       198000174000274         174         198       12349.777
       198000174000024         174         198       3138.2800
       199000199000024         199         199       3138.2800
       199000199000199         199         199       8670.6486
       200016217001105       16217         200       7943.8387
       201000136000024         136         201       7943.8387
       201000136000121         136         201       8670.6486
       202016573000024       16573         202       44020.978
       204011660011173       11660         204       15.230769
       204011686015458       11686         204       12349.777
       205000112001389         112         205       2676.3125
       206014927000024       14927         206       12349.777
       209002052002218        2052         209       12349.777
       209002052002834        2052         209       12349.777
       209002052002969        2052         209       12349.777
       209002052003235        2052         209       12349.777
       209002052002055        2052         209       38020.310
       209002052000348        2052         209       34.809524
       209002052002824        2052         209       8670.6486
       209002052002210        2052         209       8670.6486
       209002052002497        2052         209       8670.6486
       209002052002501        2052         209       8670.6486
       209002052002507        2052         209       8670.6486
       209002052002982        2052         209       8670.6486
       209002052002551        2052         209       10599.422
       210004472010757        4472         210       12349.777
       210004472010811        4472         210       12349.777
       211000338022222         338         211       12349.777
       213000147000024         147         213       34.809524
       213000190000024         190         213       1299.4706
       213000190000400         190         213       8670.6486
       213000190000289         190         213       8670.6486
       213000190000335         190         213       12349.777
       214010848000024       10848         214       16457.045
       216006052000024        6052         216       7943.8387
       218005494001963        5494         218       8670.6486
       218005494002048        5494         218       8670.6486
       218005494000024        5494         218       34.809524
       218005494005681        5494         218       8670.6486
       218005494002077        5494         218       8670.6486
       218005494002090        5494         218       38020.310
       218005494002055        5494         218       12349.777
       218005494001936        5494         218       12349.777
       218005494001947        5494         218       12349.777
       218005494002252        5494         218       12349.777
       218005494002396        5494         218       12349.777
       218005494002822        5494         218       12349.777
       218005494003487        5494         218       12349.777
       218005513001975        5513         218       3138.2800
       218005536000024        5536         218       1299.4706
       218005536000259        5536         218       10599.422
       219021362000195       21362         219       8670.6486
       219021362000203       21362         219       10599.422
       219021362000024       21362         219       1299.4706
       222000124000024         124         222       4404.9375
       223000187000024         187         223       15.230769
       223000187002775         187         223       10599.422
       223000187002774         187         223       8670.6486
       223000187011500         187         223       8670.6486
       223000187011749         187         223       8670.6486
       223000187012101         187         223       8670.6486
       223000187013466         187         223       8670.6486
       223000187002776         187         223       38020.310
       223000187011777         187         223       38020.310
       224000237000154         237         224       8670.6486
       224000237000024         237         224       4404.9375
       225000092000024          92         225       204.44000
       225000092001172          92         225       8670.6486
       225000092001180          92         225       8670.6486
       225000092001406          92         225       8670.6486
       225000092001521          92         225       10599.422
       225000092001899          92         225       12349.777
       225001102000024        1102         225       16457.045
       226000085016304          85         226       12349.777
       226000085016468          85         226       12349.777
       226000085016286          85         226       8670.6486
       226000085015564          85         226       204.44000
       227000115012245         115         227       8670.6486
       227000115014125         115         227       8670.6486
       227000116002150         116         227       8670.6486
       227000116002587         116         227       8670.6486
       227000116002602         116         227       8670.6486
       227000116002992         116         227       8670.6486
       227000116003020         116         227       8670.6486
       227000116003314         116         227       8670.6486
       227000116000024         116         227       34.809524
       227000116002590         116         227       12349.777
       227000116003035         116         227       12349.777
       227012785000024       12785         227       16457.045
       227013191000024       13191         227       16457.045
       228004994008736        4994         228       38020.310
       228004994015694        4994         228       12349.777
       228004994015982        4994         228       12349.777
       228004994015989        4994         228       12349.777
       228004994016069        4994         228       12349.777
       228004994014861        4994         228       204.44000
       228004994009236        4994         228       10599.422
       228016730000024       16730         228       12349.777
       229000696000024         696         229       44020.978
       229003195000024        3195         229       16457.045
       229003195000089        3195         229       12349.777
       230008105000024        8105         230       38020.310
       233002629000024        2629         233       25322.062
       235001600000029        1600         235       10599.422
       235001600000024        1600         235       8670.6486
       236007672000024        7672         236       25322.062
       238000069005067          69         238       38020.310
       238000069005065          69         238       8670.6486
       239000136011048         136         239       8670.6486
       239000136012165         136         239       8670.6486
       239000136012793         136         239       8670.6486
       239000136012866         136         239       38020.310
       239001076000024        1076         239       12462.912
       242009390000525        9390         242       8670.6486
       242009390000024        9390         242       689.50000
       244004930045527        4930         244       10599.422
       244004930046730        4930         244       12349.777
       245000182001763         182         245       12349.777
       245000182001771         182         245       12349.777
       245000182001775         182         245       12349.777
       245000182002964         182         245       12349.777
       245000182003191         182         245       12349.777
       245000182006394         182         245       12349.777
       245000182001918         182         245       12349.777
       245000182002110         182         245       12349.777
       245000182002122         182         245       12349.777
       245000182002827         182         245       12349.777
       245000182001788         182         245       38020.310
       245000182002840         182         245       8670.6486
       245000182000024         182         245       34.809524
       245001589000024        1589         245       25322.062
       246000124011485         124         246       12349.777
       246002458007362        2458         246       8670.6486
       246002470001055        2470         246       8670.6486
       246002470000024        2470         246       204.44000
       246002470001058        2470         246       12349.777
       246002470001075        2470         246       12349.777
       248004933000024        4933         248       38020.310
       252012643000024       12643         252       25322.062
       253019024000024       19024         253       12349.777
       255020415000024       20415         255       1299.4706
       256001130000024        1130         256       16457.045
       257001133000024        1133         257       16457.045
       257002576000024        2576         257       25322.062
       258003276000024        3276         258       25322.062
       258016603000024       16603         258       8670.6486
       259001385000187        1385         259       8670.6486
       259001385000024        1385         259       1299.4706
       262010986000024       10986         262       25322.062
       263003926003250        3926         263       12349.777
       263003926003256        3926         263       12349.777
       263003926000069        3926         263       15.230769
       263003926003267        3926         263       10599.422
       265009396001078        9396         265       10599.422
       265009396001723        9396         265       8670.6486
       265009396003835        9396         265       8670.6486
       265009396000024        9396         265       102.47619
       265009396001464        9396         265       12349.777
       265009396003168        9396         265       12349.777
       265009396003330        9396         265       12349.777
       265009396001303        9396         265       38020.310
       265015965000024       15965         265       38020.310
       266011457000024       11457         266       12349.777
       269000114000024         114         269       4404.9375
       269005726000024        5726         269       25322.062
       273013123007291       13123         273       12349.777
       273013123007295       13123         273       12349.777
       273013123007435       13123         273       12349.777
       273013123007491       13123         273       12349.777
       273013123008065       13123         273       12349.777
       273013123007685       13123         273       12349.777
       273013123008926       13123         273       12349.777
       273013123006250       13123         273       102.47619
       273013123008085       13123         273       8670.6486
       273013123008217       13123         273       8670.6486
       273013123008221       13123         273       8670.6486
       273013123008607       13123         273       8670.6486
       273013123007673       13123         273       8670.6486
       273013123007784       13123         273       8670.6486
       273013123007790       13123         273       8670.6486
       273013123007800       13123         273       8670.6486
       275010658000024       10658         275       12349.777
       276000077000024          77         276       3138.2800
       277000056001745          56         277       8670.6486
       277000056001721          56         277       12349.777
       278005686000024        5686         278       12349.777
       278017209000024       17209         278       16457.045
       278017209000066       17209         278       8670.6486
       279000212000024         212         279       4404.9375
       281000064000024          64         281       689.50000
       281000064001128          64         281       8670.6486
       281000064001000          64         281       8670.6486
       281000064000684          64         281       8670.6486
       281000064001092          64         281       10599.422
       281000064000730          64         281       12349.777
       281000073001111          73         281       12349.777
       281000073000844          73         281       2676.3125
       281000429000024         429         281       7943.8387
       281002826000024        2826         281       38020.310
       284000139000355         139         284       12349.777
       284000139000024         139         284       2676.3125
       286006332002390        6332         286       3138.2800
       287006738000024        6738         287       12349.777
       288000297000024         297         288       4404.9375
       289000571000024         571         289       16457.045
       289008840000024        8840         289       12349.777
       290000864000024         864         290       12462.912
       292000238000024         238         292       25322.062
       292009766000024        9766         292       44020.978
       294001563000024        1563         294       12462.912
       294001563000048        1563         294       12349.777
       296003841085221        3841         296       8670.6486
       296004595000024        4595         296       12462.912
       296028057010842       28057         296       12462.912
       297001907000024        1907         297       25322.062
       297003538000024        3538         297       38020.310
       301000221000024         221         301       4404.9375
       301000314000024         314         301       4404.9375
       303005901000024        5901         303       4404.9375
       303005982000024        5982         303       12462.912
       305000836000024         836         305       7943.8387
       305001581000024        1581         305       16457.045
       306002756000024        2756         306       25322.062
       306027223000024       27223         306       25322.062
       306028115000024       28115         306       12349.777
       309000110000290         110         309       15.230769
       309001140000024        1140         309       3138.2800
       309001140000172        1140         309       38020.310
       309003098000024        3098         309       44020.978
       310002684000024        2684         310       25322.062
       310009650000024        9650         310       12349.777
       310013166000024       13166         310       8670.6486
       311001992000024        1992         311       7943.8387
       311011838000024       11838         311       12349.777
       312000056012663          56         312       8670.6486
       312000056013594          56         312       8670.6486
       312022821000541       22821         312       8670.6486
       312022821000684       22821         312       10599.422
       312022821000024       22821         312       204.44000
       312022821001110       22821         312       12349.777
       312022821001456       22821         312       12349.777
       312022821000548       22821         312       12349.777
       315000138000024         138         315       689.50000
       315000138000437         138         315       8670.6486
       315000138000594         138         315       8670.6486
       315012048000024       12048         315       12462.912
       317002383000024        2383         317       44020.978
       317002383000050        2383         317       10599.422
       317020862000040       20862         317       8670.6486
       317020862000024       20862         317       38020.310
       317021239000024       21239         317       38020.310
       319000120003559         120         319       38020.310
       319000120003560         120         319       38020.310
       319000120003575         120         319       16457.045
       319000120003549         120         319       12349.777
       319000120003540         120         319       8670.6486
       319000120003544         120         319       10599.422
       319000120000024         120         319       15.230769
       322004641000024        4641         322       2676.3125
       323007510000024        7510         323       12462.912
       325000076000212          76         325       14621.333
       325000076000215          76         325       12349.777
       325000076000733          76         325       12349.777
       325000076000797          76         325       12349.777
       325000076000024          76         325       1299.4706
       325010670000042       10670         325       8670.6486
       325010670000024       10670         325       25322.062
       329004913000024        4913         329       16457.045
       330000244000078         244         330       12349.777
       330000244000087         244         330       12349.777
       330000244000099         244         330       12349.777
       330000244000024         244         330       3138.2800
       330000494000024         494         330       12462.912
       330003160000024        3160         330       25322.062
       331001663000463        1663         331       38020.310
       331001663000437        1663         331       12349.777
       331001663000455        1663         331       12349.777
       331001663000024        1663         331       1299.4706
       331001663000562        1663         331       8670.6486
       331001663000757        1663         331       8670.6486
       331001663000420        1663         331       10599.422
       333010414000024       10414         333       16457.045
       334006570000185        6570         334       12349.777
       334006570000024        6570         334       4404.9375
       335003649000024        3649         335       3138.2800
       335003649000115        3649         335       8670.6486
       335029601000695       29601         335       8670.6486
       335029601001094       29601         335       8670.6486
       335029601000024       29601         335       204.44000
       335029601000711       29601         335       12349.777
       335029601000652       29601         335       12349.777
       335029601000679       29601         335       12349.777
       335029601000592       29601         335       12349.777
       335029601000601       29601         335       38020.310
       336000029005701          29         336       15.230769
       336000029012979          29         336       8670.6486
       336000029014037          29         336       8670.6486
       336003867000024        3867         336       44020.978
       338000062015236          62         338       102.47619
       340000061015120          61         340       8670.6486
       340000061012328          61         340       8670.6486
       340000061014752          61         340       12349.777
       340000061012272          61         340       12349.777
       340000061012309          61         340       12349.777
       340021217002518       21217         340       12349.777
       340021217002726       21217         340       12349.777
       340021217003390       21217         340       12349.777
       340021217002640       21217         340       14621.333
       340021217002508       21217         340       8670.6486
       340021217003537       21217         340       8670.6486
       340021217002526       21217         340       8670.6486
       340021217002642       21217         340       8670.6486
       340021217003513       21217         340       10599.422
       340021217000024       21217         340       34.809524
       341001499000024        1499         341       25322.062
       343005830000024        5830         343       38020.310
       346000091000024          91         346       1299.4706
       346000091000368          91         346       8670.6486
       346000091000434          91         346       8670.6486
       347000127001068         127         347       8670.6486
       347000127002886         127         347       10599.422
       347000127000024         127         347       204.44000
       347000127003054         127         347       12349.777
       347000127001072         127         347       12349.777
       347000127001390         127         347       12349.777
       348009104010132        9104         348       12349.777
       348009104011613        9104         348       38020.310
       348009104014202        9104         348       8670.6486
       349000328000024         328         349       12462.912
       350013707000024       13707         350       44020.978
       351002126000024        2126         351       44020.978
       353000034000024          34         353       44020.978
       353005708000024        5708         353       38020.310
       353007076000024        7076         353       8670.6486
       355010840001792       10840         355       8670.6486
       355010840002155       10840         355       8670.6486
       355010840002848       10840         355       8670.6486
       355010840002963       10840         355       8670.6486
       355010840004382       10840         355       8670.6486
       355010840001174       10840         355       8670.6486
       355010840001176       10840         355       8670.6486
       355010840000024       10840         355       102.47619
       355010840001801       10840         355       12349.777
       355010840002181       10840         355       12349.777
       355010840002825       10840         355       12349.777
       355010840001188       10840         355       12349.777
       355010840001335       10840         355       12349.777
       355010840001542       10840         355       12349.777
       355010840001560       10840         355       12349.777
       356014772000024       14772         356       4404.9375
       356018075000024       18075         356       38020.310
       358003907000024        3907         358       38020.310
       359000103012690         103         359       12349.777
       359000103012791         103         359       10599.422
       359000103012741         103         359       8670.6486
       359000103012760         103         359       8670.6486
       359015206000024       15206         359       44020.978
       360013905000024       13905         360       38020.310
       361000058001584          58         361       12349.777
       361000058001579          58         361       8670.6486
       361000058000024          58         361       102.47619
       363002181000024        2181         363       25322.062
       363021581000024       21581         363       1299.4706
       363021581001204       21581         363       8670.6486
       365000175000309         175         365       8670.6486
       365000494000024         494         365       16457.045
       366001180000282        1180         366       7943.8387
       367000798000024         798         367       12462.912
       367014438000024       14438         367       1299.4706
       367014438000308       14438         367       8670.6486
       371010112000746       10112         371       8670.6486
       371010112000024       10112         371       1299.4706
       372008571000024        8571         372       8670.6486
       374000505000024         505         374       12462.912
       377019249000024       19249         377       44020.978
       378000917000024         917         378       16457.045
       378001561000024        1561         378       25322.062
       381000174000510         174         381       8670.6486
       381000174000024         174         381       1299.4706
       381001526000024        1526         381       16457.045
       383010135000024       10135         383       38020.310
       386000096001907          96         386       12349.777
       386000096000778          96         386       204.44000
       386000096002071          96         386       8670.6486
       386020716013023       20716         386       8670.6486
       386020745000024       20745         386       3138.2800
       387000098005267          98         387       7943.8387
       388000002000024           2         388       4404.9375
       388000259000148         259         388       7943.8387
       388009877000024        9877         388       3138.2800
       388009877000198        9877         388       12349.777
       389001726000024        1726         389       16457.045
       390000580000024         580         390       16457.045
       395000512000024         512         395       12462.912
       396006696000024        6696         396       44020.978
       396007983000024        7983         396       44020.978
       398000072000024          72         398       34.809524
       398003307000024        3307         398       38020.310
       400000565000024         565         400       16457.045
       400020524000024       20524         400       8670.6486
       404004207000024        4207         404       44020.978
       404007159000024        7159         404       8670.6486
       406002119001168        2119         406       25322.062
       407022695004788       22695         407       12349.777
       407022695004342       22695         407       689.50000
       407023205000024       23205         407       16457.045
       407024367000024       24367         407       44020.978
       408000937000024         937         408       12462.912
       408000937000059         937         408       10599.422
       408019323000024       19323         408       25322.062
       409000094002598          94         409       12349.777
       409000094002635          94         409       12349.777
       409000094001796          94         409       12349.777
       409000094001776          94         409       12349.777
       409000094001789          94         409       8670.6486
       409000094002418          94         409       8670.6486
       409000094002646          94         409       8670.6486
       409000094002826          94         409       8670.6486
       409000094000024          94         409       34.809524
       409000318000024         318         409       4404.9375
       410000069005164          69         410       3138.2800
       410013376000024       13376         410       2676.3125
       410013376000497       13376         410       8670.6486
       410013376000284       13376         410       12349.777
       411000153002097         153         411       12349.777
       411000153002102         153         411       12349.777
       411000153002336         153         411       12349.777
       411000153002552         153         411       12349.777
       411000153002555         153         411       12349.777
       411000153002871         153         411       12349.777
       411000153003108         153         411       12349.777
       411000153003084         153         411       8670.6486
       411000153003095         153         411       8670.6486
       411000153000024         153         411       34.809524
       411016630000024       16630         411       2676.3125
       411016630000327       16630         411       12349.777
       411016630000428       16630         411       12349.777
       411016931000024       16931         411       7943.8387
       417000897000024         897         417       12462.912
       417023356000024       23356         417       38020.310
       417024323000024       24323         417       12349.777
       419000171000024         171         419       4404.9375
       420008606000024        8606         420       38020.310
       423000120004091         120         423       12349.777
       423000120007571         120         423       12349.777
       423000120003840         120         423       12349.777
       423000120001640         120         423       12349.777
       423000120000024         120         423       34.809524
       423000120004902         120         423       8670.6486
       423000120005379         120         423       8670.6486
       423000120003852         120         423       8670.6486
       423000120001642         120         423       8670.6486
       423000120001649         120         423       8670.6486
       423000120001835         120         423       8670.6486
       423000120003377         120         423       8670.6486
       423000120003380         120         423       8670.6486
       423000120004709         120         423       10599.422
       423009637000024        9637         423       4404.9375
       424013334000024       13334         424       4404.9375
       426018283000024       18283         426       25322.062
       427017269000024       17269         427       16457.045
       428000115000341         115         428       7943.8387
       429000104042831         104         429       102.47619
       429000104047244         104         429       8670.6486
       429000104047821         104         429       8670.6486
       429000104045296         104         429       8670.6486
       429000104046739         104         429       38020.310
       429000104046484         104         429       12349.777
       429000104046492         104         429       12349.777
       429000104046759         104         429       12349.777
       430008535000024        8535         430       34.809524
       430008555000024        8555         430       689.50000
       430008555000598        8555         430       8670.6486
       430008555000603        8555         430       8670.6486
       430008555000836        8555         430       8670.6486
       430008555000885        8555         430       8670.6486
       431000191002238         191         431       204.44000
       431000191003112         191         431       12349.777
       431000191003407         191         431       38020.310
       431006111000024        6111         431       38020.310
       435000526000024         526         435       12462.912
       435000526000057         526         435       8670.6486
       436000074005871          74         436       8670.6486
       436000074005887          74         436       8670.6486
       436000074005942          74         436       8670.6486
       436000074006691          74         436       8670.6486
       436000074007141          74         436       8670.6486
       436000074005278          74         436       10599.422
       436000074010446          74         436       12349.777
       436004156000024        4156         436       12349.777
       436017605000024       17605         436       3138.2800
       436024990000024       24990         436       8670.6486
       438000129006296         129         438       8670.6486
       438000129002513         129         438       8670.6486
       438000129002165         129         438       8670.6486
       438000129002165         129         438       8670.6486
       438000129001636         129         438       8670.6486
       438000129001636         129         438       8670.6486
       438000129001630         129         438       8670.6486
       438000129001630         129         438       8670.6486
       438000129000024         129         438       34.809524
       438000129000024         129         438       34.809524
       438000129002293         129         438       12349.777
       438000129002298         129         438       12349.777
       438000129002323         129         438       12349.777
       438000129002505         129         438       12349.777
       438000129002156         129         438       12349.777
       438000129002156         129         438       12349.777
       438000129002979         129         438       12349.777
       438000129004299         129         438       12349.777
       438000129006136         129         438       12349.777
       438000129001622         129         438       12349.777
       438000129001622         129         438       12349.777
       438000129001621         129         438       12349.777
       438000129001621         129         438       12349.777
       438000129001637         129         438       38020.310
       438000129001637         129         438       38020.310
       438025805000024       25805         438       16457.045
       439001256000024        1256         439       12462.912
       442004823000024        4823         442       25322.062
       442005172000024        5172         442       44020.978
       442005910000024        5910         442       44020.978
       447001159000024        1159         447       38020.310
       450002199000024        2199         450       4404.9375
       454000111000024         111         454       689.50000
       454000111001099         111         454       8670.6486
       454000111000628         111         454       12349.777
       454000111000631         111         454       12349.777
       454000111000634         111         454       12349.777
       454000111000726         111         454       12349.777
       454000111001110         111         454       12349.777
       455000528000024         528         455       7943.8387
       456000398000024         398         456       7943.8387
       457000088000024          88         457       204.44000
       457000088000793          88         457       8670.6486
       457000088000798          88         457       12349.777
       457000088000806          88         457       12349.777
       457000088001204          88         457       12349.777
       457000088000681          88         457       12349.777
       463000037000070          37         463       12462.912
       463011303000024       11303         463       12349.777
       466018216002556       18216         466       12349.777
       466018216002002       18216         466       12349.777
       466018216003796       18216         466       12349.777
       466018216002096       18216         466       38020.310
       466018216001498       18216         466       38020.310
       466018216004300       18216         466       8670.6486
       466018216003453       18216         466       8670.6486
       466018216001497       18216         466       8670.6486
       466018216000052       18216         466       102.47619
       467000112000088         112         467       204.44000
       467000112000757         112         467       10599.422
       467000112001347         112         467       8670.6486
       467000112001684         112         467       8670.6486
       467000112000928         112         467       8670.6486
       467000112000931         112         467       12349.777
       467000112001179         112         467       12349.777
       467000112001193         112         467       12349.777
       467000231000161         231         467       8670.6486
       467000231000024         231         467       3138.2800
       467000278000024         278         467       7943.8387
       469003385000024        3385         469       2676.3125
       469003385000222        3385         469       12349.777
       469003698000024        3698         469       7943.8387
       470002640000024        2640         470       44020.978
       470004017000024        4017         470       44020.978
       471023869000429       23869         471       12349.777
       471023869000355       23869         471       7943.8387
       471024721000024       24721         471       25322.062
       473000101001941         101         473       12349.777
       473000101001928         101         473       12349.777
       473000101003791         101         473       12349.777
       473000101003807         101         473       12349.777
       473000101004207         101         473       12349.777
       473000101004393         101         473       12349.777
       473000101004560         101         473       12349.777
       473000101002281         101         473       12349.777
       473000101002286         101         473       12349.777
       473000101002510         101         473       12349.777
       473000101002850         101         473       12349.777
       473000101000024         101         473       34.809524
       473000101000024         101         473       34.809524
       473000101002498         101         473       8670.6486
       473000101008235         101         473       8670.6486
       473000101002131         101         473       8670.6486
       473000101002145         101         473       8670.6486
       473000101002151         101         473       8670.6486
       473000101002858         101         473       8670.6486
       473000101002306         101         473       10599.422
       475020602000024       20602         475       12462.912
       476000332000024         332         476       4404.9375
       477008157010634        8157         477       38020.310
       478003899001447        3899         478       38020.310
       478003899001410        3899         478       12349.777
       478003899001976        3899         478       12349.777
       478003899001995        3899         478       12349.777
       478003899001286        3899         478       12349.777
       478003899000024        3899         478       102.47619
       478003899001421        3899         478       8670.6486
       478003899001967        3899         478       8670.6486
       478003899002547        3899         478       8670.6486
       478003899004155        3899         478       8670.6486
       478003899006260        3899         478       8670.6486
       478003899007940        3899         478       8670.6486
       478003899001281        3899         478       8670.6486
       480000398000077         398         480       8670.6486
       480000398000024         398         480       7943.8387
       480001054000070        1054         480       10599.422
       480001054000024        1054         480       16457.045
       483001996000024        1996         483       25322.062
       486015632000057       15632         486       8670.6486
       486015632000024       15632         486       7943.8387
       488000431000024         431         488       12462.912
       489000201000024         201         489       3138.2800
       489001001000024        1001         489       16457.045
       489001001000054        1001         489       12349.777
       489003436000024        3436         489       44020.978
       489020626000024       20626         489       4404.9375
       489020626000117       20626         489       8670.6486
       494004266000024        4266         494       38020.310
       495003332000024        3332         495       44020.978
       495014919000024       14919         495       12349.777
       499009318000024        9318         499       12462.912
       500000080015595          80         500       38020.310
       500000080014405          80         500       12349.777
       500000080011060          80         500       12349.777
       500000080010470          80         500       8670.6486
       500000080011084          80         500       8670.6486
       500000081000838          81         500       8670.6486
       500000081000024          81         500       204.44000
       500000081000840          81         500       12349.777
       500000081001042          81         500       12349.777
       500000081001467          81         500       12349.777
       500000081005366          81         500       14621.333
       500013361001649       13361         500       12349.777
       500013361001702       13361         500       25322.062
       500013361001650       13361         500       38020.310
       500013361000024       13361         500       102.47619
       500013361001893       13361         500       8670.6486
       500016862000024       16862         500       44020.978
       504001079000024        1079         504       25322.062
       505003111000024        3111         505       8670.6486
       506000622000024         622         506       44020.978
       506000622000044         622         506       38020.310
       506004799000024        4799         506       38020.310
       506020268000024       20268         506       3138.2800
       507000118000024         118         507       34.809524
       507000118002612         118         507       8670.6486
       507000118002621         118         507       8670.6486
       507000118002629         118         507       8670.6486
       507000118002014         118         507       10599.422
       507000118002005         118         507       8670.6486
       507000118002017         118         507       12349.777
       507000118002016         118         507       12349.777
       507000118002011         118         507       12349.777
       507000118002412         118         507       12349.777
       507000118002424         118         507       12349.777
       507000118002443         118         507       12349.777
       507001534000024        1534         507       16457.045
       507001824000024        1824         507       16457.045
       508000135001021         135         508       12349.777
       508000135001323         135         508       8670.6486
       508000135000690         135         508       8670.6486
       508000135000864         135         508       8670.6486
       508000135000540         135         508       8670.6486
       508000135000024         135         508       689.50000
       508000164000024         164         508       1299.4706
       508000164000649         164         508       12349.777
       508000344000024         344         508       4404.9375
