         482
                     2           0           0       5.8965517
               8000002           8           0       121.85714
         1002632000002        2632           1       14810.667
         3000048000002          48           3       819.35000
         4000006000002           6           4       264.42105
         4021446000002       21446           4       14810.667
         6000037000002          37           6       5.8965517
         6003674000002        3674           6       19502.750
         7000848000204         848           7       9609.6923
         7015434000002       15434           7       9609.6923
         8012933000372       12933           8       5.8965517
         8014670000002       14670           8       19502.750
         9000850000002         850           9       9609.6923
         9001674000002        1674           9       19502.750
         9019805000002       19805           9       9609.6923
        10021659000002       21659          10       33967.000
        12014784000002       14784          12       14810.667
        15000305000002         305          15       5077.8889
        15009757000002        9757          15       3433.3333
        15010691000002       10691          15       9609.6923
        16001927000002        1927          16       19502.750
        17000555000002         555          17       7832.7586
        17014969000002       14969          17       7832.7586
        18001190000002        1190          18       264.42105
        20000000000002           0          20       1.0000000
        22003423000002        3423          22       37.846154
        23003330000002        3330          23       1.0000000
        24000065000002          65          24       819.35000
        25005421000002        5421          25       121.85714
        26001282000002        1282          26       19502.750
        30024073000002       24073          30       271578.60
        31008799000002        8799          31       5077.8889
        33001220000002        1220          33       14810.667
        34010485000002       10485          34       89.846154
        34010495000002       10495          34       264.42105
        34010514000002       10514          34       819.35000
        35000762000002         762          35       14810.667
        35006890000002        6890          35       264.42105
        35008992000002        8992          35       14810.667
        36005497000002        5497          36       271578.60
        36008080000002        8080          36       9609.6923
        38014451000002       14451          38       5.8965517
        38014455012230       14455          38       33967.000
        39009262000002        9262          39       5.8965517
        39009635000002        9635          39       5077.8889
        39013163001828       13163          39       5.8965517
        40000000000002           0          40       37.846154
        40008124000002        8124          40       264.42105
        41016008000038       16008          41       271578.60
        42006822000002        6822          42       89.846154
        42009004000002        9004          42       14810.667
        43028324000002       28324          43       14810.667
        46002134000002        2134          46       819.35000
        46004774000002        4774          46       14810.667
        48005546000002        5546          48       117438.48
        48017680000002       17680          48       19502.750
        50002030000002        2030          50       33967.000
        51018198000002       18198          51       1907.6667
        52001347000096        1347          52       117438.48
        52003951000002        3951          52       33967.000
        52004070000002        4070          52       33967.000
        53002953000002        2953          53       33967.000
        53005347000002        5347          53       33967.000
        54000064029974          64          54       264.42105
        54009324000252        9324          54       3433.3333
        54021252000002       21252          54       7832.7586
        55000138004953         138          55       5.2500000
        56001277000002        1277          56       14810.667
        59003611000002        3611          59       19502.750
        61002791000002        2791          61       271578.60
        61007598000002        7598          61       19502.750
        62002652000002        2652          62       33967.000
        67014760000002       14760          67       5.2500000
        68000006000002           6          68       5.8965517
        72019306000002       19306          72       19502.750
        73000062000002          62          73       121.85714
        73014323000002       14323          73       1907.6667
        74016496000002       16496          74       271578.60
        78000111000002         111          78       5.8965517
        83000082000002          82          83       89.846154
        84001400000002        1400          84       19502.750
        87000712000002         712          87       7832.7586
        87002708000073        2708          87       33967.000
        87003571000002        3571          87       33967.000
        88006481000002        6481          88       14810.667
        89003718000002        3718          89       3433.3333
        90001127000002        1127          90       5.2500000
        90001129000002        1129          90       89.846154
        91003005000002        3005          91       19502.750
        92011682000002       11682          92       117438.48
        93000108000002         108          93       1.0000000
        93000189000002         189          93       1907.6667
        95000185000829         185          95       7832.7586
        97000360000238         360          97       9609.6923
        98002050000002        2050          98       19502.750
        98017259000002       17259          98       14810.667
        99000085000002          85          99       5.8965517
       103000876000182         876         103       14810.667
       104019766000002       19766         104       5.8965517
       108003428000002        3428         108       1.0000000
       109003736000002        3736         109       33967.000
       110010591000002       10591         110       37.846154
       111007465000002        7465         111       9609.6923
       111011119000002       11119         111       33967.000
       112003940000002        3940         112       117438.48
       114000947000002         947         114       9609.6923
       116010329000002       10329         116       264.42105
       116010396000002       10396         116       3433.3333
       117001128000002        1128         117       14810.667
       117012054000002       12054         117       3433.3333
       118000328000002         328         118       3433.3333
       119000406000002         406         119       5077.8889
       121011834000002       11834         121       3433.3333
       122000110000002         110         122       819.35000
       122000609000002         609         122       7832.7586
       125000484000002         484         125       9609.6923
       125010251000002       10251         125       121.85714
       126000087000002          87         126       5.8965517
       127000228000002         228         127       3045.0625
       127015933000002       15933         127       37.846154
       127016893000002       16893         127       9609.6923
       130019845000117       19845         130       89.846154
       131001064000002        1064         131       33967.000
       134007602005414        7602         134       37.846154
       134007660000002        7660         134       1907.6667
       135000121000002         121         135       578.75000
       136005097000002        5097         136       1907.6667
       136006312000002        6312         136       9609.6923
       141014344000002       14344         141       117438.48
       144009995000002        9995         144       819.35000
       144020312000002       20312         144       737272.00
       145003262000002        3262         145       271578.60
       146007576000002        7576         146       578.75000
       147002648000002        2648         147       33967.000
       147012411000002       12411         147       3433.3333
       148000098000002          98         148       819.35000
       148000169000002         169         148       3045.0625
       149004193000002        4193         149       19502.750
       151004358000002        4358         151       33967.000
       154000348000002         348         154       7832.7586
       155012219000002       12219         155       264.42105
       156009184006799        9184         156       3433.3333
       157000309000002         309         157       5077.8889
       157009549000002        9549         157       578.75000
       158004834000002        4834         158       7832.7586
       159004635000002        4635         159       33967.000
       160006183000002        6183         160       117438.48
       160022731000002       22731         160       578.75000
       161004585000002        4585         161       117438.48
       161009741000002        9741         161       271578.60
       166010501000002       10501         166       19502.750
       166013188000002       13188         166       33967.000
       168031735000002       31735         168       3433.3333
       169000469000002         469         169       5077.8889
       169002633000002        2633         169       14810.667
       170022095000002       22095         170       659393.80
       171000125000195         125         171       264.42105
       172000369014437         369         172       264.42105
       172000386000002         386         172       578.75000
       174000098000002          98         174       89.846154
       174000585000002         585         174       5077.8889
       178000844000002         844         178       9609.6923
       178004336000002        4336         178       33967.000
       180000063000002          63         180       5.8965517
       180000745000002         745         180       7832.7586
       181000082000002          82         181       5.8965517
       182000105000002         105         182       121.85714
       185000554000002         554         185       7832.7586
       185015325000002       15325         185       819.35000
       185017571000002       17571         185       33967.000
       186000140000002         140         186       819.35000
       186001962000002        1962         186       19502.750
       188004082000002        4082         188       3045.0625
       188006444000002        6444         188       14810.667
       188007062000002        7062         188       14810.667
       189009744000002        9744         189       33967.000
       189011310000002       11310         189       117438.48
       192001928000002        1928         192       14810.667
       192016668000002       16668         192       5.8965517
       196017861000002       17861         196       117438.48
       197000184000002         184         197       3045.0625
       199003891000002        3891         199       33967.000
       200000073021278          73         200       5.2500000
       200003237000002        3237         200       33967.000
       201002083000002        2083         201       19502.750
       202000390000002         390         202       7832.7586
       202004698000002        4698         202       117438.48
       203000541000002         541         203       9609.6923
       203013017000002       13017         203       3045.0625
       205000104000002         104         205       5.8965517
       206000562000002         562         206       5077.8889
       207000987000002         987         207       7832.7586
       207001957000002        1957         207       14810.667
       208017535000002       17535         208       271578.60
       210000154000002         154         210       3433.3333
       210010682000002       10682         210       19502.750
       213000142000002         142         213       5.8965517
       213000148000002         148         213       89.846154
       213016607000002       16607         213       19502.750
       213017598000002       17598         213       19502.750
       213017976000002       17976         213       19502.750
       215000746000002         746         215       14810.667
       219000133000002         133         219       89.846154
       219003585000002        3585         219       117438.48
       219022049000002       22049         219       9609.6923
       219022715000002       22715         219       14810.667
       221008394000002        8394         221       19502.750
       222003932000002        3932         222       89.846154
       222006850000002        6850         222       14810.667
       223026348000002       26348         223       19502.750
       226000078000002          78         226       37.846154
       227000318000002         318         227       3433.3333
       227005175000002        5175         227       117438.48
       227015031000002       15031         227       19502.750
       228008093000002        8093         228       19502.750
       228009915000002        9915         228       33967.000
       229002732000002        2732         229       1.0000000
       229002734000002        2734         229       121.85714
       229005900000002        5900         229       19502.750
       231001236000002        1236         231       3433.3333
       231021469000002       21469         231       271578.60
       232001158000002        1158         232       9609.6923
       232002523000002        2523         232       19502.750
       233001414000002        1414         233       9609.6923
       236007071000002        7071         236       5077.8889
       237000097003137          97         237       5.8965517
       237016548000002       16548         237       19502.750
       238005118000002        5118         238       117438.48
       238018873000002       18873         238       9609.6923
       239000622000002         622         239       5077.8889
       239022476000002       22476         239       819.35000
       241000054000002          54         241       89.846154
       241009517000002        9517         241       7832.7586
       242011385000002       11385         242       19502.750
       242018593000002       18593         242       271578.60
       243024273000002       24273         243       659393.80
       244004930000002        4930         244       5.8965517
       245000246000002         246         245       1907.6667
       246029961000002       29961         246       264.42105
       247000260000002         260         247       1907.6667
       247007711000002        7711         247       117438.48
       248000127000002         127         248       1907.6667
       249011994000002       11994         249       3433.3333
       252000087000002          87         252       121.85714
       252011715001106       11715         252       3045.0625
       257001695000002        1695         257       9609.6923
       257019189000002       19189         257       659393.80
       258000498000002         498         258       5077.8889
       258000971000071         971         258       9609.6923
       258002599000002        2599         258       14810.667
       259001347002495        1347         259       7832.7586
       259003064000002        3064         259       9609.6923
       261007426000002        7426         261       3045.0625
       262009439000002        9439         262       1907.6667
       263001228000002        1228         263       3045.0625
       264000059000002          59         264       121.85714
       264000062004904          62         264       264.42105
       264000074000002          74         264       578.75000
       264000366000002         366         264       7832.7586
       265009487000002        9487         265       1907.6667
       265011899000002       11899         265       19502.750
       266001340000002        1340         266       819.35000
       266005570000002        5570         266       33967.000
       267001676011665        1676         267       5.8965517
       267001687005401        1687         267       819.35000
       270000250000002         250         270       5077.8889
       271010640000002       10640         271       264.42105
       272000380000002         380         272       7832.7586
       273016336000002       16336         273       33967.000
       273025913000002       25913         273       271578.60
       276000037000002          37         276       1907.6667
       277020332000002       20332         277       1907.6667
       277021003000002       21003         277       9609.6923
       279016687000002       16687         279       117438.48
       280000760000002         760         280       7832.7586
       282004950000002        4950         282       5.2500000
       283000682000358         682         283       37.846154
       284000133001194         133         284       14810.667
       285000068000002          68         285       578.75000
       285006846019301        6846         285       5.2500000
       286000485000002         485         286       9609.6923
       291002836000002        2836         291       37.846154
       291006494000002        6494         291       19502.750
       292002060000002        2060         292       5.8965517
       293000121000002         121         293       578.75000
       294006422000046        6422         294       121.85714
       295004901000002        4901         295       19502.750
       297000168000304         168         297       3433.3333
       297020425000002       20425         297       3433.3333
       298023869000002       23869         298       14810.667
       299000617000002         617         299       5077.8889
       299001164000002        1164         299       9609.6923
       300004254000002        4254         300       7832.7586
       300007252000002        7252         300       19502.750
       302002681000002        2681         302       117438.48
       302012634000002       12634         302       33967.000
       305002795000002        2795         305       19502.750
       306000100000002         100         306       264.42105
       306000737000002         737         306       5077.8889
       307000781000002         781         307       7832.7586
       308002281000002        2281         308       121.85714
       309001107000002        1107         309       819.35000
       309004206000002        4206         309       19502.750
       311004018000002        4018         311       14810.667
       312022814000002       22814         312       121.85714
       312022817000002       22817         312       121.85714
       313000098000002          98         313       819.35000
       313009959000002        9959         313       1907.6667
       313013143000002       13143         313       33967.000
       313016033000002       16033         313       117438.48
       314014548000002       14548         314       19502.750
       317000193001182         193         317       14810.667
       319014045000002       14045         319       271578.60
       320000063000002          63         320       264.42105
       320000081000002          81         320       578.75000
       320000361000002         361         320       3433.3333
       321003767000002        3767         321       9609.6923
       322000446000002         446         322       14810.667
       324000985000002         985         324       9609.6923
       324003143000002        3143         324       33967.000
       325000073000002          73         325       819.35000
       327000421000002         421         327       5077.8889
       328011816000002       11816         328       5.8965517
       329000718000002         718         329       33967.000
       330000335000002         335         330       7832.7586
       331005556000002        5556         331       33967.000
       332000894000002         894         332       33967.000
       332007186006003        7186         332       578.75000
       334012464000002       12464         334       33967.000
       335003967000002        3967         335       5077.8889
       337000518000002         518         337       7832.7586
       337006057000002        6057         337       117438.48
       338019816000862       19816         338       33967.000
       338020238000002       20238         338       9609.6923
       339004343000002        4343         339       33967.000
       340000079000002          79         340       578.75000
       340021951000002       21951         340       14810.667
       341000117000002         117         341       5.2500000
       341000376000002         376         341       5077.8889
       342000344000002         344         342       5077.8889
       343000134000002         134         343       819.35000
       344000044000002          44         344       89.846154
       346000847000002         847         346       9609.6923
       348000056000002          56         348       5.8965517
       348009221000002        9221         348       3433.3333
       349005727000002        5727         349       271578.60
       349011315000002       11315         349       578.75000
       350009822000002        9822         350       819.35000
       351013176000002       13176         351       264.42105
       351016651000002       16651         351       33967.000
       352000662000002         662         352       9609.6923
       352013045000002       13045         352       3433.3333
       353003202000002        3202         353       33967.000
       355001018000002        1018         355       14810.667
       355006740000002        6740         355       271578.60
       355010839000002       10839         355       5.8965517
       358002603000002        2603         358       19502.750
       358022804000002       22804         358       117438.48
       361009776000002        9776         361       5.8965517
       362000129000002         129         362       121.85714
       363000271000002         271         363       3045.0625
       363021578000002       21578         363       121.85714
       364004062000002        4062         364       19502.750
       365000132000002         132         365       5.8965517
       366000085000002          85         366       37.846154
       366000097005941          97         366       121.85714
       366001909000002        1909         366       19502.750
       367000362000002         362         367       5077.8889
       367000630000002         630         367       7832.7586
       368004788000002        4788         368       271578.60
       369000086000002          86         369       5.8965517
       369006546000002        6546         369       121.85714
       369006547000037        6547         369       121.85714
       370001151000002        1151         370       33967.000
       370006026000002        6026         370       14810.667
       370012283000002       12283         370       117438.48
       373020294000002       20294         373       14810.667
       374002290000037        2290         374       33967.000
       375001602000002        1602         375       19502.750
       376001065000002        1065         376       14810.667
       388000049000002          49         388       1.0000000
       388000056000002          56         388       819.35000
       388000667000002         667         388       14810.667
       388013421000002       13421         388       19502.750
       390000156000002         156         390       5077.8889
       392000083000002          83         392       121.85714
       393000284000002         284         393       3433.3333
       394002879000002        2879         394       14810.667
       396000708000002         708         396       19502.750
       396004329000002        4329         396       264.42105
       397000102000002         102         397       3433.3333
       397001234000002        1234         397       19502.750
       398016013000002       16013         398       33967.000
       399016864000002       16864         399       33967.000
       404001160000002        1160         404       9609.6923
       407000580002579         580         407       578.75000
       409000096000002          96         409       264.42105
       409000287000002         287         409       5077.8889
       409002551000002        2551         409       33967.000
       410000220000002         220         410       5077.8889
       410013488000240       13488         410       33967.000
       411000154009469         154         411       264.42105
       411003520000002        3520         411       33967.000
       413001702000002        1702         413       14810.667
       415001546000002        1546         415       14810.667
       416000659000002         659         416       7832.7586
       416021644000002       21644         416       9609.6923
       418000063075663          63         418       5.8965517
       418002146000002        2146         418       19502.750
       422007426000002        7426         422       5077.8889
       424013353000002       13353         424       5077.8889
       424015999000002       15999         424       33967.000
       426000650000002         650         426       7832.7586
       426017811000002       17811         426       3433.3333
       428000050000002          50         428       121.85714
       428001310000002        1310         428       14810.667
       430008532010066        8532         430       37.846154
       430010835000002       10835         430       19502.750
       431023437000002       23437         431       19502.750
       434004976000002        4976         434       33967.000
       435000328000002         328         435       3045.0625
       435000507000002         507         435       5077.8889
       435023017000002       23017         435       7832.7586
       436017616000002       17616         436       3045.0625
       436021469000002       21469         436       33967.000
       437005257000002        5257         437       3045.0625
       438003399000002        3399         438       19502.750
       442004993000002        4993         442       14810.667
       444000090000002          90         444       819.35000
       444001059000002        1059         444       7832.7586
       449001740000002        1740         449       3433.3333
       450003324000002        3324         450       14810.667
       451010121000002       10121         451       121.85714
       451010717000002       10717         451       7832.7586
       452015156000002       15156         452       14810.667
       453000145000002         145         453       3045.0625
       455000501000002         501         455       5077.8889
       456005147000002        5147         456       33967.000
       457000185000002         185         457       3045.0625
       457003633000002        3633         457       19502.750
       459001153058662        1153         459       5.8965517
       459004528000002        4528         459       19502.750
       459026028000002       26028         459       9609.6923
       460000056000002          56         460       89.846154
       460000268000277         268         460       7832.7586
       460010082000002       10082         460       117438.48
       460024984000002       24984         460       19502.750
       462000754000002         754         462       7832.7586
       464004409000002        4409         464       19502.750
       465012256000042       12256         465       37.846154
       468002636000002        2636         468       9609.6923
       469003865000141        3865         469       9609.6923
       471000185000002         185         471       37.846154
       471000286000002         286         471       1907.6667
       471004439000002        4439         471       33967.000
       472018601016980       18601         472       14810.667
       473015338000002       15338         473       578.75000
       479002345000002        2345         479       37.846154
       481015345000002       15345         481       659393.80
       482001497000002        1497         482       9609.6923
       484000040000002          40         484       5.8965517
       484000123000633         123         484       5077.8889
       485000945000002         945         485       19502.750
       485010429000002       10429         485       19502.750
       486015407000002       15407         486       578.75000
       489000130000002         130         489       89.846154
       489001370000002        1370         489       9609.6923
       490003948000002        3948         490       33967.000
       494000233000002         233         494       3433.3333
       494005045000002        5045         494       117438.48
       497003425008532        3425         497       5.2500000
       497004145000098        4145         497       659393.80
       497029837000002       29837         497       121.85714
       498000966000002         966         498       9609.6923
       498019865000002       19865         498       819.35000
       500000674000002         674         500       9609.6923
       504000101000002         101         504       578.75000
       504013376000002       13376         504       9609.6923
       505000143000002         143         505       3045.0625
       505016031000002       16031         505       3045.0625
       505016416000060       16416         505       117438.48
       507000199000002         199         507       1907.6667
