         321
         5000183000007         183           5       9867.0000
         8014093000007       14093           8       55488.527
        12009631000007        9631          12       38122.152
        12013921000007       13921          12       595.00000
        15017156000007       17156          15       75478.484
        17025330000007       25330          17       75478.484
        23001520000007        1520          23       175887.38
        24000283000007         283          24       7013.5000
        24000813000007         813          24       19526.416
        25000000000007           0          25       118.77778
        25000000005433           0          25       75478.484
        25000000005254           0          25       75478.484
        25000000004801           0          25       75478.484
        28003210000007        3210          28       55488.527
        29000070009303          70          29       75478.484
        29000070010526          70          29       75478.484
        29000070009293          70          29       75478.484
        29000070011876          70          29       38122.152
        29000070010952          70          29       38122.152
        29000070000007          70          29       62.857143
        32016528000007       16528          32       27713.428
        32016528000072       16528          32       38122.152
        32020115000007       20115          32       75478.484
        33014155000007       14155          33       42964.400
        34002988000007        2988          34       123660.64
        34010484010295       10484          34       38122.152
        34010484010304       10484          34       38122.152
        34010484011076       10484          34       38122.152
        34010484009758       10484          34       38122.152
        34010484016700       10484          34       38122.152
        34010484012258       10484          34       38122.152
        34010484011057       10484          34       38122.152
        34010484009773       10484          34       75478.484
        34010484016682       10484          34       75478.484
        34010484010349       10484          34       75478.484
        34010484009804       10484          34       35911.312
        34010484010282       10484          34       35911.312
        34010484010276       10484          34       38122.152
        34010484011086       10484          34       38122.152
        34010484000007       10484          34       30.400000
        34011879000007       11879          34       42964.400
        34015845000007       15845          34       175887.38
        36000007000007           7          36       1802.2000
        36009723000007        9723          36       55488.527
        37000224000007         224          37       7013.5000
        41010723000007       10723          41       19526.416
        45009191000007        9191          45       175887.38
        47002067018572        2067          47       175887.38
        47002067021326        2067          47       35911.312
        47002067019605        2067          47       38122.152
        47002067017634        2067          47       35911.312
        47002067000007        2067          47       30.400000
        47002067016938        2067          47       75478.484
        47002067018544        2067          47       75478.484
        47002067020415        2067          47       75478.484
        47002067016936        2067          47       38122.152
        47002067016939        2067          47       38122.152
        47002067016946        2067          47       38122.152
        47002067018530        2067          47       38122.152
        47002067021336        2067          47       38122.152
        47002273000007        2273          47       7013.5000
        57000078000007          78          57       2034.0000
        57000411000007         411          57       19526.416
        68014484000007       14484          68       123660.64
        69009212001387        9212          69       75478.484
        69009212000007        9212          69       1802.2000
        75000127000007         127          75       4817.3335
        86022274000007       22274          86       19526.416
        88005056000007        5056          88       19526.416
        99000230000007         230          99       7013.5000
        99002691000007        2691          99       123660.64
       102004115000007        4115         102       123660.64
       104000016030260          16         104       62.857143
       104000016038161          16         104       38122.152
       104000016039886          16         104       75478.484
       104000016038166          16         104       75478.484
       104000016037939          16         104       38122.152
       104000016037963          16         104       38122.152
       104000016038474          16         104       38122.152
       105000050014023          50         105       38122.152
       105000050007250          50         105       118.77778
       109019236000007       19236         109       7013.5000
       114015817000007       15817         114       27713.428
       116010426000007       10426         116       9867.0000
       124022071000007       22071         124       75478.484
       126003744001626        3744         126       1802.2000
       128000000027973           0         128       2034.0000
       129001013000007        1013         129       27713.428
       135007288000007        7288         135       27713.428
       137003895000007        3895         137       62.857143
       137003895008183        3895         137       75478.484
       137003895008190        3895         137       75478.484
       146010593000007       10593         146       55488.527
       146019442000007       19442         146       75478.484
       148000046004876          46         148       75478.484
       148000046005158          46         148       75478.484
       148000046003899          46         148       75478.484
       148000046003883          46         148       38122.152
       148000046000007          46         148       595.00000
       148006957000007        6957         148       123660.64
       148013577000007       13577         148       75478.484
       149000052000044          52         149       30.400000
       149000052014839          52         149       38122.152
       149000052014365          52         149       38122.152
       149000052014348          52         149       75478.484
       152000078000007          78         152       613.37500
       153009626000007        9626         153       75478.484
       154015304000007       15304         154       123660.64
       155002985000007        2985         155       123660.64
       157009521021856        9521         157       175887.38
       159000085001940          85         159       38122.152
       159000085000007          85         159       613.37500
       160022925000007       22925         160       12819.546
       162000951000007         951         162       42964.400
       162011155000007       11155         162       75478.484
       165000447000007         447         165       19526.416
       165012688000007       12688         165       12819.546
       170007003000007        7003         170       123660.64
       174000099015340          99         174       35911.312
       174000099015341          99         174       35911.312
       174000099010848          99         174       118.77778
       174000099015507          99         174       38122.152
       176003302000293        3302         176       75478.484
       176003302000007        3302         176       9867.0000
       177009421000007        9421         177       27713.428
       178016270000007       16270         178       55488.527
       182000108002534         108         182       38122.152
       182000108002513         108         182       75478.484
       182000108000007         108         182       613.37500
       184012627000007       12627         184       118.77778
       184012627004088       12627         184       38122.152
       194000045008627          45         194       38122.152
       194000045007818          45         194       38122.152
       194000045007829          45         194       38122.152
       194000045000007          45         194       62.857143
       194000045006836          45         194       35911.312
       194019448000007       19448         194       595.00000
       194019448003005       19448         194       38122.152
       195001495000007        1495         195       123660.64
       197000490000007         490         197       19526.416
       197002419000007        2419         197       55488.527
       200001404000007        1404         200       42964.400
       202001218000007        1218         202       42964.400
       204011663011831       11663         204       38122.152
       204011663011833       11663         204       38122.152
       204011663011837       11663         204       38122.152
       204011663012725       11663         204       75478.484
       204011663012298       11663         204       75478.484
       204011663012282       11663         204       75478.484
       204011663013365       11663         204       75478.484
       204011663013030       11663         204       35911.312
       204011663000007       11663         204       30.400000
       204011664000007       11664         204       62.857143
       204011664016658       11664         204       35911.312
       204011664016666       11664         204       35911.312
       204011664015992       11664         204       38122.152
       204011664016020       11664         204       75478.484
       204011664014831       11664         204       38122.152
       204011664014832       11664         204       38122.152
       204018004000007       18004         204       175887.38
       211008927001630        8927         211       38122.152
       211008927001505        8927         211       38122.152
       211008927001608        8927         211       75478.484
       211008927000007        8927         211       1802.2000
       211009253000125        9253         211       38122.152
       211009253000007        9253         211       19526.416
       212002690000007        2690         212       55488.527
       220000101000007         101         220       9867.0000
       223000209003120         209         223       2034.0000
       224020507000007       20507         224       42964.400
       225016218000007       16218         225       55488.527
       225017019000007       17019         225       123660.64
       234001103000007        1103         234       42964.400
       235000898000138         898         235       123660.64
       237000096000007          96         237       4817.3335
       239001418000007        1418         239       27713.428
       240012125000007       12125         240       12819.546
       241009911000007        9911         241       27713.428
       245022880000007       22880         245       35911.312
       246002471000007        2471         246       613.37500
       246002471002318        2471         246       38122.152
       246029996000007       29996         246       7013.5000
       247000149000007         149         247       595.00000
       247000149002990         149         247       38122.152
       247000149004328         149         247       38122.152
       247000149002708         149         247       38122.152
       247000149003017         149         247       75478.484
       253000264000211         264         253       38122.152
       253000264000007         264         253       7013.5000
       259000871000007         871         259       75478.484
       259001305008120        1305         259       75478.484
       259001305006704        1305         259       38122.152
       259001305000121        1305         259       118.77778
       259001305008111        1305         259       35911.312
       259001305006678        1305         259       35911.312
       261008818000007        8818         261       55488.527
       265016254000007       16254         265       175887.38
       271001630000007        1630         271       55488.527
       271016455000007       16455         271       175887.38
       272000133000007         133         272       12819.546
       275017429000007       17429         275       75478.484
       283000116000216         116         283       38122.152
       283000116000007         116         283       7013.5000
       283016501000007       16501         283       75478.484
       286006295003087        6295         286       75478.484
       286006295003110        6295         286       75478.484
       286006295003273        6295         286       75478.484
       286006295000007        6295         286       613.37500
       288015539000007       15539         288       42964.400
       289022083000007       22083         289       9867.0000
       291002899000007        2899         291       4817.3335
       291006437000007        6437         291       55488.527
       291012940000007       12940         291       175887.38
       293001093000007        1093         293       27713.428
       298008881000007        8881         298       175887.38
       304000089000007          89         304       4817.3335
       306001756000007        1756         306       42964.400
       308000073000038          73         308       12819.546
       314012991007301       12991         314       35911.312
       314012991000007       12991         314       62.857143
       314012991009237       12991         314       38122.152
       314012991007750       12991         314       38122.152
       314012991006982       12991         314       38122.152
       314012991006988       12991         314       38122.152
       314012991007002       12991         314       38122.152
       314012991008221       12991         314       75478.484
       314012991009247       12991         314       75478.484
       314012991008846       12991         314       75478.484
       318023643000007       23643         318       42964.400
       319002192000007        2192         319       42964.400
       320000083000007          83         320       2034.0000
       320000397000007         397         320       12819.546
       320003042000007        3042         320       55488.527
       322004561007451        4561         322       75478.484
       322004561007411        4561         322       38122.152
       322004561000007        4561         322       118.77778
       322005046000007        5046         322       12819.546
       322006209000007        6209         322       42964.400
       322007128000007        7128         322       55488.527
       323007194000007        7194         323       613.37500
       331001655000007        1655         331       2034.0000
       331001655001368        1655         331       38122.152
       332007181000007        7181         332       118.77778
       332007181007281        7181         332       75478.484
       332007181006640        7181         332       75478.484
       332007181006959        7181         332       75478.484
       332007181006423        7181         332       38122.152
       332007181006454        7181         332       38122.152
       332007202000282        7202         332       2034.0000
       333000297000007         297         333       27713.428
       336024855000007       24855         336       123660.64
       340000415000007         415         340       12819.546
       342000428000007         428         342       19526.416
       342015322000007       15322         342       42964.400
       353000183000278         183         353       38122.152
       353000183000007         183         353       7013.5000
       359000104000007         104         359       30.400000
       359000104014317         104         359       38122.152
       359000104014337         104         359       38122.152
       359000104016220         104         359       38122.152
       359000104014285         104         359       38122.152
       359000104017260         104         359       123660.64
       363000818000007         818         363       27713.428
       375015326000007       15326         375       62.857143
       375015326009730       15326         375       75478.484
       375015326009734       15326         375       75478.484
       375015326009451       15326         375       75478.484
       375015326010288       15326         375       38122.152
       375015326009476       15326         375       38122.152
       376001767000007        1767         376       55488.527
       376004610000007        4610         376       175887.38
       378002417000007        2417         378       55488.527
       378008478000007        8478         378       175887.38
       383003662000007        3662         383       2034.0000
       384009578000118        9578         384       27713.428
       389009928000007        9928         389       175887.38
       392010678000007       10678         392       175887.38
       397000052003497          52         397       38122.152
       397000052003482          52         397       38122.152
       397000052000007          52         397       613.37500
       397000052003096          52         397       38122.152
       399011504000007       11504         399       12819.546
       400000349000294         349         400       19526.416
       400007366000007        7366         400       42964.400
       404023208000007       23208         404       42964.400
       408021945000007       21945         408       175887.38
       414000462000007         462         414       19526.416
       416000357000007         357         416       12819.546
       416021974000007       21974         416       55488.527
       424000171000007         171         424       7013.5000
       429000115000007         115         429       1802.2000
       429000381000007         381         429       12819.546
       429000381000140         381         429       38122.152
       429016500000007       16500         429       2034.0000
       443000206000007         206         443       4817.3335
       451010118000007       10118         451       118.77778
       451010118008310       10118         451       35911.312
       451010118008319       10118         451       38122.152
       451010118008700       10118         451       75478.484
       451010719000007       10719         451       19526.416
       451011152000007       11152         451       27713.428
       457001212000007        1212         457       27713.428
       459006602000007        6602         459       175887.38
       462001022000007        1022         462       27713.428
       468004840000007        4840         468       55488.527
       471005073000007        5073         471       123660.64
       481021603000007       21603         481       55488.527
       492002768000007        2768         492       55488.527
       498000153005438         153         498       38122.152
       498000153005106         153         498       35911.312
       498000153005682         153         498       38122.152
       498000153006107         153         498       38122.152
       498000153005095         153         498       38122.152
       498000153005103         153         498       38122.152
       498000153000007         153         498       118.77778
       501010077000007       10077         501       613.37500
       501010077003116       10077         501       38122.152
       501010077003044       10077         501       38122.152
       503000566000007         566         503       7013.5000
       504000121000007         121         504       4817.3335
       511003040000007        3040         511       7013.5000
