         571
         1002859000003        2859           1       50803.303
         2009280000003        9280           2       50803.303
         4020912000003       20912           4       7258.5263
         6000043000003          43           6       452.90909
         7014692000003       14692           7       1638.7000
         8013036000003       13036           8       4866.5294
         9000533000003         533           9       10867.000
        11002838000003        2838          11       36472.286
        11020233000003       20233          11       36472.286
        12000052024697          52          12       55447.270
        12000052024744          52          12       12483.833
        12000052023910          52          12       17850.487
        12000052024709          52          12       17850.487
        12000052024718          52          12       17850.487
        12000052023873          52          12       21998.952
        12000052023881          52          12       21998.952
        12000052000003          52          12       17.200000
        13013483000003       13483          13       7258.5263
        16002316000042        2316          16       50803.303
        16022219000003       22219          16       21998.952
        17003730000003        3730          17       50803.303
        17014109013309       14109          17       25.684211
        19001821000003        1821          19       27221.522
        20000000034671           0          20       36472.286
        20000000029705           0          20       55447.270
        20000000034595           0          20       55447.270
        20000000034623           0          20       55447.270
        20000000034646           0          20       55447.270
        20000000000003           0          20       1.0000000
        20000000029729           0          20       21998.952
        20000000029741           0          20       21998.952
        20000000029767           0          20       21998.952
        20000000032952           0          20       21998.952
        20000000029661           0          20       21998.952
        20000000029662           0          20       21998.952
        20000000029668           0          20       21998.952
        20000000029669           0          20       21998.952
        20000000029685           0          20       21998.952
        20000000029704           0          20       21998.952
        20000000029643           0          20       17850.487
        20000000032960           0          20       17850.487
        21000600000003         600          21       7258.5263
        21002918000003        2918          21       36472.286
        22012882000003       12882          22       55447.270
        23003330000003        3330          23       1.0000000
        25000048000003          48          25       4458.9091
        33012715000003       12715          33       1638.7000
        34000013000003          13          34       17.200000
        34000013015555          13          34       21998.952
        34000013015572          13          34       21998.952
        34000013015576          13          34       17850.487
        34000013016030          13          34       21998.952
        34000013015588          13          34       55447.270
        34010763000003       10763          34       7258.5263
        34010774000003       10774          34       7258.5263
        41010823000003       10823          41       10867.000
        42000099000003          99          42       2853.9000
        42006819000003        6819          42       25.684211
        42006819008699        6819          42       21998.952
        42006819009189        6819          42       21998.952
        43001267000003        1267          43       127.66667
        45003001000003        3001          45       27221.522
        49005292000003        5292          49       108778.24
        51000665000003         665          51       10867.000
        55000395000003         395          55       4866.5294
        57000122000003         122          57       4458.9091
        58003038000003        3038          58       36472.286
        59000700000003         700          59       7258.5263
        65013062000003       13062          65       55447.270
        66000032000003          32          66       194.23077
        68010368000003       10368          68       4866.5294
        72000194000003         194          72       4866.5294
        72018619000003       18619          72       10867.000
        75015543000003       15543          75       2853.9000
        76000028000003          28          76       25.684211
        78021534000003       21534          78       36472.286
        83000119000003         119          83       1638.7000
        83000119000588         119          83       21998.952
        83019654006324       19654          83       21998.952
        83019654006557       19654          83       21998.952
        83019654006596       19654          83       21998.952
        83019654000003       19654          83       127.66667
        84000692000003         692          84       10867.000
        92000256000003         256          92       4458.9091
        92002838000003        2838          92       36472.286
        93000108020519         108          93       55447.270
        93000108020519         108          93       55447.270
        93000108021671         108          93       55447.270
        93000108021671         108          93       55447.270
        93000108020567         108          93       55447.270
        93000108020567         108          93       55447.270
        93000108022957         108          93       108778.24
        93000108000003         108          93       1.0000000
        93000108000003         108          93       1.0000000
        93000108021637         108          93       12483.833
        93000108021637         108          93       12483.833
        93000108020564         108          93       21998.952
        93000108020564         108          93       21998.952
        93000108021627         108          93       21998.952
        93000108021627         108          93       21998.952
        93000108021629         108          93       21998.952
        93000108021629         108          93       21998.952
        93000108021664         108          93       21998.952
        93000108021664         108          93       21998.952
        93000108020541         108          93       21998.952
        93000108020541         108          93       21998.952
        93000108021700         108          93       21998.952
        93000108021700         108          93       21998.952
        93000108022997         108          93       21998.952
        93000108023006         108          93       21998.952
        93000108020600         108          93       17850.487
        93000108020600         108          93       17850.487
        93000108020543         108          93       17850.487
        93000108020543         108          93       17850.487
        93000108020563         108          93       17850.487
        93000108020563         108          93       17850.487
        93000108020512         108          93       17850.487
        93000108020512         108          93       17850.487
        93000943000003         943          93       10867.000
        94000507000003         507          94       7258.5263
        95004504000003        4504          95       50803.303
        98004373000003        4373          98       50803.303
        98022829000003       22829          98       55447.270
        98024196000003       24196          98       55447.270
       102004701000003        4701         102       50803.303
       102012187000003       12187         102       55447.270
       102018594000003       18594         102       27221.522
       104019954000003       19954         104       4866.5294
       106001569000003        1569         106       27221.522
       106001817000003        1817         106       27221.522
       107000119000003         119         107       194.23077
       107000119003701         119         107       21998.952
       108003428032957        3428         108       21998.952
       108003428032957        3428         108       21998.952
       108003428032957        3428         108       21998.952
       108003428032969        3428         108       21998.952
       108003428032969        3428         108       21998.952
       108003428032969        3428         108       21998.952
       108003428032995        3428         108       21998.952
       108003428032995        3428         108       21998.952
       108003428032995        3428         108       21998.952
       108003428033001        3428         108       21998.952
       108003428033001        3428         108       21998.952
       108003428033001        3428         108       21998.952
       108003428033028        3428         108       21998.952
       108003428033028        3428         108       21998.952
       108003428033028        3428         108       21998.952
       108003428033029        3428         108       17850.487
       108003428033029        3428         108       17850.487
       108003428033029        3428         108       17850.487
       108003428000003        3428         108       6.0000000
       108003428000003        3428         108       6.0000000
       108003428000003        3428         108       6.0000000
       108003428034368        3428         108       21998.952
       108003428034368        3428         108       21998.952
       108003428034390        3428         108       21998.952
       108003428034390        3428         108       21998.952
       108003428034445        3428         108       21998.952
       108003428034445        3428         108       21998.952
       108003428034471        3428         108       21998.952
       108003428034471        3428         108       21998.952
       108003428034486        3428         108       21998.952
       108003428034486        3428         108       21998.952
       108003428032974        3428         108       55447.270
       108003428032974        3428         108       55447.270
       108003428032974        3428         108       55447.270
       108003428037480        3428         108       55447.270
       108003428034488        3428         108       55447.270
       108003428034488        3428         108       55447.270
       108003428037440        3428         108       108778.24
       108003428037507        3428         108       108778.24
       108003573000003        3573         108       4458.9091
       109024465000003       24465         109       108778.24
       115000113000003         113         115       25.684211
       116012772000003       12772         116       36472.286
       120006028000003        6028         120       2853.9000
       122005116000003        5116         122       108778.24
       125015042000003       15042         125       50803.303
       128013372000038       13372         128       50803.303
       130006674000003        6674         130       36472.286
       135006431000003        6431         135       4866.5294
       136018630000003       18630         136       55447.270
       137006682000003        6682         137       36472.286
       138002409000003        2409         138       27221.522
       138002850000003        2850         138       36472.286
       145000162000003         162         145       7258.5263
       145010792000003       10792         145       50803.303
       147012281000003       12281         147       2853.9000
       148000045000003          45         148       194.23077
       150000099000003          99         150       452.90909
       150000099001813          99         150       21998.952
       153000233000003         233         153       4866.5294
       154000062000003          62         154       127.66667
       154000062006012          62         154       21998.952
       154000062006433          62         154       108778.24
       154012697000003       12697         154       4458.9091
       155002097000003        2097         155       50803.303
       156000051000003          51         156       50803.303
       156000599000003         599         156       27221.522
       157019088000003       19088         157       108778.24
       159019024000038       19024         159       452.90909
       161001899000003        1899         161       27221.522
       161021202000003       21202         161       36472.286
       162020764015679       20764         162       21998.952
       162020764015707       20764         162       21998.952
       162020764016669       20764         162       21998.952
       162020764017156       20764         162       108778.24
       162020764015701       20764         162       55447.270
       162020764017122       20764         162       55447.270
       162020764017195       20764         162       55447.270
       162020764000003       20764         162       17.200000
       162020764016699       20764         162       17850.487
       163000314000003         314         163       4866.5294
       163017457000003       17457         163       36472.286
       165000087000003          87         165       452.90909
       165013598000003       13598         165       15719.042
       167013895000003       13895         167       50803.303
       168008915000003        8915         168       4866.5294
       169000043000003          43         169       25.684211
       169000043010720          43         169       21998.952
       169000048000003          48         169       452.90909
       169000103000003         103         169       1638.7000
       169001170000003        1170         169       15719.042
       169001486000003        1486         169       15719.042
       170000066000003          66         170       25.684211
       170000066010952          66         170       55447.270
       171004244000003        4244         171       4866.5294
       172000363000003         363         172       25.684211
       172000481000003         481         172       4458.9091
       176003238000003        3238         176       127.66667
       178003553000003        3553         178       50803.303
       179000118001906         118         179       108778.24
       179023386000003       23386         179       108778.24
       180006568000003        6568         180       50803.303
       180023291000003       23291         180       2853.9000
       180023291000424       23291         180       21998.952
       187013727000222       13727         187       10867.000
       189002097000003        2097         189       10867.000
       189009696000003        9696         189       108778.24
       190004177020034        4177         190       55447.270
       190004177020630        4177         190       55447.270
       190004177020576        4177         190       21998.952
       190004177020001        4177         190       21998.952
       190004177019267        4177         190       17850.487
       190004177020030        4177         190       17850.487
       190004177000003        4177         190       17.200000
       193000472000003         472         193       10867.000
       194000051000003          51         194       194.23077
       194000051002239          51         194       55447.270
       195004256000003        4256         195       55447.270
       195010673000003       10673         195       36472.286
       196017738000003       17738         196       50803.303
       197000054001651          54         197       21998.952
       197000054001698          54         197       21998.952
       197000054000003          54         197       452.90909
       197000183000003         183         197       4458.9091
       200002058000003        2058         200       36472.286
       201001406000003        1406         201       36472.286
       203000484000003         484         203       10867.000
       205000104009430         104         205       21998.952
       205000104008713         104         205       21998.952
       205000104008766         104         205       17850.487
       205000104000003         104         205       17.200000
       205000104008728         104         205       55447.270
       210000069016782          69         210       21998.952
       210000069016785          69         210       21998.952
       210000069000003          69         210       17.200000
       210000069017348          69         210       17850.487
       210000069017350          69         210       17850.487
       210008018000003        8018         210       7258.5263
       210010839000003       10839         210       36472.286
       211008907042671        8907         211       55447.270
       211008907034436        8907         211       25.684211
       211011028000003       11028         211       50803.303
       214000188000003         188         214       4866.5294
       214000188000256         188         214       17850.487
       215000095000003          95         215       127.66667
       215008121000003        8121         215       15719.042
       222003930000003        3930         222       127.66667
       223003428000003        3428         223       36472.286
       224000081000003          81         224       452.90909
       227000419000003         419         227       7258.5263
       227002197000003        2197         227       36472.286
       229002732046125        2732         229       50803.303
       229002732045898        2732         229       21998.952
       229002732045935        2732         229       21998.952
       229002732046010        2732         229       21998.952
       229002732046038        2732         229       21998.952
       229002732042712        2732         229       21998.952
       229002732042765        2732         229       21998.952
       229002732044185        2732         229       21998.952
       229002732042645        2732         229       21998.952
       229002732042683        2732         229       21998.952
       229002732042707        2732         229       21998.952
       229002732042635        2732         229       21998.952
       229002732042636        2732         229       21998.952
       229002732042669        2732         229       55447.270
       229002732044208        2732         229       55447.270
       229002732045875        2732         229       55447.270
       229002732042714        2732         229       55447.270
       229002732042739        2732         229       55447.270
       229002732000003        2732         229       1.0000000
       229002732042644        2732         229       17850.487
       229002732042709        2732         229       17850.487
       232010254000003       10254         232       108778.24
       233001131000003        1131         233       27221.522
       236003714000003        3714         236       21998.952
       236017190000003       17190         236       55447.270
       237014484000003       14484         237       1032.0000
       238010996000003       10996         238       17850.487
       240000583000003         583         240       15719.042
       243010928000003       10928         243       17.200000
       243010928016743       10928         243       55447.270
       243010928016768       10928         243       21998.952
       243012035000003       12035         243       15719.042
       246006859000003        6859         246       36472.286
       248000180000003         180         248       4458.9091
       249013105000003       13105         249       27221.522
       256001734000003        1734         256       27221.522
       256003214000003        3214         256       36472.286
       256011898000003       11898         256       21998.952
       259001373000058        1373         259       50803.303
       262009737000003        9737         262       7258.5263
       263001506000003        1506         263       7258.5263
       263003926000048        3926         263       25.684211
       263007820000003        7820         263       50803.303
       264011496050612       11496         264       21998.952
       264011496050694       11496         264       21998.952
       264011496051657       11496         264       21998.952
       264011496051680       11496         264       21998.952
       264011496052362       11496         264       55447.270
       264011496052384       11496         264       55447.270
       264011496050718       11496         264       55447.270
       264011496050638       11496         264       55447.270
       264011496052406       11496         264       108778.24
       264011496032333       11496         264       6.0000000
       264011496050637       11496         264       17850.487
       264011496050677       11496         264       17850.487
       265000037000003          37         265       1032.0000
       266002084000003        2084         266       10867.000
       268001348009038        1348         268       108778.24
       268017129000003       17129         268       55447.270
       270010313000003       10313         270       27221.522
       271000368000003         368         271       10867.000
       274011843000003       11843         274       108778.24
       275000953000003         953         275       50803.303
       277000494000003         494         277       7258.5263
       277003188000003        3188         277       36472.286
       278002195000003        2195         278       36472.286
       279000348000003         348         279       10867.000
       280020898000003       20898         280       7258.5263
       281000055000003          55         281       194.23077
       281000055006630          55         281       17850.487
       281000055006638          55         281       17850.487
       281000055007022          55         281       21998.952
       283002605000003        2605         283       10867.000
       285006846019302        6846         285       6.0000000
       285006846045280        6846         285       21998.952
       285006846043346        6846         285       21998.952
       285006846043350        6846         285       21998.952
       285006846043358        6846         285       21998.952
       285006846044481        6846         285       21998.952
       285006846044488        6846         285       21998.952
       285006846044501        6846         285       21998.952
       285006846045275        6846         285       55447.270
       285006846043376        6846         285       55447.270
       285006846043378        6846         285       55447.270
       285006846045334        6846         285       55447.270
       286000000000003           0         286       4866.5294
       291003902000003        3902         291       10867.000
       294001097009141        1097         294       17850.487
       294001097000003        1097         294       25.684211
       294001097009403        1097         294       21998.952
       294001097009513        1097         294       21998.952
       296003841045700        3841         296       21998.952
       296003841034025        3841         296       25.684211
       297002196000003        2196         297       27221.522
       305000144000003         144         305       2853.9000
       305001842000003        1842         305       27221.522
       306001869000003        1869         306       15719.042
       308002292000003        2292         308       452.90909
       312022812000003       22812         312       17.200000
       312022812013334       22812         312       21998.952
       312022812013775       22812         312       21998.952
       312022812014124       22812         312       21998.952
       312022812014146       22812         312       21998.952
       312022812013353       22812         312       55447.270
       314012991000003       12991         314       25.684211
       314015604000003       15604         314       50803.303
       315000038000003          38         315       55447.270
       317000482000003         482         317       7258.5263
       320000072000003          72         320       1032.0000
       321003667000003        3667         321       15719.042
       325012900000003       12900         325       50803.303
       331001629003988        1629         331       21998.952
       331001629003995        1629         331       21998.952
       331001629004010        1629         331       21998.952
       331001629000003        1629         331       194.23077
       331006980000003        6980         331       50803.303
       333000076008552          76         333       55447.270
       333000076008755          76         333       55447.270
       333000076000003          76         333       25.684211
       336000082000003          82         336       1638.7000
       338000065000003          65         338       127.66667
       338000065007544          65         338       21998.952
       338000065007541          65         338       21998.952
       340000144000003         144         340       2853.9000
       340021223003016       21223         340       7258.5263
       342014435000003       14435         342       4866.5294
       343000134000003         134         343       1638.7000
       343002026000003        2026         343       27221.522
       345001414000003        1414         345       15719.042
       345002253000003        2253         345       27221.522
       346012948000003       12948         346       55447.270
       349011371000003       11371         349       4458.9091
       353000105000003         105         353       194.23077
       353016418000003       16418         353       36472.286
       353028146000003       28146         353       21998.952
       354014159000003       14159         354       36472.286
       355010857000003       10857         355       1032.0000
       356015513000003       15513         356       15719.042
       357001828000003        1828         357       27221.522
       357019842000003       19842         357       194.23077
       357019843000003       19843         357       194.23077
       357019843003488       19843         357       21998.952
       357019847000003       19847         357       1032.0000
       357020011000003       20011         357       10867.000
       359000104016958         104         359       17850.487
       359000104000003         104         359       17.200000
       359000104017256         104         359       50803.303
       360000665000003         665         360       27221.522
       361009782006266        9782         361       21998.952
       361009782006631        9782         361       55447.270
       361009782000003        9782         361       127.66667
       362000721000003         721         362       10867.000
       363021800000003       21800         363       15719.042
       365024896000003       24896         365       15719.042
       366000141000003         141         366       1638.7000
       368000262000003         262         368       15719.042
       369002684000003        2684         369       108778.24
       369006546004929        6546         369       55447.270
       369006546000003        6546         369       194.23077
       369006582000003        6582         369       1638.7000
       372000597000003         597         372       10867.000
       374000199000003         199         374       2853.9000
       374001694000003        1694         374       36472.286
       376003655000003        3655         376       50803.303
       376016241000003       16241         376       36472.286
       377000734000120         734         377       15719.042
       379000240000003         240         379       2853.9000
       387000334000003         334         387       4866.5294
       388000049000003          49         388       1.0000000
       388000049000003          49         388       1.0000000
       388000049059840          49         388       17850.487
       388000049059825          49         388       12483.833
       388000049059884          49         388       17850.487
       388000049064159          49         388       27221.522
       388000049059843          49         388       21998.952
       388000049059781          49         388       21998.952
       388000049059800          49         388       21998.952
       388000049059811          49         388       21998.952
       388000049064083          49         388       21998.952
       388000049064117          49         388       21998.952
       388000049062071          49         388       21998.952
       388000049062073          49         388       21998.952
       388000049062153          49         388       21998.952
       388000049059874          49         388       21998.952
       388000049059844          49         388       55447.270
       388000049064045          49         388       108778.24
       388000049059885          49         388       55447.270
       388000049063933          49         388       55447.270
       388000049064023          49         388       55447.270
       390000303000003         303         390       15719.042
       390002697000003        2697         390       50803.303
       395000102009150         102         395       21998.952
       395000102000003         102         395       25.684211
       397000109000003         109         397       4458.9091
       397011152005756       11152         397       25.684211
       397011152016215       11152         397       12483.833
       397011152015922       11152         397       21998.952
       397011152016204       11152         397       21998.952
       397011152016587       11152         397       21998.952
       397011152015906       11152         397       55447.270
       397012410000003       12410         397       27221.522
       398003197000003        3197         398       50803.303
       398012583001399       12583         398       55447.270
       398012583000003       12583         398       452.90909
       404023052000003       23052         404       1032.0000
       406002066004873        2066         406       25.684211
       406003892000003        3892         406       27221.522
       407026773000003       26773         407       108778.24
       409010903000003       10903         409       1032.0000
       409010914000003       10914         409       1638.7000
       409011376000003       11376         409       15719.042
       414000127000003         127         414       4458.9091
       415017126000003       17126         415       27221.522
       419001233000003        1233         419       15719.042
       423000323000003         323         423       7258.5263
       423004112000003        4112         423       108778.24
       425001854000003        1854         425       27221.522
       425019680003358       19680         425       21998.952
       425019680000003       19680         425       127.66667
       427020483000003       20483         427       108778.24
       430008533013372        8533         430       55447.270
       430008533014805        8533         430       55447.270
       430008533000003        8533         430       17.200000
       430009599000131        9599         430       25.684211
       430009599011333        9599         430       17850.487
       430009599011325        9599         430       21998.952
       431022065003744       22065         431       21998.952
       431022065004080       22065         431       55447.270
       431022065000003       22065         431       194.23077
       431022243000003       22243         431       4866.5294
       431022704000003       22704         431       15719.042
       432017396000003       17396         432       50803.303
       434000274000003         274         434       4866.5294
       436017494000003       17494         436       6.0000000
       436017494028498       17494         436       55447.270
       436017494028535       17494         436       55447.270
       436017494025500       17494         436       55447.270
       436017494025533       17494         436       55447.270
       436017494027039       17494         436       21998.952
       436017494028482       17494         436       21998.952
       436017494028562       17494         436       21998.952
       436017494025406       17494         436       21998.952
       436017494025435       17494         436       21998.952
       436017494025436       17494         436       21998.952
       436017494025444       17494         436       21998.952
       436018063000003       18063         436       10867.000
       436020542000101       20542         436       15719.042
       437006053000003        6053         437       15719.042
       440013254000003       13254         440       55447.270
       447000144003118         144         447       21998.952
       447000144003046         144         447       17850.487
       447000144000003         144         447       194.23077
       447023565000003       23565         447       50803.303
       449006101000003        6101         449       36472.286
       453000178000631         178         453       108778.24
       454005985000003        5985         454       50803.303
       457000559000003         559         457       7258.5263
       463010953000003       10953         463       108778.24
       464002009000003        2009         464       7258.5263
       464002009000110        2009         464       17850.487
       466000123000003         123         466       1032.0000
       467011930000003       11930         467       108778.24
       468006687000003        6687         468       50803.303
       469003337000003        3337         469       194.23077
       475005849000003        5849         475       108778.24
       476000587000003         587         476       15719.042
       476000759000003         759         476       10867.000
       481000548000066         548         481       15719.042
       482000759000003         759         482       10867.000
       483000082000003          82         483       25.684211
       487015763000003       15763         487       1032.0000
       490000091000003          91         490       452.90909
       496001062005665        1062         496       452.90909
       497000064000003          64         497       15719.042
       498000251000003         251         498       2853.9000
       498019825000003       19825         498       25.684211
       498019825012636       19825         498       12483.833
       498019825013161       19825         498       55447.270
       498019825013210       19825         498       50803.303
       498019825013203       19825         498       21998.952
       498019825012943       19825         498       21998.952
       498019825012635       19825         498       21998.952
       502002206000003        2206         502       1638.7000
       502002446000003        2446         502       4866.5294
       503014162000003       14162         503       17850.487
       508001187000003        1187         508       15719.042
       509018184000003       18184         509       55447.270
       510005296000053        5296         510       55447.270
