        1000
             260000136         260           0       4463.4286
         1000018000039          18           1       14.809524
         1000027000039          27           1       132.31250
         1000074000485          74           1       4463.4286
         2003104000039        3104           2       29.926829
         2003144000039        3144           2       322.42667
         2003404000039        3404           2       4463.4286
         2004362000039        4362           2       7618.2975
         5000059000039          59           5       132.31250
         6000037014253          37           6       14.809524
         6000198000108         198           6       7618.2975
         7014658000039       14658           7       29.926829
         7014664002702       14664           7       322.42667
         7014851000039       14851           7       781.26582
         7015254000039       15254           7       2403.9767
         8012933043222       12933           8       2403.9767
         9000046000039          46           9       781.26582
         9000100000858         100           9       4463.4286
         9019616000101       19616           9       7618.2975
        10000033000594          33          10       2403.9767
        10000036045267          36          10       1376.0192
        10000077000132          77          10       7618.2975
        10000096000039          96          10       781.26582
        11000083007835          83          11       29.926829
        11019577000294       19577          11       29.926829
        12000828000039         828          12       4463.4286
        12001946000039        1946          12       20725.757
        12013919000039       13919          12       29.926829
        13000046002148          46          13       1376.0192
        13000118000259         118          13       7618.2975
        13013235000763       13235          13       1376.0192
        13013347000039       13347          13       781.26582
        15009605000039        9605          15       132.31250
        15010852000039       10852          15       7618.2975
        19000237000039         237          19       2403.9767
        19000439000039         439          19       7618.2975
        20000000037133           0          20       12.333333
        20000003011244           3          20       2403.9767
        20006529000039        6529          20       1376.0192
        21000064001335          64          21       14.809524
        21000065023279          65          21       2403.9767
        21000077001543          77          21       20725.757
        22003424000039        3424          22       12.333333
        22003470000039        3470          22       322.42667
        22003529000762        3529          22       7618.2975
        23003330021386        3330          23       1376.0192
        24000033001689          33          24       14.809524
        24000035004628          35          24       7618.2975
        24000048000039          48          24       322.42667
        24000104000089         104          24       20725.757
        25005423000191        5423          25       781.26582
        26009022001508        9022          26       20725.757
        27000106000039         106          27       14.809524
        28000074001649          74          28       2403.9767
        30004721000554        4721          30       2403.9767
        30005103000039        5103          30       20725.757
        30007516000039        7516          30       20725.757
        31000099004066          99          31       781.26582
        32000217000039         217          32       1376.0192
        32016006001426       16006          32       1376.0192
        32017619001946       17619          32       132.31250
        33000030023678          30          33       4463.4286
        33000049001730          49          33       322.42667
        33012721000141       12721          33       2403.9767
        34000013014694          13          34       322.42667
        34000039000039          39          34       132.31250
        34000052000214          52          34       4463.4286
        34000057000039          57          34       1376.0192
        35006886015001        6886          35       781.26582
        36008964000039        8964          36       7618.2975
        37014539000039       14539          37       322.42667
        37014546000644       14546          37       20725.757
        37014575000342       14575          37       7618.2975
        38000032002943          32          38       322.42667
        39000483000039         483          39       7618.2975
        39009436000144        9436          39       7618.2975
        41009981003999        9981          41       4463.4286
        42000616008777         616          42       132.31250
        42000616009511         616          42       1376.0192
        42006819010756        6819          42       20725.757
        42006826005068        6826          42       456153.50
        43001547000521        1547          43       7618.2975
        44000085000560          85          44       322.42667
        44000086003563          86          44       781.26582
        44000317000461         317          44       4463.4286
        44000796000039         796          44       2403.9767
        47000252000039         252          47       20725.757
        47002069000039        2069          47       14.809524
        47002090000039        2090          47       132.31250
        47023680000039       23680          47       29.926829
        48000019046031          19          48       2403.9767
        48001002000039        1002          48       7618.2975
        48014700001996       14700          48       781.26582
        48014726000039       14726          48       132.31250
        49000103000440         103          49       4463.4286
        50000145000338         145          50       20725.757
        51000142005095         142          51       132.31250
        51000146004705         146          51       7618.2975
        51000173000182         173          51       20725.757
        51018790000039       18790          51       20725.757
        52000069000216          69          52       1376.0192
        53000086003215          86          53       132.31250
        54000067011114          67          54       322.42667
        54000070005283          70          54       1376.0192
        54000081001370          81          54       4463.4286
        54000145000070         145          54       781.26582
        55000134002932         134          55       20725.757
        55000138015595         138          55       781.26582
        55000144000148         144          55       4463.4286
        55000192000627         192          55       4463.4286
        55016582006869       16582          55       29.926829
        55016584001410       16584          55       2403.9767
        56012173000123       12173          56       7618.2975
        57000128000039         128          57       1376.0192
        57000886000039         886          57       20725.757
        57012941000642       12941          57       7618.2975
        58000075000039          75          58       29.926829
        58000409000039         409          58       20725.757
        59000116000039         116          59       12.333333
        59000122000039         122          59       132.31250
        60000061001360          61          60       20725.757
        61000088025080          88          61       1376.0192
        61005095008466        5095          61       1376.0192
        63000156000336         156          63       7618.2975
        63012451000039       12451          63       7618.2975
        64000000007041           0          64       14.809524
        64000000014927           0          64       20725.757
        64000009000039           9          64       322.42667
        64000324000039         324          64       1376.0192
        64001570000166        1570          64       29.926829
        67003651000039        3651          67       456153.50
        67015222000039       15222          67       7618.2975
        68000006008241           6          68       29.926829
        68001065003503        1065          68       20725.757
        68010120001037       10120          68       322.42667
        69000029000654          29          69       7618.2975
        69010297000039       10297          69       7618.2975
        70002038000039        2038          70       20725.757
        71019742000506       19742          71       20725.757
        72000019004317          19          72       4463.4286
        72018407000039       18407          72       14.809524
        72019045000039       19045          72       7618.2975
        74004915000039        4915          74       132.31250
        75000269000216         269          75       2403.9767
        76000031005005          31          76       2403.9767
        76000031000039          31          76       14.809524
        76007995000386        7995          76       1376.0192
        77000100001613         100          77       29.926829
        77000101001205         101          77       4463.4286
        78000130000039         130          78       132.31250
        78002404000084        2404          78       4463.4286
        79016208000039       16208          79       781.26582
        80000020000502          20          80       132.31250
        80000022000039          22          80       29.926829
        80000058000058          58          80       7618.2975
        80010215002164       10215          80       322.42667
        81000053000039          53          81       322.42667
        81000276000039         276          81       2403.9767
        82000133000097         133          82       4463.4286
        82020318036072       20318          82       7618.2975
        82020546000039       20546          82       2403.9767
        83000911000039         911          83       2403.9767
        83002174000039        2174          83       7618.2975
        83019653022596       19653          83       20725.757
        84000013000120          13          84       2403.9767
        84000053000181          53          84       781.26582
        84016847000712       16847          84       2403.9767
        85000082000929          82          85       132.31250
        85000193000204         193          85       4463.4286
        85001134000039        1134          85       7618.2975
        85019950005999       19950          85       1376.0192
        85019955000039       19955          85       29.926829
        85020708000082       20708          85       20725.757
        87000257000223         257          87       2403.9767
        88000069000162          69          88       20725.757
        88004352010669        4352          88       4463.4286
        88004424000538        4424          88       20725.757
        88004453000367        4453          88       20725.757
        89000064000183          64          89       7618.2975
        89003400005835        3400          89       29.926829
        89005256000039        5256          89       456153.50
        90000078007562          78          90       781.26582
        90001133001375        1133          90       2403.9767
        90001140001812        1140          90       7618.2975
        90001140000039        1140          90       322.42667
        90001151001625        1151          90       1376.0192
        90025502040152       25502          90       1376.0192
        91000118005689         118          91       7618.2975
        91000124000848         124          91       2403.9767
        91000169000039         169          91       781.26582
        95000115001221         115          95       29.926829
        95000121000038         121          95       322.42667
        95000299000039         299          95       4463.4286
        96000032000039          32          96       132.31250
        97000059000039          59          97       14.809524
        97000059009559          59          97       132.31250
        97018898010180       18898          97       322.42667
        98000092005059          92          98       322.42667
        98000092000039          92          98       1376.0192
        98016098000163       16098          98       1376.0192
        99000085011616          85          99       20725.757
        99000090001501          90          99       4463.4286
        99011963002186       11963          99       4463.4286
        99013095000039       13095          99       20725.757
       100000000004149           0         100       14.809524
       100000002002744           2         100       1376.0192
       100000542000066         542         100       20725.757
       100001930000955        1930         100       7618.2975
       101020521000039       20521         101       1376.0192
       102000069001438          69         102       2403.9767
       103000659000039         659         103       7618.2975
       103018736002063       18736         103       2403.9767
       104000016030992          16         104       132.31250
       104000016090608          16         104       322.42667
       104000018004256          18         104       7618.2975
       104019766104539       19766         104       7618.2975
       104019766008185       19766         104       14.809524
       104019766000039       19766         104       29.926829
       104019766097011       19766         104       29.926829
       104019770000039       19770         104       29.926829
       104019809000130       19809         104       2403.9767
       105000050009391          50         105       132.31250
       105006747000064        6747         105       29.926829
       105006921000127        6921         105       1416668.0
       105007127000160        7127         105       7618.2975
       106000111001721         111         106       322.42667
       106000115002704         115         106       2403.9767
       107000822000053         822         107       4463.4286
       109000144071745         144         109       132.31250
       109019071002910       19071         109       322.42667
       110010696000128       10696         110       2403.9767
       111006705019385        6705         111       1376.0192
       111006716000187        6716         111       132.31250
       111006825000039        6825         111       20725.757
       111006863000039        6863         111       781.26582
       111007275000093        7275         111       7618.2975
       112009216007908        9216         112       7618.2975
       112009262000323        9262         112       20725.757
       112009360000073        9360         112       7618.2975
       113000057030312          57         113       322.42667
       113013783000039       13783         113       7618.2975
       115000127001066         127         115       322.42667
       115012615000217       12615         115       132.31250
       115012622000801       12622         115       7618.2975
       115014330000039       14330         115       20725.757
       116000049006789          49         116       2403.9767
       116000064000119          64         116       1376.0192
       117000085002426          85         117       7618.2975
       117011978000136       11978         117       2403.9767
       117012247000039       12247         117       4463.4286
       118000046008760          46         118       2403.9767
       118000444000039         444         118       4463.4286
       118021462000753       21462         118       7618.2975
       119000070001201          70         119       1376.0192
       119000080000481          80         119       456153.50
       119000123000110         123         119       1376.0192
       120000062000083          62         120       7618.2975
       122000132000039         132         122       1376.0192
       122001011000039        1011         122       7618.2975
       124000068001109          68         124       781.26582
       124009589031245        9589         124       322.42667
       124009595001025        9595         124       2403.9767
       124009706000060        9706         124       20725.757
       125000143000039         143         125       132.31250
       125010285004074       10285         125       7618.2975
       125010544000039       10544         125       7618.2975
       126000062000039          62         126       132.31250
       127000131010003         131         127       2403.9767
       127000292000738         292         127       4463.4286
       128000000002470           0         128       1376.0192
       128008174017406        8174         128       29.926829
       128008174027185        8174         128       1376.0192
       128008186000039        8186         128       29.926829
       128008404000089        8404         128       7618.2975
       128008677000039        8677         128       2403.9767
       129000163000193         163         129       20725.757
       130003598000039        3598         130       2403.9767
       131003689000146        3689         131       4463.4286
       132000198000039         198         132       2403.9767
       132000327000081         327         132       2403.9767
       134000029000039          29         134       14.809524
       134001390000426        1390         134       2403.9767
       134007602083391        7602         134       20725.757
       134007612005586        7612         134       7618.2975
       134007624000457        7624         134       4463.4286
       136004425003452        4425         136       7618.2975
       136004970003743        4970         136       7618.2975
       136005008000487        5008         136       4463.4286
       137000063000039          63         137       781.26582
       137004008000345        4008         137       4463.4286
       138000505015160         505         138       7618.2975
       138000599000106         599         138       4463.4286
       139000069001782          69         139       322.42667
       139000070008333          70         139       4463.4286
       141005429009307        5429         141       781.26582
       143003900000542        3900         143       4463.4286
       144000035000253          35         144       14.809524
       144009946013452        9946         144       2403.9767
       144011118000039       11118         144       4463.4286
       145005346000125        5346         145       4463.4286
       148000209000039         209         148       2403.9767
       150000209000039         209         150       781.26582
       151000145001551         145         151       322.42667
       151000177000228         177         151       7618.2975
       151004376000039        4376         151       7618.2975
       152000087000355          87         152       781.26582
       153016315005690       16315         153       14.809524
       154000061006710          61         154       1376.0192
       154000171000085         171         154       4463.4286
       154012636035255       12636         154       4463.4286
       154012723000229       12723         154       2403.9767
       155000129006543         129         155       2403.9767
       155000129008107         129         155       20725.757
       155012206002754       12206         155       29.926829
       156009178004891        9178         156       132.31250
       156009179000039        9179         156       132.31250
       156009201000853        9201         156       2403.9767
       157000316000066         316         157       20725.757
       157000400000070         400         157       20725.757
       157009566000339        9566         157       4463.4286
       157009569000039        9569         157       781.26582
       158004387000252        4387         158       20725.757
       159016404000168       16404         159       4463.4286
       160000023005737          23         160       20725.757
       160000025000039          25         160       132.31250
       160000029003533          29         160       7618.2975
       160000030000039          30         160       132.31250
       161000873005975         873         161       322.42667
       162000034002822          34         162       29.926829
       162000048036239          48         162       132.31250
       162000050014623          50         162       7618.2975
       162000062000039          62         162       14.809524
       162000140000039         140         162       322.42667
       163001309000039        1309         163       7618.2975
       163016450000186       16450         163       2403.9767
       164000037005776          37         164       781.26582
       164000043001336          43         164       4463.4286
       164012820000097       12820         164       4463.4286
       164013039000053       13039         164       7618.2975
       165012347000039       12347         165       132.31250
       167000239000145         239         167       7618.2975
       167009327004914        9327         167       2403.9767
       168008671002403        8671         168       2403.9767
       169000043012764          43         169       781.26582
       169000048000760          48         169       781.26582
       169000063001566          63         169       1376.0192
       171004300000039        4300         171       4463.4286
       172000742000322         742         172       20725.757
       173000062011383          62         173       14.809524
       174000095017918          95         174       20725.757
       174000099010880          99         174       29.926829
       174000122000316         122         174       322.42667
       175000153010031         153         175       132.31250
       175000189000699         189         175       4463.4286
       175001840000039        1840         175       20725.757
       176003241000039        3241         176       12.333333
       179000096002608          96         179       132.31250
       179000118000039         118         179       29.926829
       179000133000039         133         179       1376.0192
       180000077000039          77         180       322.42667
       180000118001585         118         180       2403.9767
       180000194000318         194         180       7618.2975
       181000114000039         114         181       322.42667
       181000287000039         287         181       1376.0192
       182000099004013          99         182       14.809524
       182000103000426         103         182       29.926829
       182000104000113         104         182       2403.9767
       182000128000391         128         182       1376.0192
       182000171000039         171         182       1376.0192
       183000182000039         182         183       1376.0192
       184000066000169          66         184       322.42667
       184000066006379          66         184       2403.9767
       184000069000282          69         184       20725.757
       185015376000093       15376         185       4463.4286
       185015831002122       15831         185       2403.9767
       186000107000039         107         186       12.333333
       187000178001999         178         187       4463.4286
       188003937001764        3937         188       29.926829
       188003951000857        3951         188       132.31250
       188004024000103        4024         188       322.42667
       189001463001829        1463         189       7618.2975
       189001463003547        1463         189       4463.4286
       189001499000959        1499         189       2403.9767
       190004181000039        4181         190       29.926829
       190004183010414        4183         190       2403.9767
       190004551000039        4551         190       1376.0192
       191000123002945         123         191       29.926829
       191000170000792         170         191       4463.4286
       192000053003542          53         192       14.809524
       192000053001148          53         192       781.26582
       192016671000181       16671         192       29.926829
       192019022000039       19022         192       20725.757
       194000043030675          43         194       132.31250
       194000045004826          45         194       1376.0192
       194000055001031          55         194       7618.2975
       194019437025020       19437         194       2403.9767
       195008550000039        8550         195       781.26582
       195008552002443        8552         195       781.26582
       195008644000176        8644         195       7618.2975
       196016168014181       16168         196       4463.4286
       197000138000223         138         197       2403.9767
       197000191000039         191         197       781.26582
       197000795000039         795         197       2403.9767
       198000352000184         352         198       7618.2975
       198019991000141       19991         198       2403.9767
       199000109000039         109         199       14.809524
       199000110005152         110         199       322.42667
       199019439008575       19439         199       2403.9767
       200000073122435          73         200       20725.757
       200000073074230          73         200       4463.4286
       200000074000039          74         200       29.926829
       200016183002241       16183         200       2403.9767
       200016231000165       16231         200       4463.4286
       200016234000039       16234         200       2403.9767
       201000112000681         112         201       4463.4286
       201000249000039         249         201       1376.0192
       202000199000039         199         202       4463.4286
       202013622002049       13622         202       1376.0192
       202013628000108       13628         202       7618.2975
       203000048000946          48         203       1376.0192
       203000134006623         134         203       322.42667
       203000210000158         210         203       4463.4286
       203013076000448       13076         203       7618.2975
       204000031004738          31         204       2403.9767
       204000054000607          54         204       2403.9767
       204011660031058       11660         204       29.926829
       204011678000039       11678         204       132.31250
       204011686021542       11686         204       7618.2975
       205000106000039         106         205       29.926829
       205000131000147         131         205       2403.9767
       205000198000421         198         205       7618.2975
       205001126000039        1126         205       20725.757
       206000102007257         102         206       7618.2975
       206000106001387         106         206       1376.0192
       208000021000039          21         208       4463.4286
       208003748000167        3748         208       7618.2975
       209002051002146        2051         209       2403.9767
       209002077000039        2077         209       1376.0192
       209002135000039        2135         209       781.26582
       210000069005505          69         210       781.26582
       210007708002828        7708         210       7618.2975
       210007708018349        7708         210       2403.9767
       210007714000286        7714         210       322.42667
       211001701007718        1701         211       20725.757
       213000149005294         149         213       1376.0192
       213001190000039        1190         213       7618.2975
       213014640008564       14640         213       4463.4286
       213014644000039       14644         213       29.926829
       213014825000228       14825         213       7618.2975
       214009785000635        9785         214       2403.9767
       215006883000837        6883         215       7618.2975
       218029568001078       29568         218       781.26582
       218029568002738       29568         218       20725.757
       218029574000718       29574         218       2403.9767
       219000136006239         136         219       7618.2975
       219000137013861         137         219       20725.757
       219000139004665         139         219       322.42667
       219000141000039         141         219       29.926829
       219000153002128         153         219       322.42667
       219000171000884         171         219       781.26582
       219000205000039         205         219       781.26582
       219000219000039         219         219       1376.0192
       219000575000039         575         219       4463.4286
       219021309000462       21309         219       14.809524
       220009387000039        9387         220       781.26582
       221000161000039         161         221       29.926829
       221000163005273         163         221       7618.2975
       222003971000978        3971         222       1376.0192
       223000449000039         449         223       1376.0192
       223026030000339       26030         223       1376.0192
       224000063000319          63         224       322.42667
       224000070000039          70         224       29.926829
       224000074000039          74         224       29.926829
       224000239000065         239         224       4463.4286
       224020084000039       20084         224       4463.4286
       225000813000039         813         225       7618.2975
       225001668000520        1668         225       1376.0192
       225001668002106        1668         225       322.42667
       226000080000039          80         226       14.809524
       226000081012051          81         226       7618.2975
       226000141000471         141         226       4463.4286
       226022417000076       22417         226       7618.2975
       227000119004279         119         227       4463.4286
       227000133000988         133         227       781.26582
       227011767003367       11767         227       4463.4286
       227011784000697       11784         227       781.26582
       227011825000066       11825         227       7618.2975
       228004994002214        4994         228       29.926829
       228004994005525        4994         228       14.809524
       229002742000039        2742         229       29.926829
       229002752000039        2752         229       29.926829
       230002836000944        2836         230       29.926829
       230002971000223        2971         230       4463.4286
       231001038005394        1038         231       14.809524
       231001096000039        1096         231       781.26582
       232000172000039         172         232       1376.0192
       232007392000038        7392         232       20725.757
       233000112000387         112         233       29.926829
       233000148000039         148         233       781.26582
       233000306000114         306         233       7618.2975
       233022795000039       22795         233       29.926829
       233023661000039       23661         233       7618.2975
       234000096016836          96         234       7618.2975
       234000097005155          97         234       20725.757
       234000113000039         113         234       322.42667
       234016420000229       16420         234       4463.4286
       234017048000039       17048         234       7618.2975
       235000170001806         170         235       7618.2975
       236006891001690        6891         236       29.926829
       237000065003370          65         237       1376.0192
       238018502002772       18502         238       29.926829
       239023372009860       23372         239       132.31250
       239023372048959       23372         239       2403.9767
       240011806005174       11806         240       29.926829
       241008844000039        8844         241       29.926829
       241008881000087        8881         241       2403.9767
       241009344000039        9344         241       7618.2975
       242000226000160         226         242       456153.50
       242000292000039         292         242       4463.4286
       242006286000186        6286         242       20725.757
       242009376016898        9376         242       1376.0192
       242009390000286        9390         242       20725.757
       243010928017605       10928         243       12.333333
       243010928000039       10928         243       14.809524
       243010956000039       10956         243       29.926829
       243010989000532       10989         243       7618.2975
       244004933000039        4933         244       14.809524
       244005200000039        5200         244       4463.4286
       244005994000039        5994         244       4463.4286
       244023825000288       23825         244       7618.2975
       245000214000261         214         245       2403.9767
       245000448000039         448         245       1376.0192
       246002458005556        2458         246       29.926829
       246002467002168        2467         246       1376.0192
       247000150004213         150         247       20725.757
       248000048193952          48         248       20725.757
       249000119001831         119         249       4463.4286
       249000378000171         378         249       20725.757
       249011878000067       11878         249       781.26582
       250000107013493         107         250       20725.757
       250000107008649         107         250       1376.0192
       251007866000614        7866         251       14.809524
       252000181000039         181         252       1376.0192
       252011757000305       11757         252       7618.2975
       254000123004069         123         254       20725.757
       254017297018162       17297         254       7618.2975
       256000270000063         270         256       20725.757
       256022593000403       22593         256       2403.9767
       257000046000039          46         257       132.31250
       258000182000369         182         258       4463.4286
       258000355000039         355         258       4463.4286
       258001817000039        1817         258       7618.2975
       259001327000039        1327         259       322.42667
       259001425000039        1425         259       1376.0192
       260000040000039          40         260       1376.0192
       261007334000182        7334         261       7618.2975
       261007684000204        7684         261       20725.757
       262009300005774        9300         262       322.42667
       262009307000039        9307         262       29.926829
       263000130030110         130         263       781.26582
       263022704001037       22704         263       20725.757
       264000059001021          59         264       29.926829
       264000112000039         112         264       322.42667
       264011496053649       11496         264       13.000000
       264011496019227       11496         264       781.26582
       265000028000325          28         265       781.26582
       265009642000039        9642         265       4463.4286
       265011966000039       11966         265       7618.2975
       266001321004053        1321         266       322.42667
       267001686003318        1686         267       2403.9767
       267001962000039        1962         267       1376.0192
       268001399000039        1399         268       2403.9767
       269004160008090        4160         269       29.926829
       269004162006232        4162         269       4463.4286
       269004177001081        4177         269       322.42667
       269004271000055        4271         269       4463.4286
       269004761000063        4761         269       7618.2975
       270008954000116        8954         270       2403.9767
       271000150000113         150         271       1376.0192
       271010635014574       10635         271       20725.757
       271010640000039       10640         271       322.42667
       272010096000039       10096         272       29.926829
       272010704000039       10704         272       4463.4286
       273000074001507          74         273       7618.2975
       273000081000112          81         273       2403.9767
       273000110000039         110         273       2403.9767
       274004229000828        4229         274       781.26582
       275006401000089        6401         275       456153.50
       277000056000039          56         277       132.31250
       277000071001064          71         277       4463.4286
       278000159000749         159         278       4463.4286
       278016685000411       16685         278       132.31250
       278016694001273       16694         278       2403.9767
       278016715000039       16715         278       781.26582
       279000241002299         241         279       132.31250
       279013392000268       13392         279       4463.4286
       279013434000039       13434         279       1376.0192
       281000056006973          56         281       2403.9767
       281000065004267          65         281       2403.9767
       282004951004836        4951         282       781.26582
       283001599000039        1599         283       132.31250
       283001619001167        1619         283       4463.4286
       286000033012849          33         286       1376.0192
       286006293049589        6293         286       2403.9767
       286006294005997        6294         286       4463.4286
       288000054000182          54         288       2403.9767
       289000128000039         128         289       781.26582
       289000161000221         161         289       4463.4286
       289000512000039         512         289       2403.9767
       290000054015853          54         290       7618.2975
       290000060000039          60         290       29.926829
       290000062000039          62         290       322.42667
       290000166000104         166         290       4463.4286
       291002838004838        2838         291       132.31250
       292002060042780        2060         292       4463.4286
       292002060021154        2060         292       2403.9767
       293000136000710         136         293       2403.9767
       294001097000039        1097         294       14.809524
       294001313000173        1313         294       4463.4286
       294003833000687        3833         294       2403.9767
       295002163002507        2163         295       781.26582
       295002169000381        2169         295       7618.2975
       295002182001904        2182         295       781.26582
       295002191002105        2191         295       20725.757
       296003839001125        3839         296       2403.9767
       296003890000610        3890         296       7618.2975
       297000067018165          67         297       1376.0192
       297000068010611          68         297       1376.0192
       297000069005578          69         297       322.42667
       297000072000714          72         297       132.31250
       297000212000039         212         297       781.26582
       297020378000039       20378         297       781.26582
       298000050000259          50         298       1376.0192
       298000093000214          93         298       2403.9767
       298000522000039         522         298       4463.4286
       299000189000137         189         299       456153.50
       300003566000039        3566         300       132.31250
       300003568003514        3568         300       132.31250
       300003628000462        3628         300       20725.757
       302007741000039        7741         302       4463.4286
       304017769011693       17769         304       4463.4286
       305000159000661         159         305       20725.757
       306000850000039         850         306       7618.2975
       309001070012093        1070         309       2403.9767
       309001078002683        1078         309       4463.4286
       309001310000192        1310         309       7618.2975
       309001329000039        1329         309       4463.4286
       310000030001065          30         310       4463.4286
       310000318000164         318         310       7618.2975
       311001712000039        1712         311       322.42667
       312000056004493          56         312       29.926829
       312000056001840          56         312       29.926829
       312000591000039         591         312       4463.4286
       312022818002446       22818         312       2403.9767
       312022825001432       22825         312       322.42667
       312022903000129       22903         312       1376.0192
       314012993010374       12993         314       7618.2975
       314013839000039       13839         314       7618.2975
       315000121000382         121         315       322.42667
       315011794000039       11794         315       1376.0192
       316014185015681       14185         316       20725.757
       318000082000039          82         318       29.926829
       319000122006896         122         319       29.926829
       319000220000137         220         319       7618.2975
       320000089002924          89         320       4463.4286
       320001475000039        1475         320       20725.757
       321002143001042        2143         321       132.31250
       321002450000039        2450         321       2403.9767
       321002663000039        2663         321       4463.4286
       322004562007231        4562         322       2403.9767
       322004577002430        4577         322       4463.4286
       322004654000039        4654         322       781.26582
       323000100000228         100         323       4463.4286
       324000005004139           5         324       4463.4286
       324014449001038       14449         324       29.926829
       324014449001012       14449         324       4463.4286
       324015447000039       15447         324       20725.757
       325000071000735          71         325       2403.9767
       327000182000691         182         327       1376.0192
       327019892001349       19892         327       4463.4286
       328000067000039          67         328       132.31250
       328011816016341       11816         328       4463.4286
       328011821002671       11821         328       7618.2975
       329004025014079        4025         329       14.809524
       329004025000039        4025         329       14.809524
       330000176000039         176         330       1376.0192
       330000266000275         266         330       1416668.0
       332000279000039         279         332       4463.4286
       332007180010148        7180         332       2403.9767
       332007194000287        7194         332       322.42667
       332007377000039        7377         332       2403.9767
       334000076000083          76         334       2403.9767
       334006346000577        6346         334       2403.9767
       337000497000056         497         337       7618.2975
       337017668000039       17668         337       781.26582
       340000061021259          61         340       132.31250
       340001005000039        1005         340       4463.4286
       340021243000162       21243         340       7618.2975
       341000117054546         117         341       20725.757
       341000121002799         121         341       2403.9767
       341000143000347         143         341       1376.0192
       341000189001703         189         341       7618.2975
       341014268000425       14268         341       7618.2975
       343000122000620         122         343       1376.0192
       345000067005836          67         345       1376.0192
       345000098000708          98         345       7618.2975
       347003510000039        3510         347       781.26582
       348000060002193          60         348       20725.757
       348009136000039        9136         348       4463.4286
       348009244000039        9244         348       2403.9767
       349011311000520       11311         349       1376.0192
       349011328000860       11328         349       7618.2975
       349011466000155       11466         349       7618.2975
       349012727000039       12727         349       7618.2975
       351013176000039       13176         351       322.42667
       352000034019716          34         352       14.809524
       352000076000039          76         352       322.42667
       352000136000504         136         352       4463.4286
       352000613000039         613         352       7618.2975
       353000114001193         114         353       781.26582
       354010648000039       10648         354       14.809524
       354010664002701       10664         354       1376.0192
       355000101000123         101         355       1376.0192
       355010841005149       10841         355       29.926829
       358000089000039          89         358       29.926829
       358000094002099          94         358       132.31250
       358000106002109         106         358       2403.9767
       358000130001347         130         358       132.31250
       358000146000039         146         358       781.26582
       358000575000039         575         358       2403.9767
       358018347000349       18347         358       2403.9767
       358018492000077       18492         358       7618.2975
       359012367000039       12367         359       29.926829
       359012564000039       12564         359       781.26582
       360000692000039         692         360       4463.4286
       360009988000094        9988         360       7618.2975
       361000423004015         423         361       29.926829
       361009781011122        9781         361       1376.0192
       361009789000039        9789         361       781.26582
       362000314000089         314         362       2403.9767
       363000278000185         278         363       7618.2975
       363004059000039        4059         363       20725.757
       364000180000277         180         364       1376.0192
       364002004000039        2004         364       20725.757
       365000141000039         141         365       29.926829
       365000155001417         155         365       4463.4286
       365000311000066         311         365       7618.2975
       365024550000108       24550         365       2403.9767
       366000025000474          25         366       4463.4286
       366000097000366          97         366       4463.4286
       366000115000038         115         366       781.26582
       366020162000327       20162         366       781.26582
       367014514000569       14514         367       7618.2975
       367014547000084       14547         367       20725.757
       368002279000039        2279         368       7618.2975
       368010555000102       10555         368       781.26582
       369000089020002          89         369       322.42667
       369000089008688          89         369       1376.0192
       369006543004738        6543         369       132.31250
       369006559000039        6559         369       781.26582
       369006605000039        6605         369       1376.0192
       370004418003521        4418         370       7618.2975
       370004573000039        4573         370       2403.9767
       372017483000039       17483         372       132.31250
       373000136013943         136         373       2403.9767
       374000135001716         135         374       1376.0192
       374000146000039         146         374       132.31250
       374019281009448       19281         374       4463.4286
       375000129000480         129         375       7618.2975
       375015327000039       15327         375       29.926829
       376000034015961          34         376       20725.757
       376000045000039          45         376       132.31250
       377000086000039          86         377       29.926829
       377000089002107          89         377       7618.2975
       377002007000039        2007         377       20725.757
       378000117000039         117         378       14.809524
       379000294000039         294         379       1376.0192
       380000187000294         187         380       7618.2975
       380000251000150         251         380       20725.757
       380001170000039        1170         380       4463.4286
       381000161003530         161         381       4463.4286
       382000234000955         234         382       2403.9767
       382000285000114         285         382       1376.0192
       383003672000039        3672         383       322.42667
       384008259003787        8259         384       322.42667
       384008278001372        8278         384       322.42667
       384008307000622        8307         384       20725.757
       385000038000205          38         385       781.26582
       386000091000039          91         386       1376.0192
       386020716064500       20716         386       14.809524
       387000092001819          92         387       132.31250
       387000095014230          95         387       29.926829
       387000099000778          99         387       781.26582
       387016216000039       16216         387       1376.0192
       388009799157105        9799         388       1376.0192
       388009799024575        9799         388       322.42667
       389001475000039        1475         389       4463.4286
       392023533000826       23533         392       2403.9767
       393024339000933       24339         393       2403.9767
       394000070004870          70         394       20725.757
       394000090000515          90         394       2403.9767
       395000115001719         115         395       7618.2975
       395000353000039         353         395       4463.4286
       395002108000039        2108         395       7618.2975
       396000899000493         899         396       7618.2975
       396004329001290        4329         396       322.42667
       396004359000039        4359         396       781.26582
       397001829000039        1829         397       20725.757
       399011207004252       11207         399       1376.0192
       399011328000378       11328         399       7618.2975
       400000035010015          35         400       322.42667
       400006306000039        6306         400       12.333333
       400006596000039        6596         400       2403.9767
       400012728000083       12728         400       322.42667
       402000042000039          42         402       781.26582
       406000000000071           0         406       4463.4286
       406002081001393        2081         406       322.42667
       407000569055854         569         407       20725.757
       407000571020340         571         407       1376.0192
       407000572003302         572         407       20725.757
       407000589000614         589         407       20725.757
       408018564013289       18564         408       456153.50
       410013368000039       13368         410       132.31250
       411000165050358         165         411       322.42667
       411000380000168         380         411       20725.757
       411016614000039       16614         411       322.42667
       411017444000039       17444         411       7618.2975
       413000207000039         207         413       781.26582
       413015854003119       15854         413       7618.2975
       414000063000039          63         414       29.926829
       414000140000345         140         414       2403.9767
       416000169000142         169         416       7618.2975
       417000182000039         182         417       4463.4286
       418000063027433          63         418       132.31250
       418000064000039          64         418       29.926829
       418000066012023          66         418       4463.4286
       418000098000232          98         418       7618.2975
       418005080010558        5080         418       7618.2975
       418022088000039       22088         418       2403.9767
       420002692003549        2692         420       132.31250
       420002705000098        2705         420       20725.757
       421000078002335          78         421       4463.4286
       421006371003958        6371         421       4463.4286
       421007296005664        7296         421       1376.0192
       422000103000708         103         422       14.809524
       424000068001277          68         424       4463.4286
       424000460000058         460         424       4463.4286
       424013191000872       13191         424       7618.2975
       425000108000281         108         425       7618.2975
       425000158001118         158         425       7618.2975
       425000620000039         620         425       7618.2975
       425004190000100        4190         425       4463.4286
       425019679018146       19679         425       781.26582
       425019683003954       19683         425       20725.757
       426000364000094         364         426       7618.2975
       426017715000341       17715         426       781.26582
       426017770000207       17770         426       20725.757
       427000282000039         282         427       4463.4286
       428000056004647          56         428       4463.4286
       429000106000039         106         429       14.809524
       429002866000445        2866         429       4463.4286
       430000120000362         120         430       1376.0192
       430008532007481        8532         430       20725.757
       430008547003110        8547         430       4463.4286
       430008562001964        8562         430       4463.4286
       430008941000039        8941         430       1376.0192
       431000186000039         186         431       14.809524
       431000192000039         192         431       14.809524
       432000092001487          92         432       20725.757
       433000103001111         103         433       7618.2975
       433000107000486         107         433       20725.757
       436000106002706         106         436       20725.757
       436000118000283         118         436       2403.9767
       436000219000039         219         436       781.26582
       436017499000039       17499         436       29.926829
       437005150001949        5150         437       14.809524
       438000123020145         123         438       2403.9767
       438000123040472         123         438       132.31250
       438000125000039         125         438       14.809524
       438000650000039         650         438       1376.0192
       439000171007054         171         439       1376.0192
       439000173003841         173         439       7618.2975
       439000173002153         173         439       132.31250
       439000218000878         218         439       20725.757
       442003019010020        3019         442       7618.2975
       442003112000039        3112         442       2403.9767
       443000147000039         147         443       12.333333
       443000353000298         353         443       4463.4286
       443000566000039         566         443       4463.4286
       444000095000679          95         444       2403.9767
       444000274000367         274         444       20725.757
       445000113000039         113         445       781.26582
       445004993004132        4993         445       20725.757
       446000068004631          68         446       20725.757
       446011848002909       11848         446       2403.9767
       447000145002144         145         447       4463.4286
       447000159000426         159         447       781.26582
       449002249000130        2249         449       20725.757
       450002051000100        2051         450       2403.9767
       453000042010385          42         453       322.42667
       453000138021321         138         453       1376.0192
       454000111000784         111         454       322.42667
       454000142001191         142         454       7618.2975
       455000146000039         146         455       29.926829
       455018639011600       18639         455       20725.757
       455018651000039       18651         455       322.42667
       456000082001394          82         456       2403.9767
       456000152000039         152         456       2403.9767
       456020080000165       20080         456       7618.2975
       458000090003328          90         458       1376.0192
       459001172000039        1172         459       29.926829
       460000064000850          64         460       7618.2975
       460000669000039         669         460       4463.4286
       460000785000039         785         460       4463.4286
       461000080017771          80         461       4463.4286
       461000526000039         526         461       1376.0192
       462000126015380         126         462       1376.0192
       462000126020610         126         462       7618.2975
       462000126033845         126         462       20725.757
       463000141000039         141         463       132.31250
       463000143000039         143         463       14.809524
       463000175000952         175         463       20725.757
       463000409000039         409         463       4463.4286
       464000039003245          39         464       29.926829
       464001499002130        1499         464       2403.9767
       465001643002062        1643         465       20725.757
       466000172000494         172         466       4463.4286
       467000099008686          99         467       4463.4286
       467000117002615         117         467       20725.757
       467000124000039         124         467       781.26582
       469003335001760        3335         469       20725.757
       470000174003286         174         470       7618.2975
       470000235000039         235         470       2403.9767
       471000184005648         184         471       132.31250
       471000188005415         188         471       1376.0192
       471000205000039         205         471       29.926829
       472000093000106          93         472       781.26582
       472000102001084         102         472       781.26582
       472018602001183       18602         472       20725.757
       473000171000505         171         473       2403.9767
       473000175000433         175         473       7618.2975
       473015327000380       15327         473       29.926829
       473015349000372       15349         473       2403.9767
       473016103000039       16103         473       7618.2975
       474014571001957       14571         474       7618.2975
       477004681008652        4681         477       7618.2975
       479002343008515        2343         479       29.926829
       479002998000039        2998         479       7618.2975
       480000075000234          75         480       1376.0192
       480000181000095         181         480       4463.4286
       480000611000050         611         480       7618.2975
       480022800000039       22800         480       4463.4286
       482000078000039          78         482       12.333333
       482000079000039          79         482       29.926829
       484000041011308          41         484       781.26582
       484000052001643          52         484       781.26582
       484000133000039         133         484       2403.9767
       484015150000409       15150         484       322.42667
       484016336000039       16336         484       20725.757
       485000089008744          89         485       7618.2975
       486015398012551       15398         486       132.31250
       487000162001826         162         487       4463.4286
       487015759000039       15759         487       322.42667
       489000131000039         131         489       322.42667
       489000306000084         306         489       2403.9767
       489000572000039         572         489       2403.9767
       489001223000039        1223         489       20725.757
       489020509000039       20509         489       4463.4286
       489020553000237       20553         489       2403.9767
       490000093000234          93         490       29.926829
       490000164000039         164         490       322.42667
       491000123005853         123         491       1376.0192
       491000128000673         128         491       1376.0192
       495000830000039         830         495       7618.2975
       496000089000039          89         496       20725.757
       496001080000275        1080         496       20725.757
       496001262000039        1262         496       1376.0192
       496004251000217        4251         496       781.26582
       497003425136539        3425         497       2403.9767
       497003428016906        3428         497       4463.4286
       498000174000039         174         498       322.42667
       498000517000039         517         498       7618.2975
       500000080000039          80         500       14.809524
       501000363000039         363         501       2403.9767
       502002183002443        2183         502       7618.2975
       502002270000039        2270         502       322.42667
       503000223000039         223         503       1376.0192
       506020257000619       20257         506       20725.757
       507000153000039         153         507       132.31250
       507000164000194         164         507       1376.0192
       508000129005680         129         508       7618.2975
       509000162000039         162         509       29.926829
       509000167001306         167         509       4463.4286
       509000167002191         167         509       29.926829
       509000191000447         191         509       4463.4286
       509000688000039         688         509       2403.9767
       510000201000039         201         510       781.26582
       510000235000642         235         510       7618.2975
       511000153032100         153         511       29.926829
       511003137000039        3137         511       4463.4286
