         447
            4245000015        4245           0       36083.269
         5000058032619          58           5       6849.9167
         6000051000015          51           6       509.62500
         6000170000015         170           6       2753.2222
         6000214000015         214           6       2753.2222
         8000029007850          29           8       36083.269
         8004326000015        4326           8       95264.375
        10000055000015          55          10       509.62500
        10025692000015       25692          10       237084.16
        13013292000548       13292          13       6849.9167
        14000033000015          33          14       125.80000
        14000229000169         229          14       22301.235
        15000139000015         139          15       218.52632
        15000436000015         436          15       6849.9167
        15010890000015       10890          15       16034.907
        16000125000015         125          16       2701.5625
        16003740000015        3740          16       95264.375
        16004581000015        4581          16       95264.375
        16013211000015       13211          16       2701.5625
        18001186000015        1186          18       218.52632
        18001190000015        1190          18       218.52632
        23005738000015        5738          23       36083.269
        24005135000015        5135          24       36083.269
        25001409000015        1409          25       95264.375
        26001002000061        1002          26       36083.269
        26009236000244        9236          26       9623.0930
        32016136000015       16136          32       4198.1143
        34005031000015        5031          34       237084.16
        36007404000015        7404          36       2701.5625
        36008865000015        8865          36       16034.907
        37014519018726       14519          37       22301.235
        37014525000015       14525          37       218.52632
        39009290001252        9290          39       9623.0930
        39013568000015       13568          39       36083.269
        42006993000488        6993          42       6849.9167
        42007244000015        7244          42       4198.1143
        43001821000015        1821          43       6849.9167
        43023965000015       23965          43       237084.16
        44003373000015        3373          44       22301.235
        47007368000015        7368          47       36083.269
        47023737000015       23737          47       2701.5625
        48014871000015       14871          48       2701.5625
        49012490000015       12490          49       9623.0930
        50000583000015         583          50       9623.0930
        50000609000015         609          50       9623.0930
        50014944000015       14944          50       2701.5625
        53000118000015         118          53       1869.6667
        53000617000015         617          53       6849.9167
        54000064029987          64          54       218.52632
        54023582000015       23582          54       36083.269
        58000214000015         214          58       2701.5625
        58001992000015        1992          58       16034.907
        59000270000659         270          59       95264.375
        59000289000015         289          59       2753.2222
        60001456000015        1456          60       9623.0930
        63013830000015       13830          63       22301.235
        64000137000015         137          64       2701.5625
        64002653000015        2653          64       22301.235
        66003189000015        3189          66       2701.5625
        68010123000015       10123          68       218.52632
        68010481000015       10481          68       4198.1143
        68010485000015       10485          68       4198.1143
        68010648000015       10648          68       6849.9167
        69009243000886        9243          69       22301.235
        69009321000290        9321          69       9623.0930
        71000093002734          93          71       9623.0930
        72004330000015        4330          72       36083.269
        73000079000015          79          73       509.62500
        73000210000324         210          73       36083.269
        74008698000015        8698          74       36083.269
        75017460000015       17460          75       36083.269
        77025995000015       25995          77       536570.20
        78000026000015          26          78       95264.375
        78000115008464         115          78       1869.6667
        78020440000015       20440          78       16034.907
        79000190001510         190          79       4198.1143
        80011183000052       11183          80       36083.269
        82000636000015         636          82       6849.9167
        82004752000015        4752          82       95264.375
        85000164000015         164          85       2753.2222
        85000296000200         296          85       6849.9167
        85001663000015        1663          85       16034.907
        85002500000015        2500          85       22301.235
        89004270000015        4270          89       6849.9167
        90001441000305        1441          90       95264.375
        90006713000015        6713          90       36083.269
        91000118006258         118          91       1036.4667
        92000092002009          92          92       16034.907
        92027181000015       27181          92       237084.16
        93000391000015         391          93       2701.5625
        93000770000015         770          93       6849.9167
        93022578000015       22578          93       218.52632
        95000136001655         136          95       1036.4667
        95000246000015         246          95       2753.2222
        95001586000055        1586          95       36083.269
        95019419000015       19419          95       22301.235
        97000777000157         777          97       16034.907
        98016095007678       16095          98       22301.235
        98016116000015       16116          98       509.62500
        99012007000015       12007          99       2701.5625
       100018015001199       18015         100       9623.0930
       101000182000015         182         101       2753.2222
       101000733000015         733         101       9623.0930
       102000332000015         332         102       4198.1143
       104000201000015         201         104       2701.5625
       105006740021253        6740         105       36083.269
       105009856000015        9856         105       22301.235
       106023951000015       23951         106       16034.907
       108003504000277        3504         108       2701.5625
       109019096003918       19096         109       2753.2222
       110010713000015       10713         110       4198.1143
       112000069000015          69         112       2753.2222
       112013614000053       13614         112       509.62500
       113016827000015       16827         113       95264.375
       114022817000015       22817         114       237084.16
       116010669000389       10669         116       22301.235
       117001294000015        1294         117       22301.235
       118000051000015          51         118       509.62500
       119000374000015         374         119       4198.1143
       120019900000015       19900         120       536570.20
       121000882000015         882         121       16034.907
       123010302000015       10302         123       237084.16
       124000070000098          70         124       125.80000
       124012185000015       12185         124       22301.235
       125001062000015        1062         125       22301.235
       128008183007013        8183         128       16034.907
       130003781033493        3781         130       6849.9167
       131003568009468        3568         131       36083.269
       131003934000015        3934         131       6849.9167
       131004986000015        4986         131       9623.0930
       132022514000015       22514         132       16034.907
       135001385000015        1385         135       36083.269
       136006008000015        6008         136       9623.0930
       137003897000015        3897         137       125.80000
       137004589000015        4589         137       6849.9167
       143003960000469        3960         143       36083.269
       143005106000015        5106         143       9623.0930
       144009971000015        9971         144       1036.4667
       144010810000015       10810         144       9623.0930
       145005385000662        5385         145       2701.5625
       148000054000015          54         148       509.62500
       149000075002953          75         149       22301.235
       150004512000015        4512         150       36083.269
       151003153000015        3153         151       22301.235
       152003450000015        3450         152       22301.235
       152004829000015        4829         152       36083.269
       153005014000015        5014         153       95264.375
       153016359002151       16359         153       218.52632
       154014868000015       14868         154       95264.375
       155012506000015       12506         155       4198.1143
       156000904000015         904         156       22301.235
       157009535004724        9535         157       95264.375
       157009734000015        9734         157       2701.5625
       159000563000015         563         159       9623.0930
       160000051000015          51         160       1036.4667
       162000110000015         110         162       1869.6667
       163016357000015       16357         163       218.52632
       165012340023490       12340         165       1869.6667
       165012342010816       12342         165       95264.375
       167004226000015        4226         167       95264.375
       167009303021640        9303         167       95264.375
       167013295000015       13295         167       95264.375
       169003506000015        3506         169       36083.269
       169006257000015        6257         169       36083.269
       170000285000170         285         170       455459.00
       172001278000015        1278         172       6849.9167
       172006302000015        6302         172       36083.269
       174000242000511         242         174       16034.907
       175000254000572         254         175       36083.269
       176004057000015        4057         176       9623.0930
       176012233000015       12233         176       237084.16
       177008327000015        8327         177       125.80000
       177008605000015        8605         177       4198.1143
       178017739000015       17739         178       36083.269
       182018609009264       18609         182       509.62500
       183000256000015         256         183       4198.1143
       184014852000015       14852         184       36083.269
       185002583000015        2583         185       22301.235
       185022424000015       22424         185       237084.16
       186000105005432         105         186       125.80000
       186001620000015        1620         186       22301.235
       186002267000015        2267         186       22301.235
       191000799000113         799         191       22301.235
       191001407000015        1407         191       9623.0930
       192000070000015          70         192       1036.4667
       194019443000015       19443         194       218.52632
       197000043025571          43         197       22301.235
       197022403000015       22403         197       2753.2222
       198022960000015       22960         198       237084.16
       199000463000015         463         199       4198.1143
       200005263000015        5263         200       95264.375
       200017922000015       17922         200       22301.235
       201010829000015       10829         201       125.80000
       202000161000248         161         202       36083.269
       202013640000015       13640         202       1036.4667
       202016181000015       16181         202       36083.269
       204011710000015       11710         204       1869.6667
       205002617000015        2617         205       16034.907
       206000243000015         243         206       2701.5625
       206000714000308         714         206       16034.907
       207000471000015         471         207       2701.5625
       208003518008911        3518         208       125.80000
       208003594000744        3594         208       16034.907
       210000318000015         318         210       6849.9167
       211000110000973         110         211       36083.269
       213014790000015       14790         213       6849.9167
       215000126000921         126         215       36083.269
       215010286000015       10286         215       22301.235
       216001479000015        1479         216       95264.375
       216005427000015        5427         216       1869.6667
       217004375000308        4375         217       36083.269
       221007713000015        7713         221       22301.235
       223000189005044         189         223       218.52632
       223000220001243         220         223       16034.907
       224000332000235         332         224       9623.0930
       224005314000015        5314         224       95264.375
       225000222000015         222         225       4198.1143
       225009862000015        9862         225       237084.16
       226022232000015       22232         226       4198.1143
       227000118008283         118         227       9623.0930
       227000119003310         119         227       6849.9167
       227000161000015         161         227       2753.2222
       227011881000270       11881         227       4198.1143
       227011904000395       11904         227       9623.0930
       227012342000015       12342         227       6849.9167
       227025742000015       25742         227       536570.20
       228000053000452          53         228       22301.235
       228005918000015        5918         228       6849.9167
       229002740003704        2740         229       22301.235
       230002854000015        2854         230       1036.4667
       230003332000116        3332         230       9623.0930
       231007698000015        7698         231       36083.269
       233003475000015        3475         233       22301.235
       234018660000015       18660         234       36083.269
       237003164000015        3164         237       36083.269
       239000337000257         337         239       9623.0930
       240000028007450          28         240       6849.9167
       241000054000015          54         241       125.80000
       242000074000015          74         242       125.80000
       243000709000015         709         243       16034.907
       243013484000051       13484         243       36083.269
       248000048033511          48         248       4198.1143
       249014676000015       14676         249       22301.235
       251000198000015         198         251       4198.1143
       253018999000015       18999         253       237084.16
       255020406001157       20406         255       22301.235
       256000130000015         130         256       2753.2222
       259001868000015        1868         259       6849.9167
       261000040004607          40         261       36083.269
       263022694000015       22694         263       509.62500
       264000061057262          61         264       16034.907
       269008360000015        8360         269       36083.269
       271000140000015         140         271       1036.4667
       271000361000015         361         271       6849.9167
       271003045000015        3045         271       95264.375
       272010589000083       10589         272       16034.907
       273000050000015          50         273       125.80000
       273015194000015       15194         273       22301.235
       273017848000015       17848         273       36083.269
       274000222000015         222         274       9623.0930
       277000875000015         875         277       6849.9167
       279000366000015         366         279       4198.1143
       280001228000015        1228         280       9623.0930
       280001874000015        1874         280       16034.907
       281018263000015       18263         281       237084.16
       284001222000015        1222         284       9623.0930
       286007252000015        7252         286       9623.0930
       286007773000015        7773         286       16034.907
       288000054000015          54         288       2753.2222
       291003273000015        3273         291       4198.1143
       292002060085376        2060         292       95264.375
       295005806000015        5806         295       95264.375
       296003836000015        3836         296       218.52632
       297000099000904          99         297       4198.1143
       299000139000015         139         299       125.80000
       299003627000015        3627         299       22301.235
       299014003000015       14003         299       536570.20
       302007403000015        7403         302       1869.6667
       304000120000015         120         304       2753.2222
       304001198000015        1198         304       16034.907
       306001484000015        1484         306       9623.0930
       307001005000015        1005         307       6849.9167
       311004186000015        4186         311       22301.235
       312000088001469          88         312       2701.5625
       312000532000015         532         312       4198.1143
       314018265000015       18265         314       95264.375
       316001996000015        1996         316       36083.269
       316014185018027       14185         316       95264.375
       317020121000015       20121         317       16034.907
       319000135004595         135         319       16034.907
       319000317000189         317         319       36083.269
       319001931000015        1931         319       16034.907
       319006476000015        6476         319       95264.375
       320000322000015         322         320       4198.1143
       322005359000015        5359         322       6849.9167
       324002007000015        2007         324       22301.235
       324014492000966       14492         324       2701.5625
       325011561000015       11561         325       16034.907
       327001004000015        1004         327       9623.0930
       327001505000015        1505         327       16034.907
       327019894000015       19894         327       1036.4667
       328000078002170          78         328       2701.5625
       328012551000015       12551         328       6849.9167
       329028615004223       28615         329       6849.9167
       331003546000015        3546         331       16034.907
       332007300000015        7300         332       2701.5625
       332012741000015       12741         332       237084.16
       333009598000015        9598         333       125.80000
       333014028000015       14028         333       36083.269
       334006357000015        6357         334       1036.4667
       334006830000015        6830         334       4198.1143
       337000114015658         114         337       509.62500
       338020010000015       20010         338       6849.9167
       338020528000015       20528         338       16034.907
       339000263000015         263         339       2701.5625
       340000167000015         167         340       2753.2222
       340000377000015         377         340       4198.1143
       341000119000015         119         341       125.80000
       341000120012470         120         341       16034.907
       350009843000015        9843         350       2753.2222
       352002289000015        2289         352       22301.235
       353014625000015       14625         353       4198.1143
       357019932000015       19932         357       2701.5625
       358001103000085        1103         358       95264.375
       363000144000015         144         363       218.52632
       366020190000965       20190         366       36083.269
       368001209000015        1209         368       22301.235
       371000420000015         420         371       9623.0930
       372017947000015       17947         372       9623.0930
       373019671001225       19671         373       22301.235
       373020212000015       20212         373       16034.907
       376000035010794          35         376       1869.6667
       377000109000015         109         377       1036.4667
       378000114000015         114         378       218.52632
       378000276000015         276         378       2701.5625
       378000380000015         380         378       4198.1143
       379000134000015         134         379       509.62500
       380000129000015         129         380       1869.6667
       380000137000530         137         380       6849.9167
       382000662000091         662         382       9623.0930
       384000038006179          38         384       1036.4667
       384009164000015        9164         384       9623.0930
       385000391000015         391         385       9623.0930
       385010079000015       10079         385       22301.235
       386004713000015        4713         386       36083.269
       389005672000015        5672         389       36083.269
       389011770000015       11770         389       536570.20
       392000484000149         484         392       9623.0930
       393000115001744         115         393       2701.5625
       394000089000015          89         394       509.62500
       394000120000015         120         394       1036.4667
       395000232000015         232         395       2701.5625
       395000311000207         311         395       6849.9167
       398000461000103         461         398       36083.269
       401015551000015       15551         401       95264.375
       403022342000501       22342         403       6849.9167
       404003434000015        3434         404       22301.235
       406002233000015        2233         406       2701.5625
       407000570013362         570         407       9623.0930
       407023495000015       23495         407       22301.235
       408011527000015       11527         408       237084.16
       408018722000041       18722         408       2701.5625
       410000071001331          71         410       509.62500
       412001735000015        1735         412       22301.235
       412011648000015       11648         412       22301.235
       413000085000015          85         413       125.80000
       413015854010907       15854         413       1036.4667
       413015958000015       15958         413       2753.2222
       413019323000015       19323         413       36083.269
       415000735000015         735         415       9623.0930
       416000352000015         352         416       4198.1143
       420013211000055       13211         420       125.80000
       421006632000015        6632         421       4198.1143
       426000026001377          26         426       9623.0930
       426001913000015        1913         426       16034.907
       429000104013316         104         429       509.62500
       429000109000015         109         429       218.52632
       431000386000015         386         431       4198.1143
       431000408000203         408         431       9623.0930
       434000145000015         145         434       1869.6667
       435001710000066        1710         435       16034.907
       436001673000015        1673         436       16034.907
       436019146000015       19146         436       16034.907
       437007108000015        7108         437       16034.907
       438000847000015         847         438       9623.0930
       438006787000015        6787         438       95264.375
       441000141000463         141         441       1869.6667
       441000223000606         223         441       6849.9167
       442004158000015        4158         442       9623.0930
       443000449000015         449         443       4198.1143
       443024894000054       24894         443       95264.375
       449006817000015        6817         449       95264.375
       450003940000015        3940         450       16034.907
       453020969004577       20969         453       237084.16
       454001595000015        1595         454       16034.907
       454020923050472       20923         454       4198.1143
       455000159000015         159         455       1869.6667
       455003672000015        3672         455       36083.269
       456000641000015         641         456       6849.9167
       456012762003283       12762         456       218.52632
       457023555000015       23555         457       2701.5625
       458000345000015         345         458       2701.5625
       459002027000015        2027         459       6849.9167
       461000098000015          98         461       218.52632
       461000160000015         160         461       2753.2222
       461010185000015       10185         461       95264.375
       461024778000015       24778         461       22301.235
       462000147003387         147         462       95264.375
       462001164000015        1164         462       16034.907
       462002780000015        2780         462       22301.235
       462003954000015        3954         462       22301.235
       465002276000015        2276         465       9623.0930
       466018216067181       18216         466       16034.907
       467000445000015         445         467       4198.1143
       467001599000015        1599         467       16034.907
       469003355000015        3355         469       218.52632
       470000168005502         168         470       2701.5625
       476000090002432          90         476       1036.4667
       476000180000014         180         476       4198.1143
       478004352000071        4352         478       22301.235
       480001092000015        1092         480       9623.0930
       481000226000015         226         481       4198.1143
       481022006000015       22006         481       36083.269
       482000080006756          80         482       237084.16
       483000267000015         267         483       2701.5625
       486019403000015       19403         486       237084.16
       487002463000015        2463         487       22301.235
       487003426000015        3426         487       36083.269
       489001712000015        1712         489       16034.907
       489020482000015       20482         489       2753.2222
       490002661000015        2661         490       36083.269
       492000171000015         171         492       1869.6667
       496017891000015       17891         496       237084.16
       497000424000015         424         497       16034.907
       498000181000015         181         498       509.62500
       499008631000015        8631         499       218.52632
       499008898000015        8898         499       4198.1143
       499010063000015       10063         499       22301.235
       501000149000015         149         501       509.62500
       501000159001643         159         501       22301.235
       501010152001252       10152         501       237084.16
       501014656000015       14656         501       36083.269
       503003579000015        3579         503       22301.235
       507025064000015       25064         507       9623.0930
       508000174000015         174         508       1869.6667
       510000867000015         867         510       6849.9167
       511002790001831        2790         511       1869.6667
