         994
              33000022          33           0       504.00000
              33000464          33           0       12789.447
              33000434          33           0       12789.447
              33000442          33           0       20254.315
              33000815          33           0       20254.315
             311000022         311           0       3722.7179
            4611000022        4611           0       36394.982
            8403000022        8403           0       50234.446
         1004679000022        4679           1       36394.982
         2000484000022         484           2       36394.982
         4000048000665          48           4       2732.9667
         5000324000022         324           5       3722.7179
         5001454000022        1454           5       15404.021
         5002449000022        2449           5       20102.300
         6023016000022       23016           6       50234.446
         7000487000022         487           7       5793.1163
         9000475000138         475           9       20102.300
         9002832000022        2832           9       36394.982
        10000133000022         133          10       3722.7179
        10000133000126         133          10       12789.447
        10003244000022        3244          10       50234.446
        10019261000022       19261          10       2283.7500
        11000268000022         268          11       2732.9667
        12000217000022         217          12       5793.1163
        13000122000022         122          13       3722.7179
        13014617000022       14617          13       15404.021
        13017851000022       17851          13       50234.446
        14016255000022       16255          14       20254.315
        15002298000022        2298          15       36394.982
        15009769000022        9769          15       2732.9667
        17000089000022          89          17       2283.7500
        17000089000199          89          17       20254.315
        17003846000022        3846          17       50234.446
        19000373000022         373          19       5793.1163
        19000373000096         373          19       12789.447
        20000912000022         912          20       20102.300
        20006291000733        6291          20       50234.446
        20006291000096        6291          20       504.00000
        22000278000022         278          22       20102.300
        22007557000022        7557          22       36394.982
        23003336000982        3336          23       20254.315
        23003336002322        3336          23       20254.315
        23003336002694        3336          23       20254.315
        23003336000022        3336          23       336.11111
        23003336001517        3336          23       12789.447
        23003336001037        3336          23       12789.447
        23003336001161        3336          23       12789.447
        23003336002548        3336          23       12789.447
        23003336000969        3336          23       12256.459
        23003336001309        3336          23       12256.459
        23003336002335        3336          23       12789.447
        23004276000022        4276          23       9276.7391
        25005423000022        5423          25       95.785714
        25005423001657        5423          25       12789.447
        25005423001752        5423          25       20254.315
        25005423002036        5423          25       20254.315
        25005423002044        5423          25       20254.315
        25005423002054        5423          25       20254.315
        25005423001664        5423          25       20254.315
        25005452001562        5452          25       2283.7500
        27000149000022         149          27       2283.7500
        31007543000052        7543          31       504.00000
        31007543000426        7543          31       12789.447
        31007543000502        7543          31       12789.447
        31007543000439        7543          31       50234.446
        34010522000601       10522          34       12789.447
        34015466000022       15466          34       36394.982
        38000032000795          32          38       20254.315
        38000032000820          32          38       20254.315
        38000032000922          32          38       20254.315
        38000032000641          32          38       12256.459
        38000032000638          32          38       12789.447
        38000032000635          32          38       12789.447
        38000032000022          32          38       95.785714
        38000212000022         212          38       3722.7179
        38016085000022       16085          38       20102.300
        38016729000022       16729          38       36394.982
        39011590000022       11590          39       20102.300
        41000002000787           2          41       20254.315
        41000002001649           2          41       20254.315
        41000002000530           2          41       50234.446
        41000002000022           2          41       504.00000
        41000002000646           2          41       12789.447
        41000002000435           2          41       12789.447
        41000002000514           2          41       12789.447
        41000002001609           2          41       12256.459
        41000252000022         252          41       5793.1163
        41010036000022       10036          41       1345.0000
        41010036000624       10036          41       12789.447
        41010036000307       10036          41       12789.447
        41010036000300       10036          41       20254.315
        41010036000290       10036          41       20254.315
        42010357000134       10357          42       20254.315
        43001425000188        1425          43       20254.315
        43001425000112        1425          43       12789.447
        43001425000022        1425          43       2732.9667
        47002075000022        2075          47       95.785714
        47002075001266        2075          47       8482.8000
        47002075001666        2075          47       12789.447
        47002075001679        2075          47       12789.447
        47002075001940        2075          47       12789.447
        47002075002049        2075          47       20254.315
        47002075001262        2075          47       20254.315
        47002075003707        2075          47       20254.315
        48001797000022        1797          48       20102.300
        48014988000205       14988          48       12789.447
        48014988000022       14988          48       5793.1163
        50014900000022       14900          50       504.00000
        50014900000256       14900          50       20254.315
        52005321000022        5321          52       50234.446
        52017689000397       17689          52       20254.315
        52017689000573       17689          52       20254.315
        52017689000022       17689          52       1345.0000
        53000082006460          82          53       95.785714
        53000082007749          82          53       8482.8000
        53000082007744          82          53       20254.315
        53000082007742          82          53       20254.315
        53000082007750          82          53       50234.446
        53001691000022        1691          53       20102.300
        54000073002396          73          54       20254.315
        54000073002409          73          54       20254.315
        54000073002413          73          54       20254.315
        54000073002513          73          54       20254.315
        54000073002776          73          54       20254.315
        54000073000022          73          54       68.866667
        54000073002541          73          54       12789.447
        54000073002525          73          54       12256.459
        54000073001935          73          54       12789.447
        55000131001545         131          55       12789.447
        55000131002116         131          55       12789.447
        55000131002679         131          55       12789.447
        55000131000100         131          55       95.785714
        55000131001564         131          55       20254.315
        55000131001746         131          55       20254.315
        55000131001769         131          55       20254.315
        55000131001369         131          55       20254.315
        55000974000097         974          55       20102.300
        56019569000022       19569          56       12789.447
        58000481000022         481          58       9276.7391
        58001132000022        1132          58       9276.7391
        59000189000022         189          59       1345.0000
        59000189000487         189          59       20254.315
        60000104000022         104          60       1345.0000
        61005269000214        5269          61       15404.021
        61006546000022        6546          61       15404.021
        62010803000022       10803          62       5793.1163
        63000105002168         105          63       2283.7500
        63000117000022         117          63       1345.0000
        63000117000328         117          63       12789.447
        63000117000352         117          63       50234.446
        63000120000022         120          63       2283.7500
        63013087000022       13087          63       36394.982
        65000493000022         493          65       5793.1163
        67001898000022        1898          67       20102.300
        67015213000022       15213          67       5793.1163
        67016893000022       16893          67       36394.982
        69009294000022        9294          69       2732.9667
        70001098000022        1098          70       15404.021
        70005222000022        5222          70       20254.315
        71000686000022         686          71       15404.021
        72018404010820       18404          72       504.00000
        72018404000022       18404          72       336.11111
        72018404011232       18404          72       20254.315
        72018404011240       18404          72       20254.315
        72018817000022       18817          72       15404.021
        76000029022845          29          76       12256.459
        76000029019659          29          76       95.785714
        76000029021787          29          76       20254.315
        76000029021810          29          76       50234.446
        76000075002158          75          76       50234.446
        76000075001364          75          76       336.11111
        76000694000022         694          76       9276.7391
        76000694000092         694          76       12256.459
        77000170000985         170          77       9276.7391
        77005859000022        5859          77       20254.315
        78000122000022         122          78       68.866667
        78003312000037        3312          78       12789.447
        78003312000022        3312          78       50234.446
        79016258000022       16258          79       2732.9667
        79017651000022       17651          79       20102.300
        82000189000022         189          82       2732.9667
        83000097002330          97          83       2732.9667
        83000097002461          97          83       12789.447
        84003370000022        3370          84       36394.982
        85004645000022        4645          85       50234.446
        88004360000872        4360          88       12789.447
        88004360000022        4360          88       504.00000
        90001161000022        1161          90       504.00000
        90001161000501        1161          90       12789.447
        90001161000538        1161          90       12789.447
        90001161000375        1161          90       20254.315
        90001161000367        1161          90       20254.315
        90001161000474        1161          90       20254.315
        90001179001234        1179          90       3722.7179
        90025562000022       25562          90       2732.9667
        90025562000179       25562          90       12256.459
        93003620000022        3620          93       36394.982
        95016980001549       16980          95       20254.315
        95016980001387       16980          95       20254.315
        95016980001372       16980          95       20254.315
        95016980001477       16980          95       20102.300
        95016980001379       16980          95       12256.459
        95016980001475       16980          95       12789.447
        95016980001541       16980          95       12789.447
        95016980001658       16980          95       12789.447
        95016980000022       16980          95       95.785714
        96014330001011       14330          96       2732.9667
        96019273000022       19273          96       20254.315
        97000604000022         604          97       9276.7391
        98001370000022        1370          98       20102.300
        98016238000022       16238          98       5793.1163
        98016238000082       16238          98       12789.447
        99006101000022        6101          99       20254.315
       101000117001056         117         101       20254.315
       101000117000951         117         101       12789.447
       101000117001068         117         101       12789.447
       101000117001682         117         101       12789.447
       101000117001812         117         101       12789.447
       101000117001824         117         101       12789.447
       101000117002087         117         101       12789.447
       101000117002297         117         101       12256.459
       101000117000957         117         101       12256.459
       101000117000821         117         101       12789.447
       101000117000022         117         101       95.785714
       101022339000022       22339         101       36394.982
       104005046000022        5046         104       36394.982
       105007937000022        7937         105       15404.021
       106003684000022        3684         106       20102.300
       107004480000022        4480         107       36394.982
       108004343000022        4343         108       15404.021
       110000091001034          91         110       2283.7500
       110010607001799       10607         110       9276.7391
       114000128006254         128         114       2732.9667
       114014938000022       14938         114       95.785714
       114014938001872       14938         114       20254.315
       114014938001691       14938         114       20254.315
       114014938001858       14938         114       20254.315
       114014938001996       14938         114       20254.315
       116001219000022        1219         116       36394.982
       116003155000022        3155         116       50234.446
       116011554000022       11554         116       15404.021
       118000363000022         363         118       3722.7179
       120006435000022        6435         120       9276.7391
       120006435000069        6435         120       36394.982
       124000655000022         655         124       15404.021
       124009640000480        9640         124       12789.447
       124009640000513        9640         124       12789.447
       124009640000022        9640         124       2732.9667
       125010253004100       10253         125       2732.9667
       127000327000022         327         127       5793.1163
       127000327000072         327         127       20254.315
       127000937000022         937         127       20102.300
       127000937000070         937         127       12789.447
       128008183009950        8183         128       8482.8000
       128008183008006        8183         128       68.866667
       128012192000022       12192         128       36394.982
       129004773000022        4773         129       36394.982
       131003565001912        3565         131       20254.315
       131003565001908        3565         131       20254.315
       131003565001904        3565         131       20254.315
       131003565002167        3565         131       20254.315
       131003565002478        3565         131       20254.315
       131003565000022        3565         131       95.785714
       131003575000022        3575         131       336.11111
       131003575001028        3575         131       12789.447
       131003575001292        3575         131       12256.459
       131003575001383        3575         131       12256.459
       131003575001040        3575         131       20254.315
       131003575001049        3575         131       20254.315
       131006147000022        6147         131       20102.300
       131006574000022        6574         131       20102.300
       131008026000022        8026         131       20254.315
       134007602040942        7602         134       12789.447
       134007602040940        7602         134       12789.447
       134007602040926        7602         134       12789.447
       134007602040925        7602         134       12789.447
       134007602039160        7602         134       68.866667
       135020876000022       20876         135       12789.447
       137004910000022        4910         137       9276.7391
       137004910000070        4910         137       20254.315
       141005434001702        5434         141       12789.447
       141005434001709        5434         141       12789.447
       141005434002063        5434         141       12789.447
       141005434003004        5434         141       12256.459
       141011153000022       11153         141       50234.446
       142009279000542        9279         142       20254.315
       142009279000454        9279         142       12789.447
       142009279000345        9279         142       3722.7179
       142010597000022       10597         142       15404.021
       144000203000022         203         144       5793.1163
       147014780000022       14780         147       50234.446
       154002783000022        2783         154       20254.315
       156000589000022         589         156       15404.021
       156009181001974        9181         156       12789.447
       156009181000022        9181         156       95.785714
       156010922000070       10922         156       36394.982
       157009671000022        9671         157       9276.7391
       157010031000022       10031         157       9276.7391
       157010419000022       10419         157       9276.7391
       159000104000022         104         159       1345.0000
       159000104000564         104         159       12789.447
       160012532000022       12532         160       12256.459
       160023523000022       23523         160       15404.021
       161000357000022         357         161       5793.1163
       162020764017972       20764         162       95.785714
       162020764019709       20764         162       12789.447
       162020764019727       20764         162       20254.315
       163002321000022        2321         163       20102.300
       164000535000069         535         164       20254.315
       164000535000022         535         164       9276.7391
       164003292000065        3292         164       3722.7179
       165000979000022         979         165       20102.300
       165000979000045         979         165       20254.315
       165012509000022       12509         165       3722.7179
       165013667000022       13667         165       15404.021
       165020995000022       20995         165       20254.315
       166000033002517          33         166       20254.315
       166000033001940          33         166       20254.315
       166000033000105          33         166       68.866667
       168008672016088        8672         168       336.11111
       168008719001168        8719         168       3722.7179
       168008719001281        8719         168       12789.447
       170003051000022        3051         170       36394.982
       171001249000022        1249         171       50234.446
       173000116000022         116         173       2732.9667
       174004437000022        4437         174       50234.446
       175001393000022        1393         175       15404.021
       177008328000022        8328         177       1345.0000
       177009239000022        9239         177       9276.7391
       177009239000093        9239         177       20254.315
       178000665000022         665         178       9276.7391
       182001778000022        1778         182       20102.300
       182001913000022        1913         182       20102.300
       184013372000022       13372         184       15404.021
       184014419000022       14419         184       20102.300
       185000070000619          70         185       12789.447
       185000070001698          70         185       12789.447
       185000070000022          70         185       504.00000
       185000303000022         303         185       5793.1163
       185004369000022        4369         185       50234.446
       188000984000022         984         188       50234.446
       188006522000022        6522         188       36394.982
       188011769000022       11769         188       50234.446
       189001918000022        1918         189       5793.1163
       190000647000022         647         190       36394.982
       190028488000022       28488         190       15404.021
       191000121032542         121         191       15404.021
       191000391000022         391         191       5793.1163
       192000359000022         359         192       3722.7179
       192000409000022         409         192       5793.1163
       193000227000022         227         193       2732.9667
       194019736000090       19736         194       15404.021
       197008520000022        8520         197       50234.446
       198004905000022        4905         198       20254.315
       198007344000022        7344         198       50234.446
       199000342000022         342         199       5793.1163
       200016188000022       16188         200       95.785714
       200016188001495       16188         200       36394.982
       200016188001781       16188         200       20254.315
       200016188001971       16188         200       20254.315
       200016363000022       16363         200       3722.7179
       200016377000022       16377         200       9276.7391
       200016939000022       16939         200       9276.7391
       201011750000022       11750         201       20102.300
       202005332000022        5332         202       20254.315
       202013783000022       13783         202       3722.7179
       202013783000180       13783         202       12789.447
       203014011000022       14011         203       20102.300
       203014172000022       14172         203       20102.300
       204011663023891       11663         204       12789.447
       204011663023720       11663         204       12256.459
       204011663023713       11663         204       12789.447
       204011663023710       11663         204       12789.447
       204011663022363       11663         204       95.785714
       204013510000022       13510         204       20102.300
       206000818000022         818         206       5793.1163
       206027145000022       27145         206       3722.7179
       207005670000022        5670         207       50234.446
       207006863000022        6863         207       36394.982
       207010563000022       10563         207       20254.315
       209004211000022        4211         209       36394.982
       209006988000022        6988         209       50234.446
       210007923000022        7923         210       3722.7179
       210007923000232        7923         210       12789.447
       211000866000022         866         211       20102.300
       211009478000022        9478         211       5793.1163
       212001069000022        1069         212       9276.7391
       213001954000022        1954         213       36394.982
       213014642000022       14642         213       68.866667
       213014642002395       14642         213       12789.447
       213014642002393       14642         213       12789.447
       213016278000022       16278         213       20102.300
       215008923000022        8923         215       15404.021
       217001264000022        1264         217       50234.446
       219000340000022         340         219       3722.7179
       219025343000022       25343         219       50234.446
       220003575000022        3575         220       20254.315
       221006171000022        6171         221       9276.7391
       224003010000022        3010         224       36394.982
       224019673000398       19673         224       5793.1163
       225015867000022       15867         225       20102.300
       227011789000022       11789         227       1345.0000
       228005025000022        5025         228       2283.7500
       228005025000256        5025         228       20254.315
       229002734002355        2734         229       20254.315
       229002734000933        2734         229       20254.315
       229002734000942        2734         229       20254.315
       229002734000022        2734         229       336.11111
       229002734001660        2734         229       12789.447
       229002826000320        2826         229       12789.447
       229002826000022        2826         229       3722.7179
       229002826000291        2826         229       20254.315
       231006582000022        6582         231       36394.982
       231009124000022        9124         231       12789.447
       231027681000022       27681         231       9276.7391
       232006744000022        6744         232       50234.446
       232026351000022       26351         232       12789.447
       233016497000022       16497         233       12256.459
       234000095002181          95         234       68.866667
       234000203000414         203         234       20102.300
       235000166002354         166         235       20254.315
       235000166000021         166         235       68.866667
       235000166002117         166         235       12789.447
       235000166001175         166         235       12789.447
       235000166001171         166         235       12789.447
       237000494000022         494         237       9276.7391
       238002575000022        2575         238       50234.446
       243000141000397         141         243       20254.315
       243000141000022         141         243       1345.0000
       243000141000444         141         243       12789.447
       247002104000080        2104         247       504.00000
       247002104001021        2104         247       20254.315
       248000048062865          48         248       20254.315
       248000048061886          48         248       20254.315
       248000048061865          48         248       50234.446
       248000048060254          48         248       68.866667
       248000048061859          48         248       12789.447
       248000048061875          48         248       12789.447
       248018402004771       18402         248       9276.7391
       251007991000022        7991         251       2732.9667
       253000269000022         269         253       3722.7179
       253012517000022       12517         253       15404.021
       255000324000022         324         255       3722.7179
       255000324000115         324         255       20254.315
       255000324000123         324         255       20254.315
       256001020000074        1020         256       20254.315
       256001020000022        1020         256       9276.7391
       257000887000022         887         257       15404.021
       259002120000022        2120         259       9276.7391
       259007045000022        7045         259       36394.982
       259009564000022        9564         259       50234.446
       261000353000022         353         261       15404.021
       261011456000022       11456         261       36394.982
       262000037000475          37         262       20254.315
       262000037000526          37         262       12789.447
       262000037000631          37         262       12789.447
       262000037000785          37         262       12789.447
       262000037000022          37         262       504.00000
       262009621000022        9621         262       5793.1163
       263022939000022       22939         263       5793.1163
       266001391000022        1391         266       2283.7500
       266001391000228        1391         266       12789.447
       267001678002645        1678         267       12789.447
       267001678002643        1678         267       12789.447
       267001678000022        1678         267       68.866667
       267001678002640        1678         267       20254.315
       267001817000329        1817         267       50234.446
       267001817000022        1817         267       2283.7500
       267001817000228        1817         267       12256.459
       267002659000022        2659         267       5793.1163
       268001362000022        1362         268       336.11111
       268001362000736        1362         268       12256.459
       268001362001298        1362         268       12789.447
       268001362000737        1362         268       20254.315
       270010652000022       10652         270       20102.300
       271000909000022         909         271       20102.300
       272011390000022       11390         272       50234.446
       274004840000022        4840         274       9276.7391
       275005963000405        5963         275       36394.982
       277000489000022         489         277       5793.1163
       277020339001143       20339         277       5793.1163
       279014129000022       14129         279       15404.021
       280003971000022        3971         280       36394.982
       281000054002709          54         281       12789.447
       281000054002734          54         281       12789.447
       281000054002730          54         281       12256.459
       281000054002735          54         281       8482.8000
       281000054000022          54         281       68.866667
       281000056000022          56         281       68.866667
       282006780000022        6780         282       20102.300
       283002481000022        2481         283       9276.7391
       284000557000022         557         284       3722.7179
       284005864000022        5864         284       36394.982
       285000177000022         177         285       3722.7179
       285006877000022        6877         285       2283.7500
       286006358000022        6358         286       2283.7500
       286006948000022        6948         286       15404.021
       287003697000022        3697         287       50234.446
       288015289000070       15289         288       20254.315
       288015289000022       15289         288       9276.7391
       288015709000022       15709         288       20102.300
       290000058001479          58         290       20254.315
       290000058000788          58         290       20254.315
       290000058000583          58         290       20254.315
       290000058000022          58         290       504.00000
       290000058000812          58         290       12789.447
       290000142000488         142         290       12789.447
       290000142000495         142         290       12256.459
       290000142000221         142         290       12789.447
       290000142000022         142         290       2732.9667
       290003287000022        3287         290       20102.300
       291002937000022        2937         291       2283.7500
       291003325000022        3325         291       5793.1163
       291003325000095        3325         291       20254.315
       291003325000108        3325         291       50234.446
       292002258000226        2258         292       20254.315
       292002258000022        2258         292       2732.9667
       293000109000022         109         293       1345.0000
       293000109000386         109         293       12789.447
       293000109000554         109         293       50234.446
       294008140000022        8140         294       50234.446
       294011451000022       11451         294       50234.446
       295003329000022        3329         295       15404.021
       297020402000302       20402         297       12789.447
       297020402000022       20402         297       2283.7500
       298001192000022        1192         298       15404.021
       298023699000623       23699         298       12789.447
       298023699000022       23699         298       504.00000
       299000342000022         342         299       3722.7179
       299000342000097         342         299       12789.447
       300004130000022        4130         300       15404.021
       300004400000022        4400         300       9276.7391
       300012530000022       12530         300       50234.446
       302002597000022        2597         302       20254.315
       302007334000911        7334         302       20254.315
       302007334000903        7334         302       20254.315
       302007334000886        7334         302       20254.315
       302007334000884        7334         302       20254.315
       302007334000022        7334         302       95.785714
       302007334000878        7334         302       12789.447
       302007908000022        7908         302       5793.1163
       303005738000022        5738         303       95.785714
       303005738001815        5738         303       12789.447
       303005738001253        5738         303       20254.315
       303005738001825        5738         303       20254.315
       304001857000951        1857         304       20254.315
       304001857000714        1857         304       12789.447
       304001857001013        1857         304       12789.447
       304001857000071        1857         304       504.00000
       305000260000022         260         305       2732.9667
       305002565000022        2565         305       20102.300
       307000107001307         107         307       20254.315
       307000107001205         107         307       20254.315
       307000107001196         107         307       20254.315
       307000107000022         107         307       95.785714
       307000107002380         107         307       12789.447
       307004853000045        4853         307       12789.447
       307004853000040        4853         307       12256.459
       307004853000022        4853         307       50234.446
       309001346000022        1346         309       2732.9667
       309025711000022       25711         309       50234.446
       309025968000022       25968         309       36394.982
       310000371000022         371         310       3722.7179
       311001693018312        1693         311       68.866667
       311001907000022        1907         311       2732.9667
       311003700000022        3700         311       20102.300
       311006296000022        6296         311       36394.982
       312000061001793          61         312       20254.315
       312000061001845          61         312       20254.315
       312000061002185          61         312       20254.315
       312000061001452          61         312       20254.315
       312000061001434          61         312       50234.446
       312000061000022          61         312       95.785714
       312000061001360          61         312       12256.459
       312000061001782          61         312       12789.447
       312000061001372          61         312       12789.447
       312010581000022       10581         312       20254.315
       314000150000163         150         314       12789.447
       314000150000022         150         314       2283.7500
       315000333000022         333         315       5793.1163
       316014257000022       14257         316       2732.9667
       317000128000022         128         317       1345.0000
       317000128000387         128         317       12256.459
       317000128000515         128         317       12789.447
       317000128000518         128         317       12789.447
       317000128000599         128         317       12789.447
       317000128000762         128         317       12789.447
       317000128000406         128         317       20254.315
       317000128000775         128         317       20254.315
       317000128000507         128         317       20254.315
       317000128000396         128         317       50234.446
       317000507000022         507         317       5793.1163
       318000080000022          80         318       95.785714
       318000080001129          80         318       12789.447
       318000080001619          80         318       12256.459
       318000080001181          80         318       12789.447
       318000080001608          80         318       20254.315
       318000080001629          80         318       20254.315
       318000080001745          80         318       20254.315
       318004921000022        4921         318       20254.315
       318004921000033        4921         318       12789.447
       320002695000022        2695         320       20102.300
       321000022000022          22         321       2732.9667
       321002732000022        2732         321       9276.7391
       321005929000022        5929         321       50234.446
       324014456006983       14456         324       1345.0000
       325010138003570       10138         325       504.00000
       325010138004169       10138         325       12789.447
       325010138004249       10138         325       20254.315
       326014266000022       14266         326       15404.021
       327000128002890         128         327       12789.447
       327000128002954         128         327       12789.447
       327000128001762         128         327       12256.459
       327000128002435         128         327       20254.315
       327000201000206         201         327       12789.447
       327000201000022         201         327       2283.7500
       327001210000022        1210         327       15404.021
       327020153000022       20153         327       15404.021
       328013189000090       13189         328       20102.300
       328015524000022       15524         328       20102.300
       329007332000022        7332         329       20102.300
       330018511000022       18511         330       20254.315
       331001647001153        1647         331       20254.315
       331001647000609        1647         331       20254.315
       331001647000613        1647         331       20254.315
       331001647000530        1647         331       20254.315
       331001647000549        1647         331       12789.447
       331001647000516        1647         331       12789.447
       331001647000623        1647         331       12256.459
       331001647000022        1647         331       504.00000
       331006488000022        6488         331       36394.982
       332012825000022       12825         332       50234.446
       333009603001861        9603         333       20254.315
       333009603001217        9603         333       20254.315
       333009603000022        9603         333       336.11111
       333009603001664        9603         333       12789.447
       333009603001825        9603         333       12789.447
       333009603001147        9603         333       12789.447
       333010106000022       10106         333       5793.1163
       333018673000022       18673         333       12789.447
       335012368000022       12368         335       20254.315
       336000037002170          37         336       20254.315
       336000037001393          37         336       20254.315
       336000037001638          37         336       20254.315
       336000037001842          37         336       20254.315
       336000037002032          37         336       12789.447
       336000037002186          37         336       12789.447
       336000037003489          37         336       12789.447
       336000037001207          37         336       12789.447
       336000037000022          37         336       95.785714
       336000738000022         738         336       9276.7391
       336000738000055         738         336       12789.447
       336009159000022        9159         336       50234.446
       336023210002483       23210         336       20254.315
       336023210001229       23210         336       20254.315
       336023210001115       23210         336       20254.315
       336023210001109       23210         336       12789.447
       336023210001243       23210         336       12789.447
       336023210001353       23210         336       12789.447
       336023210001663       23210         336       12256.459
       336023210000022       23210         336       336.11111
       338005529000022        5529         338       20254.315
       340021224000301       21224         340       20254.315
       340021224000022       21224         340       1345.0000
       340021224000870       21224         340       12789.447
       341000291000022         291         341       5793.1163
       344000043000022          43         344       95.785714
       344000043001560          43         344       12789.447
       344000043001231          43         344       12789.447
       344000043001612          43         344       20254.315
       344020956000022       20956         344       50234.446
       345000070001929          70         345       20254.315
       345000070001951          70         345       20254.315
       345000070002075          70         345       20254.315
       345000070002088          70         345       20254.315
       345000070002096          70         345       20254.315
       345000070001884          70         345       12789.447
       345000070001876          70         345       12789.447
       345000070002236          70         345       12789.447
       345000070000632          70         345       95.785714
       345000076000022          76         345       336.11111
       345000076001367          76         345       8482.8000
       345000076001308          76         345       12789.447
       345000076001031          76         345       12789.447
       345000076001213          76         345       20254.315
       345000076001316          76         345       20254.315
       345000076001050          76         345       20254.315
       345001241000022        1241         345       9276.7391
       346000562000022         562         346       9276.7391
       348001232000022        1232         348       20102.300
       349001761000022        1761         349       36394.982
       350010360000022       10360         350       9276.7391
       353000127000022         127         353       504.00000
       353000127000438         127         353       12789.447
       353000127000464         127         353       20254.315
       353005639000022        5639         353       20254.315
       353014500000764       14500         353       20254.315
       353014500000740       14500         353       50234.446
       354002034000022        2034         354       50234.446
       359013035000022       13035         359       15404.021
       360012601000022       12601         360       50234.446
       362028134000022       28134         362       20254.315
       362029194000022       29194         362       20254.315
       363000304000169         304         363       5793.1163
       363003228000022        3228         363       36394.982
       364003481000022        3481         364       20102.300
       365000145002131         145         365       12789.447
       365000145000022         145         365       504.00000
       365000145000483         145         365       20254.315
       366000135002400         135         366       3722.7179
       367014446000022       14446         367       2283.7500
       367014446000305       14446         367       12789.447
       367014446000340       14446         367       12789.447
       367014446000291       14446         367       20254.315
       367014832000072       14832         367       20254.315
       367014832000022       14832         367       9276.7391
       370004410000022        4410         370       68.866667
       370004410002120        4410         370       12256.459
       370004410002136        4410         370       12256.459
       370004410002126        4410         370       12789.447
       370004410002488        4410         370       12789.447
       370004410003021        4410         370       12789.447
       370004410003719        4410         370       12789.447
       370004410004218        4410         370       12789.447
       370004410001841        4410         370       12789.447
       370004410001837        4410         370       20254.315
       370004410001942        4410         370       20254.315
       370004410002283        4410         370       20254.315
       370004410002605        4410         370       20254.315
       370004410002622        4410         370       20254.315
       370004410002909        4410         370       20254.315
       370004410001856        4410         370       20254.315
       370004410001844        4410         370       20254.315
       370004412000423        4412         370       20254.315
       370004412000587        4412         370       20254.315
       370004412001903        4412         370       20254.315
       370004412000411        4412         370       12789.447
       370004412000022        4412         370       336.11111
       370009107000022        9107         370       50234.446
       371010332000022       10332         371       5793.1163
       373000392000022         392         373       3722.7179
       373020192000022       20192         373       15404.021
       375002493000022        2493         375       20102.300
       375002609000314        2609         375       1345.0000
       375002609000512        2609         375       20254.315
       375015964000022       15964         375       9276.7391
       376002356000022        2356         376       36394.982
       376016738000022       16738         376       36394.982
       377018169000022       18169         377       2732.9667
       379000414000022         414         379       3722.7179
       380000094000022          94         380       336.11111
       380000094001356          94         380       12789.447
       380000094001021          94         380       12789.447
       380000094001022          94         380       20254.315
       380000094001020          94         380       20254.315
       380000094001010          94         380       20254.315
       380000094001079          94         380       20254.315
       380001454000022        1454         380       15404.021
       382000463000222         463         382       20102.300
       385008834000022        8834         385       9276.7391
       387000102000022         102         387       336.11111
       387000102002001         102         387       12789.447
       387000102000952         102         387       20254.315
       387000102001107         102         387       20254.315
       387000433000090         433         387       20254.315
       387000433000111         433         387       12789.447
       387000433000022         433         387       9276.7391
       387016255000022       16255         387       3722.7179
       388000049048425          49         388       68.866667
       388001714000052        1714         388       12789.447
       388001714000022        1714         388       36394.982
       388011150000022       11150         388       15404.021
       389000663001415         663         389       12789.447
       389000663001424         663         389       12789.447
       389000663001626         663         389       12789.447
       389000663000022         663         389       504.00000
       389000663000618         663         389       50234.446
       389000663000456         663         389       20254.315
       390010684009617       10684         390       20254.315
       390010684007847       10684         390       95.785714
       390010684009362       10684         390       12789.447
       390010684009406       10684         390       12789.447
       390010684009413       10684         390       12789.447
       391015558000022       15558         391       2732.9667
       391015558000225       15558         391       20254.315
       394000069011363          69         394       20254.315
       394000069011116          69         394       336.11111
       394000244000022         244         394       2283.7500
       397011176000022       11176         397       504.00000
       402019659000022       19659         402       9276.7391
       403001364000022        1364         403       15404.021
       406002461000022        2461         406       9276.7391
       408000340000022         340         408       3722.7179
       408000340000155         340         408       20254.315
       408000340000165         340         408       20254.315
       408019419000022       19419         408       9276.7391
       409014527000022       14527         409       20254.315
       410001045000022        1045         410       20102.300
       411000870000022         870         411       15404.021
       411001592000022        1592         411       36394.982
       412001318000022        1318         412       20102.300
       414000069001383          69         414       12789.447
       414000069000022          69         414       1345.0000
       414000253000022         253         414       5793.1163
       414000253000075         253         414       12789.447
       414011942000773       11942         414       12789.447
       414011942000022       11942         414       336.11111
       414011942000811       11942         414       20254.315
       414011942000974       11942         414       20254.315
       414011942000757       11942         414       20254.315
       415003831000022        3831         415       36394.982
       415005997000022        5997         415       20254.315
       416000670000022         670         416       5793.1163
       418001194000022        1194         418       15404.021
       419000285000022         285         419       5793.1163
       420002841000022        2841         420       2732.9667
       420002884000022        2884         420       2732.9667
       420003650000022        3650         420       15404.021
       421000074000802          74         421       12789.447
       421000074000022          74         421       504.00000
       421000074001229          74         421       20254.315
       422007168000173        7168         422       20254.315
       422007168000022        7168         422       2732.9667
       422007168000401        7168         422       12789.447
       423004684000022        4684         423       20254.315
       424003714000022        3714         424       36394.982
       426000068003252          68         426       50234.446
       426000068003089          68         426       20254.315
       426000068001381          68         426       20254.315
       426000068001402          68         426       20254.315
       426000068001389          68         426       12789.447
       426000068001388          68         426       12789.447
       426000068003113          68         426       12789.447
       426000068001554          68         426       12789.447
       426000068003086          68         426       12789.447
       427000153001336         153         427       12789.447
       427000153001546         153         427       12789.447
       427000153001555         153         427       12789.447
       427000153001567         153         427       12789.447
       427000153001939         153         427       12789.447
       427000153000022         153         427       504.00000
       427000153001344         153         427       20254.315
       427000153001364         153         427       20254.315
       428002282000022        2282         428       20102.300
       428016657000238       16657         428       336.11111
       428016657001172       16657         428       12789.447
       429000972000022         972         429       9276.7391
       429001845000022        1845         429       20102.300
       429018277000022       18277         429       50234.446
       429018678000022       18678         429       50234.446
       430009201000022        9201         430       5793.1163
       430012226000022       12226         430       36394.982
       430012226000043       12226         430       20254.315
       430014606000022       14606         430       36394.982
       431000561000022         561         431       3722.7179
       431002112000022        2112         431       20102.300
       432000642000080         642         432       12256.459
       434000059002170          59         434       12256.459
       434000059001362          59         434       12789.447
       434000059000022          59         434       95.785714
       434000059000858          59         434       36394.982
       434002248000022        2248         434       15404.021
       435000385000022         385         435       3722.7179
       435002641000022        2641         435       20102.300
       436019597000022       19597         436       20102.300
       437007102000022        7102         437       20102.300
       438000596000022         596         438       5793.1163
       438000596000066         596         438       12789.447
       439000486000022         486         439       3722.7179
       439002336000022        2336         439       20102.300
       441003054000022        3054         441       20102.300
       441006929000022        6929         441       50234.446
       442003040000022        3040         442       336.11111
       442009860000022        9860         442       50234.446
       446012026000022       12026         446       3722.7179
       446012026000131       12026         446       12789.447
       447000144000900         144         447       12789.447
       447000144000897         144         447       12256.459
       447000144000022         144         447       95.785714
       447000144001427         144         447       20254.315
       447000144001436         144         447       20254.315
       447000144001543         144         447       20254.315
       447000144000933         144         447       20254.315
       447000144000917         144         447       20254.315
       447009470000022        9470         447       50234.446
       449002582000022        2582         449       9276.7391
       450001923000353        1923         450       12789.447
       450001923000372        1923         450       12789.447
       450001923000759        1923         450       12789.447
       450001923001524        1923         450       12789.447
       450001923000022        1923         450       504.00000
       450001923000336        1923         450       20254.315
       451000259000060         259         451       20254.315
       451000259000022         259         451       9276.7391
       456000448000022         448         456       5793.1163
       456020367000022       20367         456       9276.7391
       458000778000022         778         458       15404.021
       458001049000022        1049         458       9276.7391
       458004110000022        4110         458       36394.982
       460000103000285         103         460       12789.447
       460000103000827         103         460       12789.447
       460000103000022         103         460       1345.0000
       460000408000022         408         460       3722.7179
       460001307000022        1307         460       15404.021
       460004498000022        4498         460       36394.982
       461000254000022         254         461       3722.7179
       461001221000138        1221         461       20254.315
       462000131000599         131         462       20254.315
       462000131000022         131         462       336.11111
       462007081000022        7081         462       50234.446
       463007556000022        7556         463       12789.447
       464005034000022        5034         464       36394.982
       468008230000022        8230         468       50234.446
       468017617000022       17617         468       12789.447
       469003699000022        3699         469       5793.1163
       470000386000022         386         470       2732.9667
       471000191000022         191         471       95.785714
       471000191001682         191         471       12789.447
       471000191001802         191         471       12789.447
       471000191002038         191         471       12789.447
       471000191002220         191         471       12789.447
       471000191002321         191         471       12789.447
       471000191002334         191         471       12789.447
       471000191001525         191         471       12256.459
       471000191001529         191         471       20254.315
       471007270000022        7270         471       50234.446
       472002368000022        2368         472       36394.982
       474015886000022       15886         474       50234.446
       476000388000022         388         476       5793.1163
       477004694000170        4694         477       504.00000
       477004694001442        4694         477       12256.459
       477004694001345        4694         477       12789.447
       477004694000992        4694         477       20254.315
       477004694000996        4694         477       20254.315
       477004694000867        4694         477       20254.315
       477005200000067        5200         477       20254.315
       477005200000022        5200         477       5793.1163
       477018414000022       18414         477       20254.315
       479002440000022        2440         479       2283.7500
       479002440000293        2440         479       12789.447
       480000064001422          64         480       12789.447
       480000064001430          64         480       12789.447
       480000064001435          64         480       12256.459
       480000064000022          64         480       95.785714
       480000064001363          64         480       20254.315
       480000064001440          64         480       20254.315
       480000064001789          64         480       20254.315
       480005161000022        5161         480       20254.315
       481000122000527         122         481       20254.315
       481000122000541         122         481       20254.315
       481000122000022         122         481       504.00000
       481000122000824         122         481       12256.459
       481000122001009         122         481       12789.447
       481001218000022        1218         481       15404.021
       481003182000022        3182         481       36394.982
       483002398000022        2398         483       36394.982
       483016487013892       16487         483       50234.446
       483016487013884       16487         483       20254.315
       483016487013796       16487         483       20254.315
       483016487013889       16487         483       12789.447
       483016487012714       16487         483       95.785714
       485010761000022       10761         485       36394.982
       486015592000022       15592         486       3722.7179
       486015985000022       15985         486       9276.7391
       492000336000022         336         492       3722.7179
       492000918000022         918         492       15404.021
       493011410000022       11410         493       20102.300
       494000307000022         307         494       3722.7179
       495002070000022        2070         495       20102.300
       495017171000022       17171         495       20254.315
       495017171000027       17171         495       12789.447
       498020784000067       20784         498       12789.447
       498020784000022       20784         498       20102.300
       500001339000022        1339         500       20102.300
       501011314000022       11314         501       15404.021
       503000237000022         237         503       2283.7500
       503000237000275         237         503       20254.315
       504012514005855       12514         504       3722.7179
       508000884000022         884         508       5793.1163
       508001713000022        1713         508       15404.021
       508002787000022        2787         508       20102.300
       509000182000565         182         509       20254.315
       509000182000505         182         509       20254.315
       509000182001510         182         509       20254.315
       509000182000693         182         509       20254.315
       509000182000765         182         509       20254.315
       509000182000593         182         509       12789.447
       509000182001383         182         509       12789.447
       509000182000022         182         509       1345.0000
       509000210000022         210         509       2732.9667
       509000210000183         210         509       20254.315
       510000169000418         169         510       20254.315
       510000169000957         169         510       20254.315
       510000169000022         169         510       1345.0000
