         419
         7000095007420          95           7       711.71429
         8012940005884       12940           8       2341.0000
        15000685000003         685          15       22191.588
        17000092000003          92          17       3567.3750
        17008857000003        8857          17       67263.902
        20000000034671           0          20       56734.667
        20000000029705           0          20       67263.902
        20000000034595           0          20       67263.902
        20000000034623           0          20       67263.902
        20000000034646           0          20       67263.902
        20000000000003           0          20       1.0000000
        20000000029643           0          20       21096.030
        20000000032960           0          20       21096.030
        20000000032952           0          20       28873.625
        20000000029661           0          20       28873.625
        20000000029662           0          20       28873.625
        20000000029668           0          20       28873.625
        20000000029669           0          20       28873.625
        20000000029685           0          20       28873.625
        20000000029704           0          20       28873.625
        20000000029729           0          20       28873.625
        20000000029741           0          20       28873.625
        20000000029767           0          20       28873.625
        21000069002827          69          21       21096.030
        21000069000003          69          21       711.71429
        23003330000003        3330          23       1.0000000
        23003330039809        3330          23       21096.030
        23003330039805        3330          23       21096.030
        23003330040831        3330          23       28873.625
        23003330037014        3330          23       28873.625
        23003330037051        3330          23       28873.625
        23003330037055        3330          23       28873.625
        23003330039807        3330          23       28873.625
        23003330039780        3330          23       28873.625
        23003330040978        3330          23       28873.625
        23003330039734        3330          23       28873.625
        23003330040990        3330          23       28873.625
        23003330039754        3330          23       67263.902
        23003330037090        3330          23       67263.902
        23003330037016        3330          23       67263.902
        23003330037034        3330          23       67263.902
        23003330040948        3330          23       67263.902
        23003330040875        3330          23       129497.90
        23003330040905        3330          23       129497.90
        25012930000003       12930          25       129497.90
        28000103000003         103          28       2341.0000
        29000070000003          70          29       40.666667
        29000070011872          70          29       28873.625
        29000070011606          70          29       67263.902
        29000134000003         134          29       3567.3750
        30005589000003        5589          30       22191.588
        32016134000003       16134          32       7521.0000
        34000195000003         195          34       10608.615
        36000286000003         286          36       22191.588
        39010628000003       10628          39       56734.667
        40011366000003       11366          40       93139.389
        42007515000003        7515          42       17554.385
        48014714000003       14714          48       1161.0000
        51001177000003        1177          51       22191.588
        54000065008777          65          54       28873.625
        54000065008540          65          54       28873.625
        54000065008406          65          54       28873.625
        54000065000003          65          54       40.666667
        54000065008801          65          54       67263.902
        55016585000003       16585          55       1161.0000
        64004593000003        4593          64       93139.389
        72002694000003        2694          72       93139.389
        72002964000003        2964          72       93139.389
        76000677000003         677          76       17554.385
        77000481000003         481          77       10608.615
        79019802000003       19802          79       93139.389
        82001773000120        1773          82       229.54545
        82001773002157        1773          82       28873.625
        89000260000003         260          89       22191.588
        89004879000003        4879          89       39130.938
        93000108020567         108          93       67263.902
        93000108020567         108          93       67263.902
        93000108020519         108          93       67263.902
        93000108020519         108          93       67263.902
        93000108021671         108          93       67263.902
        93000108020567         108          93       67263.902
        93000108021671         108          93       67263.902
        93000108020519         108          93       67263.902
        93000108022957         108          93       129497.90
        93000108020543         108          93       21096.030
        93000108020563         108          93       21096.030
        93000108020600         108          93       21096.030
        93000108022997         108          93       28873.625
        93000108021664         108          93       28873.625
        93000108021700         108          93       28873.625
        93000108021627         108          93       28873.625
        93000108021627         108          93       28873.625
        93000108021664         108          93       28873.625
        93000108020564         108          93       28873.625
        93000108020541         108          93       28873.625
        93000108021700         108          93       28873.625
        93000108021629         108          93       28873.625
        93000108023006         108          93       28873.625
        93000108021629         108          93       28873.625
        93000108020564         108          93       28873.625
        93000108020564         108          93       28873.625
        93000108020541         108          93       28873.625
        93000108020541         108          93       28873.625
        93000108000003         108          93       1.0000000
        93000108000003         108          93       1.0000000
        93000108000003         108          93       1.0000000
        93000108021637         108          93       14980.600
        93000108021637         108          93       14980.600
        93000108020512         108          93       21096.030
        93000108020512         108          93       21096.030
        93000108020543         108          93       21096.030
        93000108020563         108          93       21096.030
        93000108020543         108          93       21096.030
        93000108020563         108          93       21096.030
        93000108020600         108          93       21096.030
        93000108020512         108          93       21096.030
        93000108020600         108          93       21096.030
        96000245000003         245          96       10608.615
        99000703000122         703          99       22191.588
       100019418000003       19418         100       56734.667
       102000157000003         157         102       6131.0000
       102017972000003       17972         102       10608.615
       105007878000003        7878         105       22191.588
       106000119000003         119         106       711.71429
       108003428000003        3428         108       12.000000
       108003428033029        3428         108       21096.030
       108003428034368        3428         108       28873.625
       108003428034445        3428         108       28873.625
       108003428034390        3428         108       28873.625
       108003428034471        3428         108       28873.625
       108003428032969        3428         108       28873.625
       108003428032957        3428         108       28873.625
       108003428033028        3428         108       28873.625
       108003428033001        3428         108       28873.625
       108003428032995        3428         108       28873.625
       108003428034486        3428         108       28873.625
       108003428032974        3428         108       67263.902
       108003428037480        3428         108       67263.902
       108003428034488        3428         108       67263.902
       108003428037507        3428         108       129497.90
       108003428037440        3428         108       129497.90
       111014489000003       14489         111       67263.902
       115014743000003       14743         115       56734.667
       116011138000003       11138         116       22191.588
       121013236000003       13236         121       56734.667
       126000089055064          89         126       67263.902
       126000089054465          89         126       67263.902
       126000089055123          89         126       67263.902
       126000089054481          89         126       67263.902
       126000089054996          89         126       28873.625
       126000089048150          89         126       21096.030
       126000089024073          89         126       12.000000
       129001239000003        1239         129       22191.588
       133001154000003        1154         133       22191.588
       133013399000003       13399         133       67263.902
       134001892000003        1892         134       93139.389
       134007958000003        7958         134       10608.615
       144010003000003       10003         144       2341.0000
       145006075000003        6075         145       17554.385
       148000039014120          39         148       14980.600
       148000039000003          39         148       43.000000
       148000039014887          39         148       28873.625
       148000039014125          39         148       28873.625
       148000039014123          39         148       28873.625
       148000039014528          39         148       67263.902
       148000039014121          39         148       67263.902
       149000052000040          52         149       43.000000
       150004846000032        4846         150       67263.902
       150004846000003        4846         150       129497.90
       155012217000003       12217         155       1161.0000
       158006321000003        6321         158       56734.667
       164006999000003        6999         164       67263.902
       165001424000003        1424         165       56734.667
       166007062000003        7062         166       229.54545
       166007062003108        7062         166       21096.030
       166007062002802        7062         166       28873.625
       166007062003118        7062         166       28873.625
       170000346000003         346         170       10608.615
       172002408000003        2408         172       39130.938
       174000345000003         345         174       7521.0000
       176000501000101         501         176       129497.90
       176003247000003        3247         176       711.71429
       179001161000003        1161         179       22191.588
       183005062000003        5062         183       67263.902
       187002665000003        2665         187       93139.389
       189004023000003        4023         189       39130.938
       191000120018321         120         191       28873.625
       191000120019689         120         191       28873.625
       191000120000003         120         191       43.000000
       200000072000003          72         200       40.666667
       200000072007985          72         200       21096.030
       204017858000003       17858         204       129497.90
       206000166000003         166         206       3567.3750
       211008907122921        8907         211       7521.0000
       218000065000003          65         218       229.54545
       218007019000003        7019         218       39130.938
       219000134024912         134         219       39130.938
       219021310008316       21310         219       67263.902
       219021310007716       21310         219       28873.625
       219021310000003       21310         219       40.666667
       220009496000003        9496         220       6131.0000
       222005074000003        5074         222       17554.385
       223000377000003         377         223       6131.0000
       226000088000003          88         226       229.54545
       226000088003197          88         226       28873.625
       229002732042765        2732         229       28873.625
       229002732042707        2732         229       28873.625
       229002732042683        2732         229       28873.625
       229002732042712        2732         229       28873.625
       229002732042636        2732         229       28873.625
       229002732042635        2732         229       28873.625
       229002732042645        2732         229       28873.625
       229002732046038        2732         229       28873.625
       229002732045935        2732         229       28873.625
       229002732045898        2732         229       28873.625
       229002732044185        2732         229       28873.625
       229002732046010        2732         229       28873.625
       229002732000003        2732         229       1.0000000
       229002732042709        2732         229       21096.030
       229002732042644        2732         229       21096.030
       229002732044208        2732         229       67263.902
       229002732045875        2732         229       67263.902
       229002732042669        2732         229       67263.902
       229002732042739        2732         229       67263.902
       229002732042714        2732         229       67263.902
       229002732046125        2732         229       93139.389
       234016431000003       16431         234       3567.3750
       242000874000003         874         242       39130.938
       242001833000003        1833         242       93139.389
       244004930037223        4930         244       40.666667
       246002470000003        2470         246       711.71429
       246013717000003       13717         246       129497.90
       248018583000135       18583         248       17554.385
       249013241000003       13241         249       39130.938
       254018755000003       18755         254       56734.667
       256000026000003          26         256       711.71429
       259001305000117        1305         259       191.50000
       259001305008107        1305         259       21096.030
       259001305009077        1305         259       28873.625
       259001305007591        1305         259       28873.625
       259001305008103        1305         259       28873.625
       259001305008116        1305         259       129497.90
       264000055000003          55         264       191.50000
       264011519000003       11519         264       2341.0000
       265015501000003       15501         265       93139.389
       266001359000817        1359         266       67263.902
       266001359000003        1359         266       2341.0000
       266001596000003        1596         266       7521.0000
       266007161000003        7161         266       93139.389
       267001676011666        1676         267       43.000000
       267001676023894        1676         267       28873.625
       270008887013072        8887         270       28873.625
       270008887013079        8887         270       28873.625
       270008887000003        8887         270       40.666667
       270008887013323        8887         270       21096.030
       270008887013069        8887         270       14980.600
       273000049000003          49         273       40.666667
       273000049011112          49         273       28873.625
       273000049011105          49         273       28873.625
       273000049011113          49         273       67263.902
       273001701000003        1701         273       56734.667
       274004254012695        4254         274       129497.90
       274004254011682        4254         274       28873.625
       274004254012156        4254         274       28873.625
       274004254012144        4254         274       28873.625
       274004254012660        4254         274       28873.625
       274004254004551        4254         274       40.666667
       277020309000003       20309         277       229.54545
       277020309004156       20309         277       28873.625
       281000054006389          54         281       21096.030
       281000054000003          54         281       191.50000
       282000112000003         112         282       7521.0000
       284003146000003        3146         284       56734.667
       290004087000003        4087         290       56734.667
       299010887000003       10887         299       129497.90
       303006547000003        6547         303       22191.588
       303006920000003        6920         303       39130.938
       306000242000003         242         306       6131.0000
       312000061000003          61         312       229.54545
       312023319000003       23319         312       22191.588
       313013780000003       13780         313       93139.389
       320000856000003         856         320       17554.385
       321004474000003        4474         321       39130.938
       324017404000003       17404         324       56734.667
       325000141000003         141         325       7521.0000
       325000475000003         475         325       22191.588
       326001646000003        1646         326       56734.667
       329004336000003        4336         329       7521.0000
       330000225000003         225         330       6131.0000
       332001551000003        1551         332       93139.389
       334006829000003        6829         334       17554.385
       334015100000003       15100         334       67263.902
       338000063036635          63         338       1161.0000
       340000064000003          64         340       229.54545
       340000064004574          64         340       28873.625
       340000064004591          64         340       28873.625
       340000064004618          64         340       67263.902
       340021376000003       21376         340       7521.0000
       344020915000003       20915         344       93139.389
       345001176000003        1176         345       39130.938
       348009879000003        9879         348       22191.588
       349012543000003       12543         349       39130.938
       352000034007799          34         352       28873.625
       352000034004016          34         352       229.54545
       354010787000003       10787         354       6131.0000
       361025924000003       25924         361       67263.902
       362000478000003         478         362       10608.615
       366000380000003         380         366       7521.0000
       369006819000003        6819         369       7521.0000
       369014171000003       14171         369       129497.90
       371019208000003       19208         371       67263.902
       372000994000003         994         372       22191.588
       377002254000003        2254         377       56734.667
       377018219000003       18219         377       10608.615
       383007855000056        7855         383       129497.90
       385001437000003        1437         385       93139.389
       388000049063933          49         388       67263.902
       388000049064045          49         388       129497.90
       388000049064159          49         388       39130.938
       388000049059885          49         388       67263.902
       388000049059844          49         388       67263.902
       388000049064023          49         388       67263.902
       388000049059825          49         388       14980.600
       388000049059884          49         388       21096.030
       388000049059840          49         388       21096.030
       388000049000003          49         388       1.0000000
       388000049062071          49         388       28873.625
       388000049064083          49         388       28873.625
       388000049062073          49         388       28873.625
       388000049064117          49         388       28873.625
       388000049062153          49         388       28873.625
       388000049059843          49         388       28873.625
       388000049059874          49         388       28873.625
       388000049059811          49         388       28873.625
       388000049059800          49         388       28873.625
       388000049059781          49         388       28873.625
       389003080000003        3080         389       56734.667
       390000063000036          63         390       2341.0000
       392000198000003         198         392       6131.0000
       392000530000003         530         392       10608.615
       392005621000044        5621         392       129497.90
       396013760000003       13760         396       129497.90
       402019551000003       19551         402       10608.615
       404000558000003         558         404       10608.615
       410007483000003        7483         410       67263.902
       412000081000003          81         412       229.54545
       412011396000003       11396         412       39130.938
       415002209000003        2209         415       56734.667
       417000113000003         113         417       1161.0000
       420002751000003        2751         420       3567.3750
       423009652000003        9652         423       6131.0000
       425001730000003        1730         425       39130.938
       425007406000003        7406         425       129497.90
       427024858000003       24858         427       67263.902
       429000104011770         104         429       67263.902
       429000104011720         104         429       93139.389
       429000104011197         104         429       28873.625
       429000104011775         104         429       21096.030
       429000104000003         104         429       40.666667
       430000104000003         104         430       1161.0000
       430001745000003        1745         430       93139.389
       434000467000003         467         434       10608.615
       436017494000003       17494         436       12.000000
       436017494028562       17494         436       28873.625
       436017494028482       17494         436       28873.625
       436017494027039       17494         436       28873.625
       436017494025406       17494         436       28873.625
       436017494025435       17494         436       28873.625
       436017494025436       17494         436       28873.625
       436017494025444       17494         436       28873.625
       436017494028498       17494         436       67263.902
       436017494028535       17494         436       67263.902
       436017494025500       17494         436       67263.902
       436017494025533       17494         436       67263.902
       437005149035177        5149         437       17554.385
       437005294000548        5294         437       17554.385
       438000196000003         196         438       3567.3750
       438025987000003       25987         438       39130.938
       440000387000003         387         440       7521.0000
       446000377000003         377         446       17554.385
       453002579000003        2579         453       56734.667
       454020926000003       20926         454       711.71429
       455007358000003        7358         455       129497.90
       455019001000003       19001         455       17554.385
       456000098000003          98         456       1161.0000
       456000656000003         656         456       17554.385
       458000092000003          92         458       229.54545
       458000092003805          92         458       28873.625
       458000123000003         123         458       2341.0000
       460015565000003       15565         460       67263.902
       463000214000003         214         463       3567.3750
       465001628000003        1628         465       40.666667
       465001628012509        1628         465       28873.625
       465001628012542        1628         465       21096.030
       466000108000003         108         466       229.54545
       466000108004657         108         466       21096.030
       469005115000003        5115         469       56734.667
       471000185009171         185         471       67263.902
       471000185000003         185         471       40.666667
       471000185009661         185         471       28873.625
       473000101007279         101         473       28873.625
       473000101000003         101         473       40.666667
       473000101007292         101         473       21096.030
       473000101008214         101         473       67263.902
       473015358000003       15358         473       3567.3750
       475024812000003       24812         475       28873.625
       477004681000003        4681         477       191.50000
       483016491000003       16491         483       1161.0000
       484016188000003       16188         484       22191.588
       489020745000003       20745         489       10608.615
       491002323000003        2323         491       39130.938
       497004109000003        4109         497       17554.385
       499008627004331        8627         499       21096.030
       499008627000003        8627         499       191.50000
       503004077000003        4077         503       93139.389
       504016910000003       16910         504       129497.90
       505000078007234          78         505       67263.902
       505000078000003          78         505       191.50000
       505000078007233          78         505       28873.625
