         437
            4405000010        4405           0       36365.592
         5003146000010        3146           5       22571.917
         6000039015879          39           6       36365.592
         7000094000010          94           7       107.14286
        10000584000010         584          10       7040.5882
        10020575000010       20575          10       36365.592
        13000080001989          80          13       36365.592
        14000062000975          62          14       85144.618
        15000124001367         124          15       107.14286
        15011916000010       11916          15       22571.917
        17000067000948          67          17       9456.3333
        18002129000010        2129          18       7040.5882
        20000005000010           5          20       107.14286
        20006812000010        6812          20       7040.5882
        26009015005721        9015          26       17363.289
        26010599000010       10599          26       22571.917
        26011548000010       11548          26       36365.592
        26011897000010       11897          26       36365.592
        27000137000010         137          27       1913.6000
        29001893000055        1893          29       85144.618
        32016001000010       16001          32       107.14286
        35021252000010       21252          35       206056.19
        36007259002052        7259          36       17363.289
        42007522000010        7522          42       7040.5882
        43013740000010       13740          43       206056.19
        43018673000010       18673          43       206056.19
        45000495000010         495          45       4343.5758
        46008926000045        8926          46       85144.618
        47000116000010         116          47       2930.4118
        47002069032118        2069          47       2844.2333
        52000393000010         393          52       4343.5758
        53000103001895         103          53       4343.5758
        53019989002819       19989          53       36365.592
        54000252000010         252          54       2930.4118
        55000138002063         138          55       2844.2333
        57000477000010         477          57       7040.5882
        57005141000010        5141          57       85144.618
        57014305000010       14305          57       22571.917
        58000106000010         106          58       2930.4118
        60000052010037          52          60       236.95000
        61005441000010        5441          61       4343.5758
        63000104000010         104          63       631.00000
        63000535000010         535          63       9456.3333
        64000627000010         627          64       7040.5882
        65000040002736          40          65       17363.289
        66003742000010        3742          66       9456.3333
        67014800000010       14800          67       1913.6000
        68001139000010        1139          68       22571.917
        69010497000010       10497          69       17363.289
        72000129000010         129          72       2930.4118
        72002246000010        2246          72       22571.917
        75004093000010        4093          75       36365.592
        76018158000706       18158          76       2844.2333
        76018262000010       18262          76       2844.2333
        78000128000010         128          78       236.95000
        78000307000010         307          78       2844.2333
        78000312000010         312          78       2844.2333
        79000161000010         161          79       107.14286
        79016134004718       16134          79       206056.19
        79016140000010       16140          79       236.95000
        79018182000010       18182          79       22571.917
        80011831000010       11831          80       17363.289
        83001280000010        1280          83       9456.3333
        84007054000010        7054          84       85144.618
        84011490000010       11490          84       206056.19
        86003160000010        3160          86       22571.917
        89005847000010        5847          89       22571.917
        90001705000010        1705          90       7040.5882
        90008785000010        8785          90       85144.618
        90025530000010       25530          90       1913.6000
        93000186000010         186          93       1913.6000
        96015977000010       15977          96       36365.592
        97003039000010        3039          97       22571.917
        97018905001952       18905          97       2844.2333
       100017989012922       17989         100       17363.289
       103018724005423       18724         103       85144.618
       104009661000010        9661         104       477381.00
       105000050022789          50         105       236.95000
       108003609000010        3609         108       2844.2333
       113015938000010       15938         113       36365.592
       114000294000010         294         114       2844.2333
       114004933000010        4933         114       85144.618
       114015168000010       15168         114       4343.5758
       114020167000010       20167         114       206056.19
       115012636000340       12636         115       2930.4118
       116000148000010         148         116       4343.5758
       116015732000010       15732         116       85144.618
       117015771000010       15771         117       85144.618
       118000147000010         147         118       2930.4118
       119003685000010        3685         119       22571.917
       120006180000010        6180         120       2844.2333
       121000091000010          91         121       236.95000
       122020541000010       20541         122       22571.917
       123000590000010         590         123       7040.5882
       124004238000010        4238         124       85144.618
       125000382000010         382         125       7040.5882
       126000096002365          96         126       1154.2143
       126007009000010        7009         126       22571.917
       126029377000010       29377         126       36365.592
       127000356000191         356         127       9456.3333
       127000485000010         485         127       4343.5758
       127015933037287       15933         127       7040.5882
       127015934017648       15934         127       1913.6000
       128010841000010       10841         128       22571.917
       130003571002811        3571         130       9456.3333
       130003781029327        3781         130       17363.289
       131003570000010        3570         131       236.95000
       131008120000044        8120         131       85144.618
       133000335000173         335         133       7040.5882
       133000398000010         398         133       4343.5758
       133001480000010        1480         133       17363.289
       135006475000010        6475         135       7040.5882
       136000208000010         208         136       7040.5882
       137003909002370        3909         137       2844.2333
       139009819000010        9819         139       17363.289
       141006057000010        6057         141       9456.3333
       143003856000010        3856         143       107.14286
       143013988000010       13988         143       85144.618
       144000064000826          64         144       9456.3333
       145000090000487          90         145       2930.4118
       146007649000010        7649         146       2844.2333
       146011874000010       11874         146       36365.592
       147014150000010       14150         147       17363.289
       149000060000010          60         149       631.00000
       152000068009452          68         152       4343.5758
       153000054002427          54         153       1913.6000
       153024127000010       24127         153       206056.19
       154012636011225       12636         154       236.95000
       154013051000010       13051         154       7040.5882
       154013540000010       13540         154       17363.289
       157009524000010        9524         157       107.14286
       161003480000010        3480         161       22571.917
       161020453000644       20453         161       36365.592
       162000542000010         542         162       7040.5882
       162000929000010         929         162       9456.3333
       162020830000010       20830         162       4343.5758
       164000040000010          40         164       107.14286
       164000517000321         517         164       2844.2333
       168000443000010         443         168       9456.3333
       168008679003282        8679         168       1913.6000
       168008737001497        8737         168       2930.4118
       168012007000010       12007         168       22571.917
       169000059001264          59         169       1154.2143
       172000366007817         366         172       2844.2333
       175001170000010        1170         175       9456.3333
       177000244000010         244         177       9456.3333
       177010702000010       10702         177       22571.917
       180000062062488          62         180       85144.618
       180000062006898          62         180       206056.19
       180002493000010        2493         180       22571.917
       180023652000010       23652         180       17363.289
       180024529000010       24529         180       36365.592
       182000234000010         234         182       2930.4118
       182000591000589         591         182       9456.3333
       183000140000397         140         183       2930.4118
       184015169000047       15169         184       206056.19
       185000924000010         924         185       9456.3333
       185015891000010       15891         185       9456.3333
       187002773000010        2773         187       36365.592
       187002812000010        2812         187       36365.592
       188003941004537        3941         188       631.00000
       188004013000772        4013         188       17363.289
       189001656000010        1656         189       2844.2333
       189004312000010        4312         189       22571.917
       189007346000010        7346         189       206056.19
       190004177039209        4177         190       22571.917
       194002389000010        2389         194       22571.917
       194007792000010        7792         194       206056.19
       195002248000010        2248         195       36365.592
       195014448000010       14448         195       85144.618
       198000105000010         105         198       236.95000
       198000129000010         129         198       2930.4118
       199000113000010         113         199       107.14286
       200016645001540       16645         200       107.14286
       201010840000010       10840         201       631.00000
       202014861000010       14861         202       17363.289
       202016864000010       16864         202       36365.592
       204002085000010        2085         204       22571.917
       204011663031736       11663         204       206056.19
       204031528000010       31528         204       7040.5882
       206000864000010         864         206       7040.5882
       207000102000010         102         207       107.14286
       207000108000010         108         207       631.00000
       207001718000010        1718         207       17363.289
       208003596000713        3596         208       22571.917
       210008652000010        8652         210       9456.3333
       213000142049508         142         213       22571.917
       214004644000010        4644         214       85144.618
       214021016000010       21016         214       477381.00
       217000099000660          99         217       206056.19
       219000358000010         358         219       2844.2333
       219021330002501       21330         219       1154.2143
       221005430000010        5430         221       107.14286
       221005431000010        5431         221       236.95000
       223000189000010         189         223       107.14286
       223026065000010       26065         223       2844.2333
       224019611000010       19611         224       236.95000
       229011610000088       11610         229       236.95000
       231002679000010        2679         231       17363.289
       232001186000010        1186         232       9456.3333
       234016397001756       16397         234       631.00000
       234018116000010       18116         234       22571.917
       235000849000010         849         235       9456.3333
       236006887000010        6887         236       107.14286
       239022898000010       22898         239       9456.3333
       240002869000010        2869         240       36365.592
       240012076000010       12076         240       4343.5758
       240020206000010       20206         240       477381.00
       241000295000010         295         241       7040.5882
       243005080000010        5080         243       206056.19
       245000198000010         198         245       631.00000
       245002276000010        2276         245       17363.289
       246002458029157        2458         246       85144.618
       246010026000010       10026         246       36365.592
       247000143134309         143         247       4343.5758
       247000152000010         152         247       107.14286
       248015395000010       15395         248       477381.00
       249011821004390       11821         249       85144.618
       249011844000010       11844         249       1154.2143
       250000289000010         289         250       7040.5882
       252002107000010        2107         252       36365.592
       256000022000010          22         256       631.00000
       256001656000010        1656         256       17363.289
       257002820000010        2820         257       22571.917
       258008524000010        8524         258       85144.618
       259004830000010        4830         259       22571.917
       261000269000010         269         261       9456.3333
       261007628000010        7628         261       4343.5758
       262000031000010          31         262       107.14286
       263001154003688        1154         263       4343.5758
       264003230000010        3230         264       36365.592
       265009455001120        9455         265       22571.917
       265016814000010       16814         265       85144.618
       267001685000010        1685         267       236.95000
       268001348000010        1348         268       107.14286
       269004343000010        4343         269       2844.2333
       271000259000010         259         271       4343.5758
       271000284000010         284         271       4343.5758
       273015227000049       15227         273       36365.592
       275000574000278         574         275       1913.6000
       276000458000010         458         276       7040.5882
       277003741000101        3741         277       85144.618
       278001494000010        1494         278       17363.289
       280002955000010        2955         280       36365.592
       281001620000010        1620         281       17363.289
       282004954010358        4954         282       4343.5758
       283000101000010         101         283       107.14286
       286006535000179        6535         286       9456.3333
       286007720000010        7720         286       17363.289
       286017059000043       17059         286       9456.3333
       288015046000010       15046         288       1154.2143
       291002850000010        2850         291       236.95000
       292002065000010        2065         292       236.95000
       292002456000215        2456         292       9456.3333
       292004203000010        4203         292       17363.289
       294001575000010        1575         294       9456.3333
       295003049000010        3049         295       7040.5882
       296006067000010        6067         296       17363.289
       299000252000010         252         299       2930.4118
       299000615000010         615         299       9456.3333
       300003651000638        3651         300       2844.2333
       301001237000010        1237         301       9456.3333
       302008063000010        8063         302       7040.5882
       303000141000526         141         303       36365.592
       305000062019795          62         305       22571.917
       305000065006276          65         305       85144.618
       305006579000010        6579         305       85144.618
       306000106000010         106         306       236.95000
       309023944000010       23944         309       2844.2333
       310002936000010        2936         310       22571.917
       310004003000010        4003         310       36365.592
       311001775000650        1775         311       4343.5758
       313010025000010       10025         313       2930.4118
       315000127003166         127         315       36365.592
       315000157000010         157         315       1913.6000
       316000093000010          93         316       1913.6000
       318004749000010        4749         318       36365.592
       318007580000010        7580         318       85144.618
       318023855000010       23855         318       36365.592
       319000652000010         652         319       4343.5758
       319000808000010         808         319       7040.5882
       319001010000010        1010         319       9456.3333
       322000304000010         304         322       17363.289
       322000453000010         453         322       17363.289
       322007265000010        7265         322       22571.917
       323007800000010        7800         323       9456.3333
       324000004000010           4         324       236.95000
       324017485000010       17485         324       36365.592
       325010274000010       10274         325       2844.2333
       327000157000010         157         327       1154.2143
       328000800000010         800         328       9456.3333
       329004044000010        4044         329       631.00000
       329004048000010        4048         329       631.00000
       329005562000010        5562         329       9456.3333
       329008655000010        8655         329       36365.592
       334006332005853        6332         334       9456.3333
       335003633000010        3633         335       2930.4118
       335010107000010       10107         335       36365.592
       335013716000010       13716         335       85144.618
       335032225000010       32225         335       206056.19
       336009757000010        9757         336       85144.618
       337000111009955         111         337       9456.3333
       339000109000010         109         339       1913.6000
       341000189000010         189         341       2930.4118
       341001166000010        1166         341       17363.289
       341002440000010        2440         341       22571.917
       341020106000010       20106         341       85144.618
       345010091000010       10091         345       85144.618
       346000609000111         609         346       17363.289
       347003592000010        3592         347       2844.2333
       348000062000010          62         348       631.00000
       348009208000236        9208         348       7040.5882
       352000036016190          36         352       36365.592
       363003422000010        3422         363       22571.917
       363021592000010       21592         363       1154.2143
       364004179000010        4179         364       22571.917
       366000121001470         121         366       17363.289
       366000614000010         614         366       4343.5758
       367000882000010         882         367       9456.3333
       368012240000010       12240         368       22571.917
       369006558000010        6558         369       1154.2143
       371010103006758       10103         371       22571.917
       372000345000010         345         372       4343.5758
       373000197000010         197         373       1913.6000
       377004044000010        4044         377       36365.592
       379024782000010       24782         379       22571.917
       383000843000010         843         383       36365.592
       383003730000010        3730         383       2930.4118
       384008413000010        8413         384       2844.2333
       386002192000010        2192         386       36365.592
       387000092037414          92         387       17363.289
       387006261000010        6261         387       85144.618
       388009804000010        9804         388       107.14286
       388009904000010        9904         388       2930.4118
       388010418000010       10418         388       7040.5882
       389000686000010         686         389       1154.2143
       390011056000010       11056         390       7040.5882
       392001126000010        1126         392       9456.3333
       392008138000010        8138         392       85144.618
       396004831000010        4831         396       4343.5758
       397011205000010       11205         397       1913.6000
       398000264000170         264         398       9456.3333
       401001168000010        1168         401       17363.289
       404000450000010         450         404       7040.5882
       404002173000010        2173         404       17363.289
       405000354000010         354         405       2844.2333
       406002083000010        2083         406       236.95000
       408018587000010       18587         408       631.00000
       410015283000010       15283         410       36365.592
       412000875000010         875         412       17363.289
       417003110000010        3110         417       22571.917
       420002705002102        2705         420       9456.3333
       421008719000010        8719         421       22571.917
       421010335000010       10335         421       36365.592
       423002291000010        2291         423       36365.592
       423009550000010        9550         423       1154.2143
       424000227000010         227         424       9456.3333
       425000359000010         359         425       4343.5758
       426017710000782       17710         426       4343.5758
       428016667000010       16667         428       1154.2143
       428016940000010       16940         428       4343.5758
       430002246000010        2246         430       36365.592
       431000214000010         214         431       631.00000
       431022317000010       22317         431       4343.5758
       433000094000010          94         433       1154.2143
       433002274000010        2274         433       22571.917
       435004198000010        4198         435       36365.592
       436017724000010       17724         436       2844.2333
       437005150009454        5150         437       236.95000
       437005311000010        5311         437       2844.2333
       437005728000010        5728         437       7040.5882
       437009045000010        9045         437       85144.618
       439000484000010         484         439       4343.5758
       439006410000010        6410         439       36365.592
       440000118000010         118         440       236.95000
       440000648000133         648         440       7040.5882
       442000089001727          89         442       17363.289
       442005589000010        5589         442       22571.917
       442027705000760       27705         442       17363.289
       443001199000010        1199         443       9456.3333
       445013373000010       13373         445       85144.618
       447005708000010        5708         447       36365.592
       453021157000010       21157         453       7040.5882
       454004496000010        4496         454       36365.592
       455013926000010       13926         455       206056.19
       455019160000010       19160         455       9456.3333
       459003482000010        3482         459       17363.289
       460002088000010        2088         460       17363.289
       460003566000010        3566         460       22571.917
       460004809000039        4809         460       516099.00
       461000843000010         843         461       7040.5882
       462003394000010        3394         462       22571.917
       462026668000010       26668         462       477381.00
       464000153000010         153         464       17363.289
       464003307000010        3307         464       22571.917
       465000071000010          71         465       9456.3333
       465001686000010        1686         465       1154.2143
       465013615000010       13615         465       206056.19
       469011584000010       11584         469       36365.592
       470001144000010        1144         470       7040.5882
       470001282000010        1282         470       9456.3333
       471003174000010        3174         471       36365.592
       472000900000010         900         472       9456.3333
       478004304000010        4304         478       4343.5758
       479003754000089        3754         479       36365.592
       479011404000010       11404         479       85144.618
       481000103000010         103         481       236.95000
       481000208000442         208         481       206056.19
       482000655000010         655         482       7040.5882
       483016483000010       16483         483       107.14286
       484015198000010       15198         484       1913.6000
       485008800000010        8800         485       2844.2333
       486000133000010         133         486       1154.2143
       487015937000010       15937         487       4343.5758
       488014662000010       14662         488       36365.592
       489000470000010         470         489       4343.5758
       489005135000010        5135         489       36365.592
       491000381000137         381         491       85144.618
       493023690000010       23690         493       477381.00
       495000195000571         195         495       22571.917
       496014863000010       14863         496       206056.19
       498002074000010        2074         498       22571.917
       498002259000010        2259         498       22571.917
       498020964000010       20964         498       17363.289
       500000082000010          82         500       107.14286
       500001646000010        1646         500       22571.917
       500013611000010       13611         500       4343.5758
       501010201000010       10201         501       2844.2333
       504008720000010        8720         504       206056.19
       507000732000010         732         507       7040.5882
       508000129005441         129         508       2844.2333
       508002030000067        2030         508       206056.19
       508024193000010       24193         508       4343.5758
       509000335000010         335         509       2844.2333
       510000177000010         177         510       631.00000
       510000599000010         599         510       4343.5758
       511002833000010        2833         511       1913.6000
