         798
              33000018          33           0       611.45833
              33000811          33           0       33465.659
             311000018         311           0       2861.1667
            4611000018        4611           0       36506.491
            8403000018        8403           0       58266.056
         1004679000018        4679           1       36506.491
         2000484000018         484           2       22515.481
         4000048000661          48           4       2861.1667
         5000324000018         324           5       3592.2195
         5001454000018        1454           5       14132.180
         5002449000018        2449           5       22515.481
         6023016000018       23016           6       58266.056
         7000487000018         487           7       6951.5833
         9000475000134         475           9       22515.481
         9002832000018        2832           9       36506.491
        10000133000018         133          10       2861.1667
        10003244000018        3244          10       58266.056
        10019261000018       19261          10       1419.4737
        11000268000018         268          11       2861.1667
        12000217000018         217          12       6951.5833
        13000122000018         122          13       2861.1667
        13014617000018       14617          13       14132.180
        13017851000018       17851          13       36506.491
        14016255000018       16255          14       58266.056
        15002298000018        2298          15       36506.491
        15009769000018        9769          15       2861.1667
        17000089000018          89          17       1419.4737
        17003846000018        3846          17       36506.491
        19000373000018         373          19       3592.2195
        19000373000092         373          19       16159.325
        20000912000018         912          20       36506.491
        20006291000777        6291          20       16159.325
        20006291000767        6291          20       16159.325
        20006291000765        6291          20       16159.325
        20006291000092        6291          20       611.45833
        22000278000018         278          22       22515.481
        22007557000018        7557          22       36506.491
        23003336001153        3336          23       33465.659
        23003336002331        3336          23       33465.659
        23003336002318        3336          23       33465.659
        23003336001305        3336          23       33465.659
        23003336003114        3336          23       58266.056
        23003336001526        3336          23       33465.659
        23003336002544        3336          23       16159.325
        23003336001157        3336          23       16159.325
        23003336002690        3336          23       16159.325
        23003336001319        3336          23       16159.325
        23003336001757        3336          23       16159.325
        23003336003057        3336          23       16159.325
        23003336001510        3336          23       16159.325
        23003336001513        3336          23       16159.325
        23003336000018        3336          23       166.31818
        23004276000018        4276          23       9174.2609
        25005423000018        5423          25       166.31818
        25005423002349        5423          25       16159.325
        25005423002028        5423          25       16159.325
        25005423002032        5423          25       16159.325
        25005423002040        5423          25       16159.325
        25005423002050        5423          25       33465.659
        25005452001952        5452          25       58266.056
        25005452001558        5452          25       2133.6522
        27000149000018         149          27       2133.6522
        31007543000048        7543          31       611.45833
        34010522000018       10522          34       611.45833
        34010522000609       10522          34       16159.325
        34010522000597       10522          34       16159.325
        34010522000567       10522          34       33465.659
        38000212000018         212          38       3592.2195
        38016085000018       16085          38       14132.180
        38016729000018       16729          38       36506.491
        39011590000018       11590          39       22515.481
        40020314000018       20314          40       33465.659
        41000002001645           2          41       33465.659
        41000002000642           2          41       33465.659
        41000002000619           2          41       33465.659
        41000002000783           2          41       33465.659
        41000002001605           2          41       36717.000
        41000002001372           2          41       33465.659
        41000002000018           2          41       461.81250
        41000252000018         252          41       3592.2195
        41010036000018       10036          41       1419.4737
        41010036000620       10036          41       16159.325
        42010357000130       10357          42       58266.056
        43001425000184        1425          43       33465.659
        43001425000018        1425          43       2133.6522
        47002075000018        2075          47       103.60000
        47002075002045        2075          47       16159.325
        47002075003588        2075          47       33465.659
        47002075003703        2075          47       33465.659
        47002075001936        2075          47       36717.000
        48001797000018        1797          48       36506.491
        48014988000151       14988          48       33465.659
        48014988000201       14988          48       16159.325
        48014988000018       14988          48       6951.5833
        50014900000018       14900          50       611.45833
        52005321000018        5321          52       58266.056
        52017689000569       17689          52       33465.659
        52017689000018       17689          52       1419.4737
        53001691000018        1691          53       22515.481
        54000073002783          73          54       33465.659
        54000073002772          73          54       33465.659
        54000073000018          73          54       103.60000
        55000131000096         131          55       166.31818
        55000131002112         131          55       33465.659
        55000131002675         131          55       33465.659
        55000131001742         131          55       33465.659
        55000131001765         131          55       58266.056
        55000974000093         974          55       22515.481
        56019569000018       19569          56       16159.325
        58000481000018         481          58       9174.2609
        58001132000018        1132          58       9174.2609
        59000189000018         189          59       1419.4737
        59000189000639         189          59       16159.325
        59000189000674         189          59       33465.659
        60000104000018         104          60       1419.4737
        61005269000210        5269          61       14132.180
        61006546000018        6546          61       14132.180
        62010803000018       10803          62       6951.5833
        63000117000018         117          63       1419.4737
        63000117000440         117          63       33465.659
        63000120000332         120          63       33465.659
        63000120000018         120          63       2133.6522
        63013087000018       13087          63       36506.491
        65000493000018         493          65       6951.5833
        67001898000018        1898          67       22515.481
        67015213000018       15213          67       6951.5833
        67016893000018       16893          67       22515.481
        69009294000018        9294          69       2861.1667
        70001098000018        1098          70       14132.180
        70005222000018        5222          70       33465.659
        71000686000018         686          71       9174.2609
        72018404010816       18404          72       611.45833
        72018404000018       18404          72       461.81250
        72018404001157       18404          72       33465.659
        76000029019655          29          76       103.60000
        76000029021939          29          76       16159.325
        76000029022242          29          76       16159.325
        76000029022841          29          76       16159.325
        76000694000088         694          76       16159.325
        76000694000018         694          76       9174.2609
        77000170000981         170          77       9174.2609
        77005859000018        5859          77       33465.659
        78003312000018        3312          78       36506.491
        79016258000018       16258          79       2861.1667
        79017651000043       17651          79       16159.325
        79017651000018       17651          79       22515.481
        82000189000018         189          82       2133.6522
        82009449000018        9449          82       36717.000
        83000097002326          97          83       2861.1667
        84003370000018        3370          84       36506.491
        85004645000018        4645          85       58266.056
        88004360000018        4360          88       461.81250
        88004360000953        4360          88       16159.325
        90001161000493        1161          90       16159.325
        90001161000534        1161          90       16159.325
        90001161000018        1161          90       611.45833
        90001161000497        1161          90       33465.659
        90025562000018       25562          90       2861.1667
        93003620000018        3620          93       22515.481
        95016980000018       16980          95       103.60000
        96014330001007       14330          96       2861.1667
        96019273000018       19273          96       33465.659
        97000604000018         604          97       6951.5833
        98001370000018        1370          98       14132.180
        98016238000018       16238          98       3592.2195
        98016238000078       16238          98       33465.659
        99006101000018        6101          99       33465.659
       101000117002293         117         101       33465.659
       101000117002083         117         101       33465.659
       101000117000018         117         101       166.31818
       101000117001820         117         101       16159.325
       101000117001678         117         101       16159.325
       101000117001808         117         101       16159.325
       101022339000018       22339         101       36506.491
       104005046000018        5046         104       36506.491
       105007937000018        7937         105       14132.180
       106003684000018        3684         106       22515.481
       107004480000018        4480         107       36506.491
       108000988000018         988         108       33465.659
       108004343000018        4343         108       14132.180
       110000091001030          91         110       2133.6522
       110010607001795       10607         110       9174.2609
       114014938000018       14938         114       166.31818
       116001219000018        1219         116       22515.481
       116003155000018        3155         116       58266.056
       116005921000018        5921         116       10472.500
       116011554000018       11554         116       14132.180
       118000363000018         363         118       3592.2195
       120006435000018        6435         120       6951.5833
       124000655000018         655         124       14132.180
       124009640000476        9640         124       16159.325
       124009640000509        9640         124       33465.659
       124009640000018        9640         124       1419.4737
       125010253004096       10253         125       2861.1667
       127000327000018         327         127       6951.5833
       127000937000018         937         127       14132.180
       128012192000018       12192         128       36506.491
       129004773000018        4773         129       36506.491
       131003565002474        3565         131       33465.659
       131003565002447        3565         131       33465.659
       131003565002470        3565         131       16159.325
       131003565000018        3565         131       166.31818
       131003575000018        3575         131       461.81250
       131003575001379        3575         131       33465.659
       131003575001303        3575         131       16159.325
       131003575001288        3575         131       33465.659
       131006147000018        6147         131       14132.180
       131006574000018        6574         131       22515.481
       131006574000054        6574         131       16159.325
       131008026000018        8026         131       58266.056
       132001860000018        1860         132       14132.180
       135004660000018        4660         135       16159.325
       135020876000018       20876         135       33465.659
       137004910000018        4910         137       9174.2609
       141005434000018        5434         141       461.81250
       141005434002059        5434         141       33465.659
       141005434000789        5434         141       16159.325
       141005434001720        5434         141       16159.325
       141005434001698        5434         141       16159.325
       141005434001991        5434         141       36717.000
       141005434003000        5434         141       33465.659
       141005434001705        5434         141       33465.659
       141011153000018       11153         141       36506.491
       142009279000538        9279         142       16159.325
       142009279000341        9279         142       2861.1667
       142010597000018       10597         142       14132.180
       144000203000018         203         144       3592.2195
       147014780000018       14780         147       58266.056
       154002783000018        2783         154       58266.056
       156000589000018         589         156       14132.180
       156009181001976        9181         156       16159.325
       156009181001970        9181         156       16159.325
       156009181002135        9181         156       33465.659
       156009181000018        9181         156       103.60000
       156009181002342        9181         156       36717.000
       156010922000066       10922         156       36506.491
       157009671000018        9671         157       9174.2609
       157010031000018       10031         157       6951.5833
       157010419000018       10419         157       9174.2609
       159000104000018         104         159       1419.4737
       159000104000560         104         159       16159.325
       160012532000018       12532         160       16159.325
       160023523000018       23523         160       14132.180
       161000357000018         357         161       3592.2195
       163002321000018        2321         163       22515.481
       164000535000018         535         164       6951.5833
       164003292000061        3292         164       3592.2195
       165000979000018         979         165       22515.481
       165012509000018       12509         165       3592.2195
       165012509000189       12509         165       33465.659
       165013667000018       13667         165       14132.180
       165020995000018       20995         165       58266.056
       166000033000101          33         166       103.60000
       168008672016084        8672         168       461.81250
       168008719001164        8719         168       3592.2195
       170003051000018        3051         170       22515.481
       171001249000018        1249         171       58266.056
       173000116000018         116         173       2861.1667
       174004437000018        4437         174       36506.491
       175001393000018        1393         175       14132.180
       177008328000018        8328         177       1419.4737
       177009239000018        9239         177       9174.2609
       178000665000018         665         178       9174.2609
       182001778000018        1778         182       14132.180
       182001913000018        1913         182       14132.180
       184013372000018       13372         184       14132.180
       184014419000018       14419         184       22515.481
       185000070001694          70         185       16159.325
       185000070000018          70         185       611.45833
       185000303000018         303         185       3592.2195
       185004369000018        4369         185       58266.056
       188000984000018         984         188       58266.056
       188006522000018        6522         188       36506.491
       188011769000018       11769         188       58266.056
       189001918000018        1918         189       3592.2195
       190000647000018         647         190       22515.481
       190028488000018       28488         190       14132.180
       191000391000018         391         191       3592.2195
       192000359000018         359         192       3592.2195
       192000409000018         409         192       6951.5833
       193000227000018         227         193       2861.1667
       194019736000086       19736         194       14132.180
       197000168000018         168         197       2133.6522
       197008520000018        8520         197       58266.056
       198004905000018        4905         198       36506.491
       198007344000018        7344         198       58266.056
       199000342000018         342         199       3592.2195
       200016188000018       16188         200       166.31818
       200016188001777       16188         200       16159.325
       200016188001967       16188         200       16159.325
       200016188001814       16188         200       33465.659
       200016188001796       16188         200       33465.659
       200016363000018       16363         200       2861.1667
       200016377000018       16377         200       9174.2609
       200016939000018       16939         200       9174.2609
       201011750000018       11750         201       22515.481
       202005332000018        5332         202       58266.056
       202013783000176       13783         202       33465.659
       202013783000018       13783         202       3592.2195
       203014172000018       14172         203       14132.180
       204013510000018       13510         204       22515.481
       206000818000018         818         206       6951.5833
       207005670000018        5670         207       36506.491
       207006863000018        6863         207       58266.056
       207010563000018       10563         207       33465.659
       209004211000018        4211         209       22515.481
       209006988000018        6988         209       58266.056
       210007923000228        7923         210       33465.659
       210007923000018        7923         210       2861.1667
       211000866000018         866         211       22515.481
       211009478000018        9478         211       6951.5833
       212001069000018        1069         212       9174.2609
       213001954000018        1954         213       22515.481
       213012361000018       12361         213       10472.500
       213016278000018       16278         213       22515.481
       214018729000018       18729         214       16159.325
       217001264000018        1264         217       58266.056
       219000340000018         340         219       3592.2195
       219025343000018       25343         219       58266.056
       220003575000018        3575         220       33465.659
       221006171000018        6171         221       9174.2609
       224003010000018        3010         224       36506.491
       224019673000394       19673         224       6951.5833
       225015867000018       15867         225       14132.180
       227011789000307       11789         227       16159.325
       227011789000018       11789         227       1419.4737
       227011789000365       11789         227       58266.056
       228005025000018        5025         228       1419.4737
       228005025000296        5025         228       16159.325
       228005025000691        5025         228       16159.325
       229002734000018        2734         229       166.31818
       229002734002351        2734         229       33465.659
       229002826000018        2826         229       2133.6522
       229002826000316        2826         229       16159.325
       229002826000287        2826         229       33465.659
       229002967000230        2967         229       36506.491
       231006582000018        6582         231       36506.491
       231009124000018        9124         231       33465.659
       231027681000018       27681         231       9174.2609
       232006744000018        6744         232       58266.056
       232026351000018       26351         232       33465.659
       233016497000018       16497         233       33465.659
       234000203000410         203         234       22515.481
       235000166000017         166         235       103.60000
       235000166002929         166         235       16159.325
       235000166002845         166         235       16159.325
       235000166002330         166         235       33465.659
       235000166002350         166         235       33465.659
       237000494000018         494         237       9174.2609
       238002575000018        2575         238       58266.056
       243000141000018         141         243       1419.4737
       243000141000440         141         243       33465.659
       247002104001017        2104         247       16159.325
       247002104000076        2104         247       611.45833
       248000048060250          48         248       103.60000
       248000048063377          48         248       33465.659
       248018402004767       18402         248       9174.2609
       251007991000018        7991         251       2133.6522
       251007991000183        7991         251       16159.325
       253000269000018         269         253       3592.2195
       253012517000018       12517         253       14132.180
       255000324000018         324         255       3592.2195
       256001020000018        1020         256       9174.2609
       256015532000018       15532         256       16159.325
       257000887000018         887         257       9174.2609
       259002120000018        2120         259       9174.2609
       259007045000018        7045         259       36506.491
       259009564000018        9564         259       58266.056
       261000353000018         353         261       14132.180
       261011456000018       11456         261       36506.491
       262000037000781          37         262       33465.659
       262000037000627          37         262       33465.659
       262000037000018          37         262       461.81250
       262009621000018        9621         262       3592.2195
       263022939000018       22939         263       3592.2195
       266017506000018       17506         266       33465.659
       267001817000018        1817         267       2133.6522
       267001817000325        1817         267       16159.325
       267002659000018        2659         267       9174.2609
       268001362000018        1362         268       166.31818
       268001362001037        1362         268       16159.325
       268001362001251        1362         268       16159.325
       268001362001100        1362         268       33465.659
       268001362001294        1362         268       33465.659
       268001362001121        1362         268       36717.000
       270010652000018       10652         270       22515.481
       271000909000018         909         271       14132.180
       272011390000018       11390         272       36506.491
       274004840000018        4840         274       9174.2609
       277000489000018         489         277       6951.5833
       277020339001139       20339         277       6951.5833
       279014129000018       14129         279       14132.180
       280003971000018        3971         280       36506.491
       282006780000018        6780         282       22515.481
       283002481000018        2481         283       9174.2609
       284000557000018         557         284       6951.5833
       284005864000018        5864         284       36506.491
       285000177000018         177         285       3592.2195
       285006877000018        6877         285       1419.4737
       286006358000018        6358         286       1419.4737
       286006358000295        6358         286       16159.325
       286006948000018        6948         286       9174.2609
       287003697000034        3697         287       16159.325
       287003697000018        3697         287       58266.056
       288015289000082       15289         288       33465.659
       288015289000066       15289         288       16159.325
       288015289000018       15289         288       9174.2609
       288015709000018       15709         288       14132.180
       290000058000018          58         290       461.81250
       290000058001475          58         290       58266.056
       290000142000484         142         290       33465.659
       290000142000407         142         290       33465.659
       290000142000018         142         290       2133.6522
       290003287000018        3287         290       36506.491
       291002937000018        2937         291       2133.6522
       291003325000018        3325         291       3592.2195
       291003325000153        3325         291       16159.325
       291003325000104        3325         291       33465.659
       292002258000222        2258         292       16159.325
       292002258000018        2258         292       2861.1667
       293000109000018         109         293       611.45833
       293000109000550         109         293       16159.325
       294008140000018        8140         294       36506.491
       294011451000018       11451         294       58266.056
       295003329000018        3329         295       14132.180
       297010965000018       10965         297       33465.659
       297020402000208       20402         297       16159.325
       297020402000298       20402         297       16159.325
       297020402000018       20402         297       2133.6522
       298001192000018        1192         298       9174.2609
       298023699000018       23699         298       611.45833
       299000342000018         342         299       2133.6522
       300004130000018        4130         300       14132.180
       300004400000018        4400         300       6951.5833
       300012530000018       12530         300       58266.056
       302002597000018        2597         302       58266.056
       302007908000018        7908         302       6951.5833
       303005738000018        5738         303       103.60000
       303005738001811        5738         303       16159.325
       303005738001946        5738         303       33465.659
       303005738001964        5738         303       33465.659
       303005738001821        5738         303       33465.659
       304001857000947        1857         304       33465.659
       304001857001009        1857         304       33465.659
       304001857000067        1857         304       461.81250
       305000260000018         260         305       2861.1667
       305002565000018        2565         305       22515.481
       307000107000018         107         307       166.31818
       307000107002376         107         307       33465.659
       307004853000018        4853         307       36506.491
       307004853000041        4853         307       16159.325
       309001346000018        1346         309       2861.1667
       309025711000018       25711         309       58266.056
       309025968000018       25968         309       58266.056
       310000371000018         371         310       3592.2195
       311001907000018        1907         311       2861.1667
       311003700000018        3700         311       22515.481
       311006296000018        6296         311       36506.491
       312000061002023          61         312       33465.659
       312000061001867          61         312       33465.659
       312000061001841          61         312       33465.659
       312000061001948          61         312       33465.659
       312000061001874          61         312       16159.325
       312000061002181          61         312       16159.325
       312000061000018          61         312       103.60000
       312010581000018       10581         312       33465.659
       314000150000018         150         314       2133.6522
       315000333000018         333         315       3592.2195
       316014257000018       14257         316       2861.1667
       316014257000176       14257         316       16159.325
       317000128000758         128         317       16159.325
       317000128000637         128         317       16159.325
       317000128000018         128         317       461.81250
       317000128000771         128         317       33465.659
       317000128000633         128         317       36717.000
       317000507000018         507         317       6951.5833
       318000080000018          80         318       166.31818
       318000080001383          80         318       16159.325
       318000080001615          80         318       16159.325
       318000080001604          80         318       16159.325
       318000080001741          80         318       16159.325
       318000080001625          80         318       33465.659
       318004921000018        4921         318       33465.659
       320002695000018        2695         320       22515.481
       321000022000018          22         321       2133.6522
       321000022000312          22         321       36717.000
       321002732000018        2732         321       3592.2195
       321005929000018        5929         321       36506.491
       324014456007455       14456         324       33465.659
       324014456006979       14456         324       611.45833
       325010138003566       10138         325       611.45833
       326014266000018       14266         326       9174.2609
       327000128001758         128         327       16159.325
       327000128002950         128         327       16159.325
       327000128000671         128         327       16159.325
       327000128002431         128         327       33465.659
       327000128002975         128         327       33465.659
       327000128002886         128         327       33465.659
       327000201000352         201         327       58266.056
       327000201000018         201         327       1419.4737
       327001210000018        1210         327       9174.2609
       327020153000018       20153         327       6951.5833
       328013189000086       13189         328       22515.481
       328015524000018       15524         328       22515.481
       329007332000018        7332         329       22515.481
       330018511000018       18511         330       16159.325
       331001647001149        1647         331       16159.325
       331001647000018        1647         331       611.45833
       331006488000018        6488         331       36506.491
       332012825000018       12825         332       58266.056
       333009603000018        9603         333       461.81250
       333009603001660        9603         333       16159.325
       333009603001821        9603         333       16159.325
       333009603001857        9603         333       16159.325
       333010106000018       10106         333       3592.2195
       333018673000018       18673         333       58266.056
       335012368000018       12368         335       58266.056
       336000037002199          37         336       33465.659
       336000037003485          37         336       33465.659
       336000037001634          37         336       33465.659
       336000037000018          37         336       166.31818
       336000037001492          37         336       16159.325
       336000037001499          37         336       16159.325
       336000037004025          37         336       16159.325
       336000037002182          37         336       16159.325
       336000037002166          37         336       33465.659
       336000037001838          37         336       33465.659
       336000037002028          37         336       16159.325
       336000738000018         738         336       9174.2609
       336009159000018        9159         336       33465.659
       336023210002395       23210         336       33465.659
       336023210001659       23210         336       36717.000
       336023210000018       23210         336       103.60000
       336023210002374       23210         336       16159.325
       336023210002479       23210         336       16159.325
       336023210001657       23210         336       16159.325
       336023210001666       23210         336       33465.659
       336023210002389       23210         336       16159.325
       336023210001790       23210         336       16159.325
       338005529000018        5529         338       58266.056
       340021224000866       21224         340       33465.659
       340021224000857       21224         340       16159.325
       340021224000018       21224         340       1419.4737
       341000291000018         291         341       3592.2195
       341000291000249         291         341       16159.325
       341000291000211         291         341       36717.000
       344000043001764          43         344       33465.659
       344000043001677          43         344       16159.325
       344000043002248          43         344       16159.325
       344000043000018          43         344       166.31818
       344020956000018       20956         344       58266.056
       345000070000628          70         345       103.60000
       345000076000018          76         345       166.31818
       345001241000018        1241         345       9174.2609
       346000562000018         562         346       6951.5833
       348001232000018        1232         348       22515.481
       349001761000018        1761         349       22515.481
       350010360000018       10360         350       9174.2609
       353000127000018         127         353       611.45833
       353000127000601         127         353       16159.325
       353000127000460         127         353       16159.325
       353000127000644         127         353       16159.325
       353005639000018        5639         353       58266.056
       353014500000736       14500         353       22515.481
       354002034000018        2034         354       58266.056
       359013035000018       13035         359       9174.2609
       360012601000018       12601         360       36506.491
       362028134000018       28134         362       33465.659
       362029194000018       29194         362       33465.659
       363000304000165         304         363       6951.5833
       363003228000018        3228         363       36506.491
       364003481000018        3481         364       22515.481
       365000145000479         145         365       33465.659
       365000145002127         145         365       16159.325
       365000145000018         145         365       611.45833
       366000135002396         135         366       2133.6522
       366028979000018       28979         366       16159.325
       367014446000018       14446         367       1419.4737
       367014832000018       14832         367       6951.5833
       370004410000018        4410         370       103.60000
       370004410004214        4410         370       16159.325
       370004410002618        4410         370       16159.325
       370004410002306        4410         370       16159.325
       370004410003715        4410         370       16159.325
       370004410002905        4410         370       33465.659
       370004410003017        4410         370       33465.659
       370004410002303        4410         370       33465.659
       370004410002601        4410         370       33465.659
       370004410002484        4410         370       36717.000
       370004412001899        4412         370       33465.659
       370004412001306        4412         370       16159.325
       370004412002198        4412         370       16159.325
       370004412000018        4412         370       166.31818
       370009107000018        9107         370       36506.491
       371010332000018       10332         371       3592.2195
       373000392000018         392         373       2861.1667
       373020192000018       20192         373       14132.180
       375002493000018        2493         375       36506.491
       375002609000310        2609         375       1419.4737
       375015964000018       15964         375       9174.2609
       376002356000018        2356         376       22515.481
       377018169000018       18169         377       2861.1667
       379000414000018         414         379       2861.1667
       380000094000018          94         380       166.31818
       380000094001352          94         380       16159.325
       380001454000018        1454         380       14132.180
       382000463000218         463         382       22515.481
       385008834000018        8834         385       9174.2609
       387000102000018         102         387       461.81250
       387000102001997         102         387       16159.325
       387000102002526         102         387       36717.000
       387000102001103         102         387       33465.659
       387000433000107         433         387       33465.659
       387000433000086         433         387       16159.325
       387000433000018         433         387       9174.2609
       387016255000018       16255         387       2861.1667
       388001714000048        1714         388       16159.325
       388001714000018        1714         388       36506.491
       388011150000018       11150         388       14132.180
       389000663000614         663         389       16159.325
       389000663001411         663         389       16159.325
       389000663001622         663         389       16159.325
       389000663000018         663         389       461.81250
       389000663001579         663         389       33465.659
       389000663001420         663         389       33465.659
       390010684009613       10684         390       33465.659
       390010684009582       10684         390       33465.659
       390010684007843       10684         390       166.31818
       390010684009591       10684         390       16159.325
       391015558000221       15558         391       16159.325
       391015558000018       15558         391       2133.6522
       394000244000018         244         394       2133.6522
       397011176000018       11176         397       611.45833
       402019659000018       19659         402       6951.5833
       403001364000018        1364         403       14132.180
       406002461000018        2461         406       6951.5833
       408000340000018         340         408       3592.2195
       408000340000161         340         408       33465.659
       408019419000018       19419         408       14132.180
       409014527000018       14527         409       58266.056
       410001045000018        1045         410       22515.481
       411000870000018         870         411       14132.180
       411001592000018        1592         411       36506.491
       412001318000018        1318         412       22515.481
       414000069000463          69         414       16159.325
       414000069000339          69         414       16159.325
       414000069001379          69         414       16159.325
       414000069000018          69         414       611.45833
       414000253000018         253         414       6951.5833
       414000253000136         253         414       16159.325
       414011942000970       11942         414       16159.325
       414011942000018       11942         414       461.81250
       414011942000989       11942         414       33465.659
       415003831000018        3831         415       36506.491
       415005997000018        5997         415       58266.056
       416000670000018         670         416       6951.5833
       418001194000018        1194         418       14132.180
       419000285000018         285         419       3592.2195
       420002841000018        2841         420       2861.1667
       420002841000200        2841         420       16159.325
       420002884000018        2884         420       2861.1667
       420003650000018        3650         420       9174.2609
       421000074000018          74         421       611.45833
       421000074001225          74         421       16159.325
       421000074000970          74         421       33465.659
       421000074001135          74         421       33465.659
       422007168000397        7168         422       16159.325
       422007168000018        7168         422       2133.6522
       423004684000018        4684         423       33465.659
       424003714000018        3714         424       36506.491
       426000068000018          68         426       103.60000
       427000153000018         153         427       166.31818
       427000153001935         153         427       16159.325
       427000153002126         153         427       16159.325
       428002282000018        2282         428       22515.481
       428016657000234       16657         428       166.31818
       429000972000018         972         429       9174.2609
       429001845000018        1845         429       22515.481
       429018277000018       18277         429       58266.056
       430009201000018        9201         430       6951.5833
       430012226000018       12226         430       36506.491
       430014606000018       14606         430       36506.491
       431000561000018         561         431       3592.2195
       431002112000018        2112         431       14132.180
       432000642000018         642         432       9174.2609
       434000059000018          59         434       166.31818
       434000059002090          59         434       16159.325
       434000059002241          59         434       16159.325
       434000059002166          59         434       16159.325
       434000059002348          59         434       16159.325
       434000059001358          59         434       33465.659
       434002248000018        2248         434       22515.481
       435000385000131         385         435       16159.325
       435000385000018         385         435       2861.1667
       435002641000018        2641         435       14132.180
       436019597000018       19597         436       22515.481
       437007102000018        7102         437       14132.180
       438000596000018         596         438       6951.5833
       439000486000018         486         439       3592.2195
       439002336000018        2336         439       14132.180
       441003054000018        3054         441       22515.481
       441006929000018        6929         441       58266.056
       442009860000018        9860         442       58266.056
       446012026000018       12026         446       3592.2195
       447000144000018         144         447       103.60000
       447009470000018        9470         447       58266.056
       449002582000018        2582         449       9174.2609
       450001923000018        1923         450       611.45833
       450001923001520        1923         450       33465.659
       450001923000769        1923         450       16159.325
       450001923000755        1923         450       16159.325
       451000259000018         259         451       6951.5833
       456000448000018         448         456       6951.5833
       456020367000018       20367         456       9174.2609
       458000778000018         778         458       9174.2609
       458001049000018        1049         458       9174.2609
       458004110000018        4110         458       36506.491
       460000103000823         103         460       33465.659
       460000103000018         103         460       611.45833
       460000103000281         103         460       16159.325
       460001307000018        1307         460       9174.2609
       460004498000018        4498         460       36506.491
       461000254000018         254         461       3592.2195
       461001221000134        1221         461       33465.659
       462000131000751         131         462       33465.659
       462000131000018         131         462       461.81250
       462007081000018        7081         462       36506.491
       463007556000018        7556         463       33465.659
       464005034000018        5034         464       22515.481
       468008230000018        8230         468       58266.056
       468017617000018       17617         468       16159.325
       469003699000018        3699         469       3592.2195
       470000386000018         386         470       2861.1667
       471000191000018         191         471       166.31818
       471000191002121         191         471       10472.500
       471000191002034         191         471       16159.325
       471000191002118         191         471       16159.325
       471000191002317         191         471       16159.325
       471000191002123         191         471       16159.325
       471000191002216         191         471       33465.659
       471000191002330         191         471       33465.659
       471000191002039         191         471       33465.659
       471007270000018        7270         471       58266.056
       472002368000018        2368         472       22515.481
       474015886000018       15886         474       22515.481
       476000388000018         388         476       6951.5833
       477004694001050        4694         477       10472.500
       477004694000166        4694         477       611.45833
       477004694001438        4694         477       16159.325
       477004694001156        4694         477       16159.325
       477004694001341        4694         477       16159.325
       477005200000018        5200         477       6951.5833
       477018414000018       18414         477       33465.659
       479002440000018        2440         479       2133.6522
       480000064000018          64         480       166.31818
       480000064001431          64         480       16159.325
       480000064001418          64         480       16159.325
       480000064001699          64         480       16159.325
       480000064002452          64         480       16159.325
       480000064001702          64         480       33465.659
       480000064001785          64         480       33465.659
       480000064001436          64         480       58266.056
       480005161000018        5161         480       33465.659
       481000122001005         122         481       16159.325
       481000122000820         122         481       16159.325
       481000122000018         122         481       611.45833
       481001218000018        1218         481       14132.180
       481003182000018        3182         481       36506.491
       483002398000018        2398         483       36506.491
       486015592000018       15592         486       3592.2195
       486015985000018       15985         486       9174.2609
       492000336000018         336         492       3592.2195
       492000918000018         918         492       14132.180
       492000918000059         918         492       16159.325
       493011410000018       11410         493       22515.481
       494000307000018         307         494       3592.2195
       495002070000018        2070         495       14132.180
       495017171000018       17171         495       33465.659
       498020784000063       20784         498       33465.659
       498020784000018       20784         498       14132.180
       501011314000018       11314         501       14132.180
       503000237000520         237         503       16159.325
       503000237000018         237         503       2133.6522
       504012514005851       12514         504       3592.2195
       508000884000018         884         508       6951.5833
       508001713000018        1713         508       14132.180
       508002787000018        2787         508       22515.481
       509000182001506         182         509       16159.325
       509000182001398         182         509       16159.325
       509000182001379         182         509       16159.325
       509000182000018         182         509       461.81250
       509000182000761         182         509       33465.659
       509000210000018         210         509       2133.6522
       510000169000018         169         510       611.45833
       510000169000446         169         510       16159.325
       510000169000974         169         510       16159.325
       510000169000953         169         510       33465.659
       510000169000750         169         510       33465.659
