         513
     40000000000004416           0          40       47.085714
     40000001000034813           1          40       214.81739
     40000008000000042           8          40       214.81739
     40000012000000042          12          40       344.45128
     41000000000193589           0          41       344.45128
     41000000000517450           0          41       344.45128
     41000000000238964           0          41       214.81739
     41000000000137544           0          41       214.81739
     41000000000126508           0          41       366.11507
     41000000000195337           0          41       366.11507
     41000000000356634           0          41       366.11507
     41000000000129064           0          41       47.085714
     41000000000515971           0          41       47.085714
     41000000000034463           0          41       13.714286
     41000000000300150           0          41       29.066667
     41000000000453866           0          41       366.11507
     41000000000303944           0          41       214.81739
     41000000000588070           0          41       103.52941
     41000002000000042           2          41       29.066667
     41000002000000042           2          41       29.066667
     41000002000000042           2          41       29.066667
     41000003000000042           3          41       214.81739
     41000008000002820           8          41       103.52941
     41000029000000042          29          41       366.11507
     41000032000000042          32          41       366.11507
     42000000000166682           0          42       366.11507
     42000000001133214           0          42       366.11507
     42000000001137817           0          42       366.11507
     42000000000172384           0          42       214.81739
     42000000000218319           0          42       344.45128
     42000000000475041           0          42       344.45128
     42000000000953158           0          42       344.45128
     42000000000184412           0          42       103.52941
     42000000000771525           0          42       47.085714
     42000000000721616           0          42       344.45128
     42000000000721616           0          42       344.45128
     42000000000000042           0          42       29.066667
     42000000000000042           0          42       29.066667
     42000000000029608           0          42       29.066667
     42000000000377144           0          42       29.066667
     42000000000583184           0          42       29.066667
     42000000000505812           0          42       29.066667
     42000000000750314           0          42       13.714286
     42000000000481697           0          42       13.552941
     42000000000478499           0          42       13.552941
     42000000000478499           0          42       13.552941
     42000000000478499           0          42       13.552941
     42000000000492562           0          42       29.066667
     42000000000827912           0          42       214.81739
     42000000000577494           0          42       366.11507
     42000000000004490           0          42       214.81739
     42000000000787236           0          42       214.81739
     42000000000478499           0          42       13.552941
     42000000000609871           0          42       366.11507
     42000001000000618           1          42       47.085714
     42000003000000042           3          42       103.52941
     42000011000000042          11          42       366.11507
     43000000000130679           0          43       344.45128
     43000000000090272           0          43       214.81739
     43000000000095215           0          43       103.52941
     43000000000105723           0          43       103.52941
     43000000000105723           0          43       103.52941
     43000000000238707           0          43       366.11507
     43000000000000042           0          43       13.714286
     43000000000000042           0          43       13.714286
     43000001000013836           1          43       47.085714
     43000001000013836           1          43       47.085714
     43000027000000042          27          43       366.11507
     44000000000247349           0          44       366.11507
     44000000000075194           0          44       214.81739
     44000000000330263           0          44       214.81739
     44000000000854122           0          44       214.81739
     44000000000854122           0          44       214.81739
     44000000000861384           0          44       214.81739
     44000000000229109           0          44       47.085714
     44000000000573187           0          44       47.085714
     44000000000588271           0          44       47.085714
     44000000000588271           0          44       47.085714
     44000000000186902           0          44       13.714286
     44000000000186902           0          44       13.714286
     44000000000183499           0          44       366.11507
     44000000000118833           0          44       366.11507
     44000000000129373           0          44       214.81739
     44000000000000042           0          44       103.52941
     44000000000108658           0          44       103.52941
     44000000000318022           0          44       103.52941
     44000000000318022           0          44       103.52941
     44000000000260191           0          44       344.45128
     44000001000000042           1          44       47.085714
     44000001000004129           1          44       47.085714
     44000002000008758           2          44       366.11507
     44000005000000042           5          44       214.81739
     44000005000000042           5          44       214.81739
     44000006000000042           6          44       366.11507
     44000022000000042          22          44       366.11507
     45000000000179804           0          45       366.11507
     45000000000259052           0          45       366.11507
     45000000000403833           0          45       366.11507
     45000000000451622           0          45       366.11507
     45000000000099497           0          45       214.81739
     45000000000189302           0          45       214.81739
     45000000000128125           0          45       366.11507
     45000000000387294           0          45       47.085714
     45000000000000042           0          45       29.066667
     45000000000249801           0          45       13.552941
     45000000000202533           0          45       344.45128
     45000000000214750           0          45       103.52941
     45000001000019222           1          45       214.81739
     45000001000045246           1          45       366.11507
     45000006000000042           6          45       344.45128
     45000007000003142           7          45       366.11507
     45000009000000042           9          45       103.52941
     45000011000000042          11          45       344.45128
     45000011000001690          11          45       366.11507
     46000000000104788           0          46       366.11507
     46000000000086084           0          46       13.552941
     46000000000000042           0          46       29.066667
     46000000000034038           0          46       47.085714
     46000000000191954           0          46       344.45128
     46000000000213464           0          46       344.45128
     46000000000062399           0          46       103.52941
     46000001000000042           1          46       214.81739
     46000005000010712           5          46       366.11507
     46000012000000042          12          46       344.45128
     46000023000000042          23          46       366.11507
     47000000000173000           0          47       214.81739
     47000000000283244           0          47       344.45128
     47000000000277162           0          47       29.066667
     47000000000277162           0          47       29.066667
     47000000000000042           0          47       13.552941
     47000000000000042           0          47       13.552941
     47000001000000042           1          47       29.066667
     47000005000001203           5          47       344.45128
     47000006000000042           6          47       366.11507
     47000022000000042          22          47       366.11507
     47000075000000042          75          47       366.11507
     48000000000162028           0          48       366.11507
     48000000000095894           0          48       214.81739
     48000000000111930           0          48       214.81739
     48000000000169902           0          48       214.81739
     48000000000169902           0          48       214.81739
     48000000000183062           0          48       344.45128
     48000000000000042           0          48       13.552941
     48000000000045488           0          48       13.552941
     48000000000111131           0          48       214.81739
     48000000000108984           0          48       366.11507
     48000002000021533           2          48       366.11507
     48000006000000042           6          48       103.52941
     48000008000000042           8          48       214.81739
     48000015000000042          15          48       344.45128
     48000022000000042          22          48       366.11507
     48000040000000042          40          48       344.45128
     48000056000000042          56          48       366.11507
     49000000000151595           0          49       366.11507
     49000000000106867           0          49       344.45128
     49000000000036949           0          49       103.52941
     49000000000000042           0          49       13.714286
     49000000000000042           0          49       13.714286
     49000008000000042           8          49       344.45128
     49000008000003410           8          49       366.11507
     49000010000000042          10          49       366.11507
     49000019000000042          19          49       344.45128
     50000000000083137           0          50       103.52941
     50000000000110893           0          50       29.066667
     50000000000110893           0          50       29.066667
     50000000000000042           0          50       13.552941
     50000000000003745           0          50       47.085714
     50000000000083592           0          50       366.11507
     50000000000001090           0          50       366.11507
     50000000000067449           0          50       103.52941
     50000001000005510           1          50       103.52941
     50000002000004625           2          50       366.11507
     50000005000007380           5          50       214.81739
     50000012000000042          12          50       366.11507
     50000037000000042          37          50       366.11507
     50000038000000042          38          50       366.11507
     50000042000000042          42          50       366.11507
     51000000000574569           0          51       214.81739
     51000000000164136           0          51       366.11507
     51000000000020009           0          51       47.085714
     51000000000241820           0          51       47.085714
     51000000000176093           0          51       29.066667
     51000000000126746           0          51       103.52941
     51000000000398298           0          51       103.52941
     51000000000011805           0          51       47.085714
     51000000000152520           0          51       344.45128
     51000000000394502           0          51       344.45128
     51000000000400999           0          51       344.45128
     51000001000009453           1          51       366.11507
     51000003000000042           3          51       214.81739
     52000000000079512           0          52       214.81739
     52000000000000042           0          52       13.552941
     52000000000090278           0          52       344.45128
     52000000000058143           0          52       103.52941
     52000001000000042           1          52       13.552941
     52000001000000042           1          52       13.552941
     52000006000000042           6          52       47.085714
     52000024000000042          24          52       366.11507
     52000042000000042          42          52       366.11507
     53000000000215436           0          53       366.11507
     53000000000011842           0          53       366.11507
     53000000000000042           0          53       47.085714
     53000000000014561           0          53       13.552941
     53000000000097570           0          53       344.45128
     53000000000187594           0          53       214.81739
     53000000000187594           0          53       214.81739
     53000001000000042           1          53       29.066667
     53000006000000042           6          53       214.81739
     53000017000000042          17          53       214.81739
     53000020000000042          20          53       366.11507
     54000000000164917           0          54       366.11507
     54000000000000042           0          54       13.552941
     54000000000057431           0          54       103.52941
     54000000000080056           0          54       344.45128
     54000000000091867           0          54       344.45128
     54000004000000811           4          54       366.11507
     54000027000000042          27          54       344.45128
     55000000000054949           0          55       344.45128
     55000000000182685           0          55       344.45128
     55000000000185559           0          55       103.52941
     55000000000173966           0          55       13.714286
     55000000000000042           0          55       47.085714
     55000000000000042           0          55       47.085714
     55000000000083847           0          55       366.11507
     55000000000061533           0          55       214.81739
     55000000000192615           0          55       214.81739
     55000003000000768           3          55       366.11507
     55000008000000042           8          55       344.45128
     56000000000067743           0          56       29.066667
     56000000000067743           0          56       29.066667
     56000003000000042           3          56       103.52941
     56000004000000397           4          56       366.11507
     56000013000000042          13          56       344.45128
     56000032000000042          32          56       344.45128
     57000000000000042           0          57       13.714286
     57000000000000042           0          57       13.714286
     57000000000044997           0          57       366.11507
     57000000000116101           0          57       366.11507
     57000000000003211           0          57       47.085714
     57000000000003211           0          57       47.085714
     57000002000000042           2          57       103.52941
     57000006000000042           6          57       214.81739
     57000007000000042           7          57       366.11507
     57000009000000042           9          57       214.81739
     57000010000000042          10          57       344.45128
     58000000000197308           0          58       344.45128
     58000000000000042           0          58       13.714286
     58000005000000042           5          58       344.45128
     58000018000000042          18          58       366.11507
     58000030000000042          30          58       344.45128
     59000000000137296           0          59       344.45128
     59000000000031524           0          59       47.085714
     59000000000450735           0          59       47.085714
     59000000000318594           0          59       366.11507
     59000000000134289           0          59       366.11507
     59000000000177533           0          59       366.11507
     59000000000372647           0          59       366.11507
     59000000000411373           0          59       366.11507
     59000000000466066           0          59       366.11507
     59000000000163686           0          59       214.81739
     59000001000002285           1          59       366.11507
     59000001000031557           1          59       366.11507
     59000001000000042           1          59       29.066667
     59000001000020966           1          59       103.52941
     59000004000000042           4          59       344.45128
     59000037000000205          37          59       366.11507
     60000002000018698           2          60       103.52941
     60000007000000042           7          60       214.81739
     60000009000000042           9          60       366.11507
     60000022000000042          22          60       366.11507
     60000074000000042          74          60       366.11507
     61000000000065241           0          61       214.81739
     61000000000125740           0          61       214.81739
     61000000000560482           0          61       214.81739
     61000000000084471           0          61       366.11507
     61000000000236118           0          61       29.066667
     61000000000468149           0          61       29.066667
     61000000000515545           0          61       29.066667
     61000000000515545           0          61       29.066667
     61000000000521679           0          61       13.552941
     61000000000115448           0          61       103.52941
     61000000000457670           0          61       47.085714
     61000000000457670           0          61       47.085714
     61000000000648112           0          61       47.085714
     61000000000000042           0          61       29.066667
     61000000000078420           0          61       344.45128
     61000001000001209           1          61       103.52941
     61000001000002011           1          61       366.11507
     61000001000018163           1          61       366.11507
     61000004000000042           4          61       344.45128
     61000012000000042          12          61       344.45128
     62000000000032757           0          62       47.085714
     62000000000000042           0          62       29.066667
     62000000000030695           0          62       29.066667
     62000000000038878           0          62       29.066667
     62000000000004257           0          62       214.81739
     62000001000004096           1          62       214.81739
     62000002000000042           2          62       103.52941
     62000011000000266          11          62       366.11507
     62000085000000042          85          62       366.11507
     63000000000000042           0          63       47.085714
     63000000000187469           0          63       47.085714
     63000000000109801           0          63       344.45128
     63000001000011782           1          63       366.11507
     63000001000000042           1          63       29.066667
     63000001000000042           1          63       29.066667
     63000002000005469           2          63       344.45128
     63000003000000042           3          63       214.81739
     63000004000000042           4          63       366.11507
     63000010000000042          10          63       344.45128
     63000015000000042          15          63       366.11507
     64000000000000042           0          64       47.085714
     64000000000348341           0          64       103.52941
     64000000000348341           0          64       103.52941
     64000000000348341           0          64       103.52941
     64000000000349093           0          64       103.52941
     64000001000000042           1          64       103.52941
     64000001000000042           1          64       103.52941
     64000001000000042           1          64       103.52941
     64000002000000042           2          64       214.81739
     64000003000000042           3          64       214.81739
     64000007000000042           7          64       214.81739
     64000008000000042           8          64       103.52941
     64000013000000042          13          64       344.45128
     64000016000000042          16          64       344.45128
     65000000000172191           0          65       344.45128
     65000000000140216           0          65       13.552941
     65000000000013591           0          65       103.52941
     65000000000080799           0          65       366.11507
     65000000000080799           0          65       366.11507
     65000001000000042           1          65       29.066667
     65000003000000042           3          65       103.52941
     65000004000000042           4          65       103.52941
     65000007000000042           7          65       366.11507
     65000008000000042           8          65       366.11507
     65000009000000042           9          65       103.52941
     65000012000000042          12          65       366.11507
     65000013000000042          13          65       214.81739
     65000019000000042          19          65       366.11507
     65000020000000042          20          65       344.45128
     66000000000144913           0          66       47.085714
     66000000000000042           0          66       13.552941
     66000000000000042           0          66       13.552941
     66000000000114368           0          66       366.11507
     66000001000009554           1          66       344.45128
     66000004000000042           4          66       344.45128
     66000005000000042           5          66       344.45128
     66000012000000042          12          66       344.45128
     66000022000000042          22          66       366.11507
     66000066000000042          66          66       366.11507
     67000000000165265           0          67       214.81739
     67000000000118687           0          67       47.085714
     67000000000000042           0          67       13.714286
     67000000000000042           0          67       13.714286
     67000003000000042           3          67       103.52941
     67000009000000042           9          67       103.52941
     67000012000000042          12          67       366.11507
     68000000000337383           0          68       103.52941
     68000000000000042           0          68       13.552941
     68000000000271935           0          68       13.552941
     68000000000000042           0          68       13.552941
     68000000000271935           0          68       13.552941
     68000000000086423           0          68       47.085714
     68000000000326945           0          68       344.45128
     68000001000000042           1          68       103.52941
     68000002000000042           2          68       103.52941
     68000003000000904           3          68       344.45128
     68000005000000042           5          68       103.52941
     68000046000000042          46          68       366.11507
     69000000000096212           0          69       366.11507
     69000000000015892           0          69       103.52941
     69000000000070722           0          69       214.81739
     69000001000014560           1          69       344.45128
     69000001000000041           1          69       214.81739
     69000002000000042           2          69       103.52941
     69000010000000042          10          69       344.45128
     69000012000000042          12          69       214.81739
     69000014000000042          14          69       366.11507
     69000025000000042          25          69       366.11507
     69000049000000042          49          69       366.11507
     70000000000176779           0          70       366.11507
     70000000000177871           0          70       366.11507
     70000000000066287           0          70       47.085714
     70000000000021194           0          70       29.066667
     70000000000082310           0          70       103.52941
     70000000000071480           0          70       366.11507
     70000000000036750           0          70       13.552941
     70000002000000042           2          70       29.066667
     70000003000000042           3          70       103.52941
     70000022000000042          22          70       366.11507
     70000038000000042          38          70       366.11507
     71000000000029981           0          71       214.81739
     71000000000194901           0          71       366.11507
     71000000000027749           0          71       47.085714
     71000000000070768           0          71       47.085714
     71000000000153590           0          71       47.085714
     71000000000153590           0          71       47.085714
     71000000000240514           0          71       366.11507
     71000000000207195           0          71       103.52941
     71000000000274251           0          71       103.52941
     71000003000000042           3          71       344.45128
     71000005000003551           5          71       344.45128
     71000006000000042           6          71       344.45128
     71000039000000042          39          71       366.11507
     71000055000000042          55          71       366.11507
     72000000000000042           0          72       29.066667
     72000000000000042           0          72       29.066667
     72000000000000042           0          72       29.066667
     72000000000076473           0          72       366.11507
     72000000000052511           0          72       103.52941
     72000000000044734           0          72       214.81739
     72000001000002176           1          72       103.52941
     72000002000000042           2          72       103.52941
     72000004000000042           4          72       214.81739
     72000004000004385           4          72       344.45128
     72000007000000042           7          72       344.45128
     72000011000000042          11          72       103.52941
     72000012000000042          12          72       103.52941
     72000016000000042          16          72       366.11507
     72000020000000042          20          72       366.11507
     72000022000000042          22          72       344.45128
     72000024000000042          24          72       366.11507
     73000000000100276           0          73       366.11507
     73000000000112283           0          73       366.11507
     73000000000412172           0          73       366.11507
     73000000000000042           0          73       47.085714
     73000000000000042           0          73       47.085714
     73000000000009574           0          73       366.11507
     73000000000177113           0          73       366.11507
     73000000000003664           0          73       29.066667
     73000000000255169           0          73       29.066667
     73000010000003217          10          73       103.52941
     73000023000000485          23          73       366.11507
     74000000000083024           0          74       214.81739
     74000000000097634           0          74       344.45128
     74000001000000042           1          74       47.085714
     74000001000006035           1          74       47.085714
     74000001000000402           1          74       214.81739
     74000002000000042           2          74       214.81739
     74000002000001419           2          74       214.81739
     75000000000000042           0          75       13.552941
     75000000000073494           0          75       47.085714
     75000000000005128           0          75       29.066667
     75000000000059408           0          75       103.52941
     75000001000000042           1          75       103.52941
     75000001000021685           1          75       103.52941
     75000003000011050           3          75       366.11507
     75000013000000426          13          75       366.11507
     75000025000000042          25          75       366.11507
     76000000000141898           0          76       366.11507
     76000000000010371           0          76       13.552941
     76000000000000042           0          76       13.552941
     76000000000000042           0          76       13.552941
     76000000000012521           0          76       29.066667
     76000000000260856           0          76       47.085714
     76000000000078625           0          76       344.45128
     76000000000239645           0          76       366.11507
     76000000000256844           0          76       366.11507
     76000000000258158           0          76       366.11507
     76000000000125172           0          76       103.52941
     76000000000236237           0          76       103.52941
     76000001000000042           1          76       214.81739
     76000008000000042           8          76       366.11507
     76000008000000042           8          76       366.11507
     76000008000007449           8          76       344.45128
     76000017000000042          17          76       214.81739
     76000024000000042          24          76       344.45128
     77000000000040072           0          77       47.085714
     77000000000000042           0          77       29.066667
     77000000000000042           0          77       29.066667
     77000000000012233           0          77       13.552941
     77000000000042389           0          77       214.81739
     77000005000000042           5          77       366.11507
     77000006000000042           6          77       344.45128
     77000031000000042          31          77       366.11507
     77000062000000042          62          77       366.11507
     78000000000291685           0          78       366.11507
     78000000000034176           0          78       214.81739
     78000000000387682           0          78       47.085714
     78000000000150262           0          78       47.085714
     78000000000337507           0          78       29.066667
     78000000000337507           0          78       29.066667
     78000002000002155           2          78       366.11507
     78000003000000042           3          78       47.085714
     78000004000000042           4          78       344.45128
     78000011000000042          11          78       344.45128
     78000030000000042          30          78       366.11507
     79000000000071042           0          79       366.11507
     79000000000236449           0          79       344.45128
     79000000000220285           0          79       47.085714
     79000000000220285           0          79       47.085714
     79000000000000042           0          79       29.066667
     79000001000000042           1          79       47.085714
     79000002000000042           2          79       366.11507
     79000005000000042           5          79       103.52941
     79000008000000042           8          79       344.45128
     79000015000000042          15          79       366.11507
     79000045000000042          45          79       366.11507
     79000109000000042         109          79       366.11507
     80000000000149787           0          80       366.11507
     80000000000152458           0          80       366.11507
     80000000000178372           0          80       366.11507
     80000000000222101           0          80       366.11507
     80000000000245273           0          80       366.11507
     80000000000062080           0          80       103.52941
     80000000000281292           0          80       344.45128
     80000000000158331           0          80       47.085714
     80000000000099817           0          80       13.552941
     80000000000201586           0          80       13.552941
     80000000000201586           0          80       13.552941
     80000030000000042          30          80       344.45128
     80000033000000042          33          80       366.11507
     80000063000000042          63          80       366.11507
