        1013
              13000022          13           0       89.400000
              13001071          13           0       18520.482
              13001050          13           0       18520.482
              13000993          13           0       18520.482
              13000986          13           0       18520.482
              16000432          16           0       18520.482
              16000514          16           0       18520.482
              16000522          16           0       41332.139
              16000022          16           0       302.50000
              16000391          16           0       14001.079
              16000507          16           0       14001.079
            8711000022        8711           0       41332.139
         3004050000022        4050           3       41332.139
         4000046000271          46           4       18520.482
         4000046000292          46           4       14001.079
         4000046000022          46           4       896.66667
         4000770000022         770           4       8708.7755
         5008711000022        8711           5       18520.482
         6000095000468          95           6       41332.139
         6000095000326          95           6       14001.079
         6000095000022          95           6       3820.6842
        10000026000022          26          10       68.866667
        10000026002032          26          10       14001.079
        10000026002017          26          10       18520.482
        10000026002036          26          10       18520.482
        11000176000022         176          11       2484.5152
        11004120000022        4120          11       35117.965
        11020838000022       20838          11       35117.965
        13000087000022          87          13       2403.9474
        13000087000135          87          13       14001.079
        13003024000022        3024          13       35117.965
        13003142000022        3142          13       41332.139
        14012099000022       12099          14       22335.889
        15009720000139        9720          15       18520.482
        15009720000022        9720          15       2484.5152
        15009851000022        9851          15       5931.0476
        15009851000083        9851          15       14001.079
        15012821000022       12821          15       35117.965
        16001495000022        1495          16       22335.889
        16014030000022       14030          16       22335.889
        17000452000022         452          17       8708.7755
        17014115001456       14115          17       14001.079
        17014115001777       14115          17       14001.079
        17014115001867       14115          17       14001.079
        17014115001976       14115          17       14628.677
        17014115000022       14115          17       89.400000
        17014115001459       14115          17       18520.482
        17014115001834       14115          17       18520.482
        17014115001842       14115          17       18520.482
        17014115001854       14115          17       18520.482
        17014115001732       14115          17       18520.482
        17014115001748       14115          17       18520.482
        17014115001764       14115          17       18520.482
        17015128000022       15128          17       8708.7755
        18001206000022        1206          18       896.66667
        18001206000435        1206          18       18520.482
        18002716000022        2716          18       8708.7755
        20006296000910        6296          20       14001.079
        20006296000022        6296          20       600.00000
        20006427000022        6427          20       5931.0476
        20006755000022        6755          20       5931.0476
        20006755000091        6755          20       18520.482
        21000752000022         752          21       5931.0476
        22003432002533        3432          22       2484.5152
        22004138000022        4138          22       15404.021
        23003404000022        3404          23       2403.9474
        25005417000022        5417          25       68.866667
        25005417002102        5417          25       10603.500
        25005417001995        5417          25       14001.079
        25005417001989        5417          25       14001.079
        25005417002104        5417          25       18520.482
        25005837000022        5837          25       5931.0476
        27000110000022         110          27       302.50000
        27000110000874         110          27       14628.677
        27000110001442         110          27       18520.482
        27000110000971         110          27       18520.482
        27000469000022         469          27       5931.0476
        32017619024143       17619          32       8708.7755
        34002895000022        2895          34       41332.139
        34010684000110       10684          34       18520.482
        34010684000121       10684          34       14001.079
        34010684000022       10684          34       3820.6842
        35013555000035       13555          35       41332.139
        36007295000299        7295          36       18520.482
        36007295000315        7295          36       18520.482
        36007295000357        7295          36       18520.482
        36007295000022        7295          36       2403.9474
        36007295000301        7295          36       14001.079
        37017405000022       17405          37       18520.482
        40000140000022         140          40       8708.7755
        40008320000022        8320          40       3820.6842
        41010006000022       10006          41       600.00000
        41010006000518       10006          41       14001.079
        41010006000683       10006          41       18520.482
        41010012000022       10012          41       2403.9474
        42008684000022        8684          42       15404.021
        46002981000022        2981          46       8708.7755
        47008204000022        8204          47       41332.139
        47023680001553       23680          47       18520.482
        47023680001166       23680          47       18520.482
        47023680001163       23680          47       14001.079
        47023680000022       23680          47       89.400000
        49011757000022       11757          49       89.400000
        51002067000022        2067          51       35117.965
        51002561000022        2561          51       22335.889
        51018172000022       18172          51       302.50000
        51018172000817       18172          51       14001.079
        51018172000771       18172          51       14001.079
        51018172001193       18172          51       14001.079
        54000588000022         588          54       8708.7755
        55003657000022        3657          55       41332.139
        56000046000022          46          56       3820.6842
        56013741000022       13741          56       22335.889
        57012947000022       12947          57       2403.9474
        57012947000471       12947          57       14001.079
        59000135000022         135          59       600.00000
        59000135000323         135          59       18520.482
        59000135000243         135          59       18520.482
        59000135000307         135          59       18520.482
        59000135000428         135          59       18520.482
        59000135000853         135          59       18520.482
        59000191000236         191          59       18520.482
        59000191000022         191          59       2484.5152
        59000191000232         191          59       14001.079
        59007661000022        7661          59       41332.139
        60006926000022        6926          60       14001.079
        61007600000022        7600          61       22335.889
        62012953000022       12953          62       35117.965
        63000092001489          92          63       18520.482
        63000092001631          92          63       18520.482
        63000092000022          92          63       89.400000
        63012035000170       12035          63       8708.7755
        63012035000212       12035          63       18520.482
        65002225000022        2225          65       18520.482
        65002225000036        2225          65       14001.079
        66003177000109        3177          66       14001.079
        66003177000022        3177          66       3820.6842
        67003903000022        3903          67       18520.482
        68001891000022        1891          68       35117.965
        68010120002795       10120          68       18520.482
        68010120002785       10120          68       18520.482
        68010120002758       10120          68       18520.482
        68010120000022       10120          68       68.866667
        69000024003481          24          69       14001.079
        69000024003504          24          69       14001.079
        70000213000022         213          70       3820.6842
        70001735000022        1735          70       22335.889
        71015167000022       15167          71       18520.482
        72019725000022       19725          72       41332.139
        73000083000567          83          73       18520.482
        73000083000955          83          73       18520.482
        73000083000022          83          73       896.66667
        73000083001217          83          73       14001.079
        73000083001418          83          73       14001.079
        75000313000022         313          75       3820.6842
        75000313000201         313          75       18520.482
        75016322000022       16322          75       22335.889
        75017125000022       17125          75       35117.965
        76018340000022       18340          76       5931.0476
        77001739000022        1739          77       15404.021
        77013261000022       13261          77       18520.482
        78000146001643         146          78       8708.7755
        78004857000022        4857          78       41332.139
        78020458000022       20458          78       15404.021
        79007562000022        7562          79       18520.482
        79016130000453       16130          79       41332.139
        79016130000303       16130          79       14001.079
        79016130000586       16130          79       14001.079
        79016130000022       16130          79       600.00000
        79016131000022       16131          79       89.400000
        79016131002628       16131          79       14001.079
        79016131002443       16131          79       41332.139
        79016131002710       16131          79       18520.482
        79016131001986       16131          79       18520.482
        79016131001977       16131          79       18520.482
        79016131001961       16131          79       18520.482
        80000158000022         158          80       3820.6842
        81015283000022       15283          81       18520.482
        82005187000022        5187          82       35117.965
        82013209000022       13209          82       18520.482
        83021150000022       21150          83       41332.139
        84000943000108         943          84       35117.965
        84018810000022       18810          84       41332.139
        86000277000022         277          86       3820.6842
        87000088000022          88          87       302.50000
        87000088000862          88          87       14628.677
        87000088000879          88          87       14628.677
        87000088000852          88          87       14001.079
        87000088000873          88          87       18520.482
        87000088001031          88          87       18520.482
        87001730000022        1730          87       15404.021
        89006800000022        6800          89       22335.889
        90001129006919        1129          90       896.66667
        91003502000022        3502          91       22335.889
        91008248000022        8248          91       18520.482
        93001122000022        1122          93       8708.7755
        94000187000022         187          94       2484.5152
        95000245000022         245          95       3820.6842
        96000056001535          56          96       35117.965
        97001559000022        1559          97       15404.021
        97018901000506       18901          97       14001.079
        97018901000022       18901          97       896.66667
        97018901002190       18901          97       18520.482
        97020108000022       20108          97       22335.889
        98000985000022         985          98       15404.021
        98002014000022        2014          98       22335.889
        98016441000022       16441          98       8708.7755
        98016844000022       16844          98       8708.7755
       100000085000022          85         100       3820.6842
       100018215000022       18215         100       8708.7755
       100018801000022       18801         100       22335.889
       100019383000861       19383         100       18520.482
       100019383000106       19383         100       600.00000
       100019383000754       19383         100       14628.677
       100019383001032       19383         100       14001.079
       100019383000796       19383         100       10603.500
       103002616000022        2616         103       35117.965
       104000106000507         106         104       2403.9474
       104020800000022       20800         104       15404.021
       105015237000022       15237         105       41332.139
       106005014000022        5014         106       35117.965
       107000189000489         189         107       14628.677
       107000189000552         189         107       14628.677
       107000189000370         189         107       2484.5152
       107003031000022        3031         107       22335.889
       109006243000022        6243         109       41332.139
       109019127000022       19127         109       3820.6842
       114016803000022       16803         114       35117.965
       115012798000022       12798         115       5931.0476
       118000094000022          94         118       896.66667
       118000094000219          94         118       14001.079
       118000278000022         278         118       5931.0476
       118002012000022        2012         118       41332.139
       119001421000022        1421         119       15404.021
       121000086002318          86         121       14001.079
       121000086002341          86         121       14001.079
       121000086002334          86         121       14001.079
       121000086000022          86         121       68.866667
       121000086002368          86         121       41332.139
       121000086002303          86         121       18520.482
       121000086002347          86         121       18520.482
       121000086002344          86         121       18520.482
       121000086002321          86         121       18520.482
       121001304000022        1304         121       22335.889
       121013039000022       13039         121       41332.139
       122002851000022        2851         122       22335.889
       124009859000022        9859         124       3820.6842
       125001033000022        1033         125       35117.965
       125010300000022       10300         125       896.66667
       126003740036800        3740         126       15404.021
       126029349000022       29349         126       35117.965
       127000146000756         146         127       14001.079
       127000146000022         146         127       600.00000
       128000003000022           3         128       89.400000
       128000003001624           3         128       14001.079
       128000003001451           3         128       14001.079
       128000003001443           3         128       14001.079
       128000003001341           3         128       14628.677
       128000003001743           3         128       14628.677
       128000003001340           3         128       18520.482
       128000003001922           3         128       18520.482
       128000003002275           3         128       18520.482
       128010908000022       10908         128       35117.965
       129000023001585          23         129       41332.139
       129000023002831          23         129       18520.482
       129000023002849          23         129       18520.482
       129000023002005          23         129       14628.677
       129000023001987          23         129       14001.079
       129000023001582          23         129       14001.079
       129000023002807          23         129       14001.079
       129000023000022          23         129       68.866667
       131003571000022        3571         131       2403.9474
       131006202000022        6202         131       35117.965
       131007583000022        7583         131       18520.482
       132000206000148         206         132       18520.482
       132000206000022         206         132       2484.5152
       133000108000022         108         133       896.66667
       133000108000258         108         133       14001.079
       134000141000022         141         134       5931.0476
       134001763000022        1763         134       41332.139
       135015562000022       15562         135       18520.482
       137010707000022       10707         137       41332.139
       137013083000022       13083         137       41332.139
       138000517000851         517         138       18520.482
       138000517000022         517         138       302.50000
       138001418000022        1418         138       15404.021
       142000057007314          57         142       2484.5152
       144005574000022        5574         144       18520.482
       144009960000285        9960         144       18520.482
       144009960000289        9960         144       18520.482
       144009960000022        9960         144       896.66667
       144009994000022        9994         144       600.00000
       144009994000515        9994         144       14001.079
       144010875000022       10875         144       22335.889
       145006542000022        6542         145       35117.965
       150000096001260          96         150       18520.482
       150000096001195          96         150       10603.500
       150000096001583          96         150       14001.079
       150000096002012          96         150       14001.079
       151000148000877         148         151       14001.079
       151000148000622         148         151       18520.482
       151000149002532         149         151       18520.482
       151000149001094         149         151       18520.482
       151000149002200         149         151       14001.079
       151000149002497         149         151       14001.079
       151000149002513         149         151       14001.079
       151000149001166         149         151       14001.079
       151000149000022         149         151       89.400000
       151005778000022        5778         151       14001.079
       152000070002168          70         152       14001.079
       152000070001659          70         152       14001.079
       152000070000022          70         152       89.400000
       153000583000022         583         153       8708.7755
       153000583000064         583         153       14628.677
       153016367000231       16367         153       14001.079
       153016367000227       16367         153       14001.079
       153016367000022       16367         153       2403.9474
       154012923000022       12923         154       5931.0476
       154012923000076       12923         154       14001.079
       155012204001888       12204         155       14001.079
       155012204001863       12204         155       14001.079
       155012204001856       12204         155       14001.079
       155012204001738       12204         155       14628.677
       155012204000022       12204         155       89.400000
       156001117000022        1117         156       35117.965
       156009183002241        9183         156       41332.139
       156009183002230        9183         156       18520.482
       156009183002526        9183         156       18520.482
       156009183000022        9183         156       89.400000
       157000117000022         117         157       896.66667
       157000117000349         117         157       14001.079
       157000117000574         117         157       18520.482
       157000117000688         117         157       18520.482
       157000117000337         117         157       18520.482
       157000642000022         642         157       22335.889
       158004394000208        4394         158       14001.079
       158004394000022        4394         158       3820.6842
       159000802000022         802         159       8708.7755
       159018721000022       18721         159       18520.482
       160000085000022          85         160       896.66667
       162001026000022        1026         162       15404.021
       162001094000022        1094         162       8708.7755
       162020954000022       20954         162       8708.7755
       164000093000022          93         164       2403.9474
       164000093000486          93         164       14001.079
       164015387000022       15387         164       35117.965
       165000349000187         349         165       35117.965
       166001076000022        1076         166       41332.139
       166001076000040        1076         166       41332.139
       167000910000022         910         167       35117.965
       167009716000022        9716         167       5931.0476
       169000243000022         243         169       2484.5152
       169002749000022        2749         169       22335.889
       170003389000022        3389         170       22335.889
       171004048000251        4048         171       18520.482
       171004048000287        4048         171       18520.482
       171004048000022        4048         171       2484.5152
       171004947000022        4947         171       8708.7755
       171004947000109        4947         171       18520.482
       172000369013582         369         172       35117.965
       172004592000022        4592         172       35117.965
       172007291000022        7291         172       18520.482
       173000065000354          65         173       68.866667
       174003059000022        3059         174       22335.889
       176000041002884          41         176       15404.021
       176000162000022         162         176       15404.021
       178015158000808       15158         178       2403.9474
       179000095000022          95         179       302.50000
       179000095002421          95         179       302.50000
       179000095003577          95         179       14001.079
       179000095001013          95         179       14001.079
       179000095000996          95         179       14001.079
       179000095001009          95         179       18520.482
       179000095001088          95         179       18520.482
       179000095002136          95         179       18520.482
       179000095003003          95         179       18520.482
       179000095002941          95         179       41332.139
       179000095002190          95         179       41332.139
       180000067000496          67         180       14001.079
       180000067000333          67         180       14001.079
       180000067001610          67         180       14001.079
       180000067000489          67         180       14001.079
       180000067001596          67         180       14628.677
       180000067000022          67         180       600.00000
       181000377000022         377         181       5931.0476
       181023288000022       23288         181       15404.021
       182000975000022         975         182       8708.7755
       182001636000022        1636         182       15404.021
       183013234000022       13234         183       35117.965
       183017319000022       17319         183       41332.139
       183017917000022       17917         183       18520.482
       184012629001172       12629         184       18520.482
       184012629001183       12629         184       18520.482
       184012629001131       12629         184       18520.482
       184012629001671       12629         184       18520.482
       184012629001096       12629         184       41332.139
       184012629001197       12629         184       14001.079
       184012629001242       12629         184       14001.079
       184012629001140       12629         184       14001.079
       184012629000956       12629         184       14001.079
       184012629000022       12629         184       302.50000
       185015304000022       15304         185       302.50000
       185015304002147       15304         185       14001.079
       185015304001160       15304         185       18520.482
       186000371000065         371         186       41332.139
       186000371000022         371         186       5931.0476
       187000174006418         174         187       14001.079
       187000174006399         174         187       35117.965
       188004152000095        4152         188       14001.079
       188004152000022        4152         188       5931.0476
       189002565000022        2565         189       8708.7755
       193001682000022        1682         193       22335.889
       196016938000022       16938         196       35117.965
       197000086000022          86         197       896.66667
       197023180000022       23180         197       35117.965
       198000095000022          95         198       302.50000
       198000095001555          95         198       14001.079
       198000095002058          95         198       14001.079
       198000095001187          95         198       14001.079
       198000095001191          95         198       14628.677
       198002159000022        2159         198       22335.889
       198003222000022        3222         198       35117.965
       200003783000022        3783         200       41332.139
       200004357000022        4357         200       41332.139
       201001284000022        1284         201       22335.889
       202000057031404          57         202       2403.9474
       203002041000022        2041         203       22335.889
       204000466000022         466         204       8708.7755
       204011663040927       11663         204       3820.6842
       205000104000022         104         205       68.866667
       205000104002185         104         205       14001.079
       205000104002174         104         205       14001.079
       205000104002332         104         205       18520.482
       205000104002213         104         205       18520.482
       205000104002175         104         205       18520.482
       205000104002321         104         205       18520.482
       205000104002194         104         205       18520.482
       205000104002193         104         205       18520.482
       205000104002186         104         205       18520.482
       205000455000022         455         205       3820.6842
       206000459000022         459         206       3820.6842
       207000176000022         176         207       896.66667
       207001591000022        1591         207       15404.021
       210008759000071        8759         210       14001.079
       210008759000022        8759         210       35117.965
       211008940000336        8940         211       18520.482
       211008940000332        8940         211       14628.677
       211008940000345        8940         211       14001.079
       211008940000022        8940         211       896.66667
       212000062000022          62         212       600.00000
       213000175000022         175         213       896.66667
       213014644000022       14644         213       89.400000
       213014644002187       14644         213       14628.677
       213014644002919       14644         213       14628.677
       213014644001840       14644         213       14001.079
       213014644002191       14644         213       18520.482
       213014644002478       14644         213       18520.482
       213014644003179       14644         213       18520.482
       213014644003199       14644         213       18520.482
       213014644003220       14644         213       18520.482
       213014644002015       14644         213       18520.482
       213014644002007       14644         213       18520.482
       213014644001967       14644         213       18520.482
       213014644003086       14644         213       41332.139
       215006973000185        6973         215       18520.482
       215006973000206        6973         215       18520.482
       215006973000022        6973         215       2484.5152
       216011562000022       11562         216       41332.139
       217000189000022         189         217       5931.0476
       218002017000022        2017         218       41332.139
       218005495029276        5495         218       15404.021
       218005575000022        5575         218       2403.9474
       218005871000022        5871         218       5931.0476
       218029566005014       29566         218       2403.9474
       219021417000061       21417         219       2484.5152
       219021417000171       21417         219       14001.079
       221005473000022        5473         221       896.66667
       222000113000022         113         222       2484.5152
       222004332000022        4332         222       3820.6842
       222004332000115        4332         222       18520.482
       222007137000022        7137         222       35117.965
       222007137000046        7137         222       14001.079
       223000338000022         338         223       2484.5152
       223000738000022         738         223       8708.7755
       223002277000022        2277         223       15404.021
       223009877000022        9877         223       18520.482
       223021332000022       21332         223       14001.079
       228006112000103        6112         228       41332.139
       229000480000022         480         229       41332.139
       230002872000331        2872         230       18520.482
       230002872000329        2872         230       14001.079
       230002872000022        2872         230       896.66667
       230005580000022        5580         230       22335.889
       231001044007160        1044         231       18520.482
       231001044007257        1044         231       18520.482
       231001044007291        1044         231       18520.482
       231001044007295        1044         231       18520.482
       231001044007342        1044         231       18520.482
       231001044006258        1044         231       89.400000
       231001044007151        1044         231       14001.079
       231001044007147        1044         231       14628.677
       231001044007158        1044         231       14628.677
       231001075000022        1075         231       600.00000
       231004974000022        4974         231       35117.965
       232000078006646          78         232       2484.5152
       232000090000022          90         232       896.66667
       232000090000525          90         232       14628.677
       232000090000418          90         232       14001.079
       232000090000448          90         232       18520.482
       232001904000062        1904         232       18520.482
       232001904000022        1904         232       15404.021
       233022799001964       22799         233       14001.079
       233022799000022       22799         233       89.400000
       233022799001228       22799         233       18520.482
       233022799001214       22799         233       18520.482
       233022799001971       22799         233       18520.482
       233022799001229       22799         233       35117.965
       233022799001217       22799         233       41332.139
       234016480000022       16480         234       3820.6842
       234016480000107       16480         234       14001.079
       234017440000022       17440         234       35117.965
       235001207000022        1207         235       35117.965
       235001207000045        1207         235       18520.482
       235001207000059        1207         235       18520.482
       235014928000022       14928         235       15404.021
       237000887000022         887         237       15404.021
       239000176001141         176         239       5931.0476
       240014739000022       14739         240       35117.965
       241008849000022        8849         241       89.400000
       241008849001914        8849         241       14001.079
       241008849001926        8849         241       14001.079
       241009869000022        9869         241       22335.889
       242000075001242          75         242       18520.482
       242000075002434          75         242       18520.482
       242000075001305          75         242       14001.079
       242000075001098          75         242       14001.079
       242000075000022          75         242       89.400000
       245000137000022         137         245       18520.482
       245000824000022         824         245       5931.0476
       246002461000022        2461         246       89.400000
       246002461002034        2461         246       14001.079
       246002461002578        2461         246       14001.079
       246002461003073        2461         246       14628.677
       246002461002294        2461         246       18520.482
       246002461002313        2461         246       18520.482
       246002461002056        2461         246       18520.482
       246002461002044        2461         246       18520.482
       246002461001842        2461         246       18520.482
       246002461001838        2461         246       18520.482
       246003466000022        3466         246       8708.7755
       247000148000022         148         247       68.866667
       247000203000022         203         247       896.66667
       247000203000631         203         247       18520.482
       247000669000022         669         247       5931.0476
       249002618000022        2618         249       41332.139
       250009674000022        9674         250       15404.021
       250012894000022       12894         250       41332.139
       253000749000022         749         253       15404.021
       254000164000202         164         254       14001.079
       254000164000022         164         254       896.66667
       255000451000022         451         255       5931.0476
       257002398000022        2398         257       22335.889
       258001312000022        1312         258       8708.7755
       261007680000022        7680         261       8708.7755
       261009066000022        9066         261       22335.889
       262000270000056         270         262       18520.482
       262000270000022         270         262       8708.7755
       262009312000022        9312         262       302.50000
       262009312001042        9312         262       14001.079
       262009312000924        9312         262       14628.677
       262009312001108        9312         262       18520.482
       262009312001037        9312         262       18520.482
       262009312000927        9312         262       18520.482
       262011907000600       11907         262       600.00000
       262013203000022       13203         262       41332.139
       263001909000022        1909         263       5931.0476
       263003936000022        3936         263       41332.139
       263022683002115       22683         263       41332.139
       263022683001357       22683         263       18520.482
       263022683001683       22683         263       18520.482
       263022683001853       22683         263       18520.482
       263022683002724       22683         263       18520.482
       263022683000022       22683         263       89.400000
       263022683001402       22683         263       14628.677
       263022683002734       22683         263       14001.079
       263022683001353       22683         263       14001.079
       264000037000040          37         264       18520.482
       264000037000022          37         264       41332.139
       264013048000047       13048         264       35117.965
       265000046002372          46         265       5931.0476
       268003679000022        3679         268       35117.965
       270015101000022       15101         270       41332.139
       273006040000022        6040         273       14001.079
       275005998000022        5998         275       2484.5152
       275006676000022        6676         275       15404.021
       277000086001323          86         277       3820.6842
       277021296000022       21296         277       15404.021
       279013811000022       13811         279       22335.889
       280007841000022        7841         280       41332.139
       281000062000814          62         281       18520.482
       281000062000795          62         281       18520.482
       281000062000910          62         281       18520.482
       281000062000022          62         281       302.50000
       282005201000022        5201         282       2484.5152
       283006464000022        6464         283       35117.965
       284000103001660         103         284       41332.139
       284000103001640         103         284       18520.482
       284000103001626         103         284       18520.482
       284000103001619         103         284       18520.482
       284000103000022         103         284       68.866667
       284000103001607         103         284       14001.079
       284000103001677         103         284       14001.079
       284008257007792        8257         284       14001.079
       284008257007715        8257         284       14001.079
       284008257007894        8257         284       14001.079
       284008257005937        8257         284       89.400000
       284008257007759        8257         284       18520.482
       288000154000134         154         288       18520.482
       288000154000022         154         288       2484.5152
       289004299000022        4299         289       22335.889
       290000054001701          54         290       18520.482
       290000054001685          54         290       18520.482
       290000054001675          54         290       18520.482
       290000054001662          54         290       18520.482
       290000054001889          54         290       18520.482
       290000054000022          54         290       68.866667
       290000054001703          54         290       14628.677
       290000054001887          54         290       14001.079
       290002913000022        2913         290       35117.965
       291000049003518          49         291       2484.5152
       291003251000022        3251         291       3820.6842
       291004257000022        4257         291       8708.7755
       291008022000022        8022         291       41332.139
       292000028000514          28         292       18520.482
       292000028000022          28         292       600.00000
       292002262000022        2262         292       2484.5152
       292002262000180        2262         292       18520.482
       293000388000022         388         293       5931.0476
       296003966000396        3966         296       2484.5152
       297012929000022       12929         297       18520.482
       298000082000022          82         298       2484.5152
       300003567007497        3567         300       5931.0476
       303001614000022        1614         303       41332.139
       303008615000022        8615         303       35117.965
       304003504000022        3504         304       35117.965
       305002258000022        2258         305       22335.889
       305023872000894       23872         305       18520.482
       305023872000773       23872         305       3820.6842
       306027111000022       27111         306       2484.5152
       306027111000259       27111         306       18520.482
       307007893000022        7893         307       41332.139
       309001079000022        1079         309       600.00000
       309001079000621        1079         309       10603.500
       309001080006179        1080         309       3820.6842
       310000076000022          76         310       89.400000
       310000076001880          76         310       14001.079
       310000076001878          76         310       14001.079
       310000076002415          76         310       14001.079
       310000076003531          76         310       14001.079
       310000076004055          76         310       14001.079
       310000076002227          76         310       18520.482
       311025869000022       25869         311       5931.0476
       313009937000022        9937         313       302.50000
       313009937000940        9937         313       18520.482
       313009937001956        9937         313       18520.482
       313009937000852        9937         313       18520.482
       314001697000022        1697         314       22335.889
       314008685000022        8685         314       18520.482
       315005290000022        5290         315       18520.482
       317000136000906         136         317       18520.482
       317000136000975         136         317       18520.482
       317000136001270         136         317       14001.079
       317000136000022         136         317       302.50000
       318014731000036       14731         318       3820.6842
       319000121000022         121         319       68.866667
       319002432000039        2432         319       14001.079
       319002432000022        2432         319       35117.965
       320001358000022        1358         320       8708.7755
       320005226000022        5226         320       35117.965
       321014171000022       14171         321       18520.482
       323000058001659          58         323       2403.9474
       323000103000022         103         323       8708.7755
       324014753000022       14753         324       5931.0476
       325000086000022          86         325       3820.6842
       325010297000022       10297         325       3820.6842
       326014374000022       14374         326       22335.889
       328009490000022        9490         328       18520.482
       328011816020289       11816         328       14001.079
       328011816019934       11816         328       14001.079
       328011816018484       11816         328       68.866667
       328016575000022       16575         328       35117.965
       330002445000022        2445         330       22335.889
       331001689001143        1689         331       2484.5152
       331003779000022        3779         331       22335.889
       334000065000022          65         334       89.400000
       334000065002252          65         334       14001.079
       334000065002241          65         334       14001.079
       334000065002130          65         334       14628.677
       334000086000492          86         334       15404.021
       335005083000022        5083         335       15404.021
       336000526000094         526         336       14001.079
       336000526000022         526         336       5931.0476
       337000109000114         109         337       68.866667
       337000109002342         109         337       14001.079
       337000109002337         109         337       14001.079
       337000109002885         109         337       18520.482
       337000109002882         109         337       18520.482
       337000109002331         109         337       18520.482
       337000109002905         109         337       41332.139
       337000208000022         208         337       2484.5152
       337000243000022         243         337       2484.5152
       337000243000159         243         337       18520.482
       337017999000022       17999         337       8708.7755
       339019080000022       19080         339       22335.889
       341000395000022         395         341       3820.6842
       343017953000022       17953         343       35117.965
       344000067001161          67         344       2484.5152
       344000210000022         210         344       3820.6842
       344000210000112         210         344       14001.079
       344000210000107         210         344       14628.677
       345000448000087         448         345       14001.079
       345000448000022         448         345       5931.0476
       345008110001103        8110         345       14001.079
       345008110000611        8110         345       18520.482
       345008110000499        8110         345       14001.079
       345008110000649        8110         345       41332.139
       345008110000486        8110         345       18520.482
       348000848000021         848         348       22335.889
       348004569000093        4569         348       22335.889
       350000105001648         105         350       18520.482
       350000105000022         105         350       89.400000
       350009992000022        9992         350       3820.6842
       351000180000022         180         351       896.66667
       351000180000333         180         351       41332.139
       351000446000022         446         351       8708.7755
       352000792000022         792         352       8708.7755
       356001581000022        1581         356       35117.965
       356014669002630       14669         356       2403.9474
       357019842000022       19842         357       89.400000
       357019842002098       19842         357       14001.079
       357019842003132       19842         357       14001.079
       357019842003634       19842         357       14001.079
       357019842002286       19842         357       14001.079
       357019842002090       19842         357       18520.482
       357019842002158       19842         357       18520.482
       357019842002099       19842         357       18520.482
       357019842002292       19842         357       18520.482
       357019842002738       19842         357       18520.482
       357019842002761       19842         357       18520.482
       357019842002936       19842         357       18520.482
       357019842002268       19842         357       18520.482
       358000094001244          94         358       18520.482
       358000094001428          94         358       18520.482
       358000094001665          94         358       18520.482
       358000094001781          94         358       18520.482
       358000094001790          94         358       18520.482
       358000094001239          94         358       14001.079
       358000094002391          94         358       14001.079
       358000094003134          94         358       18520.482
       358000094003452          94         358       18520.482
       358000094001229          94         358       18520.482
       358000094000022          94         358       89.400000
       358008075000022        8075         358       18520.482
       359012450000188       12450         359       14001.079
       359012450000199       12450         359       14001.079
       359012450000022       12450         359       2484.5152
       359012978000022       12978         359       5931.0476
       361032263000022       32263         361       14001.079
       362001109000022        1109         362       8708.7755
       363000138000022         138         363       600.00000
       363000138000922         138         363       14001.079
       363000138000999         138         363       14001.079
       363000138000794         138         363       18520.482
       363000138000613         138         363       14001.079
       363000808000022         808         363       8708.7755
       363000905000022         905         363       8708.7755
       365000072000022          72         365       3820.6842
       365000134002148         134         365       302.50000
       365000134003086         134         365       14001.079
       367000201000364         201         367       3820.6842
       367000201000464         201         367       41332.139
       368000492000022         492         368       22335.889
       369006567000497        6567         369       18520.482
       369006567000022        6567         369       896.66667
       372004700000022        4700         372       41332.139
       372017939000022       17939         372       22335.889
       372017974000022       17974         372       15404.021
       374000591000073         591         374       14001.079
       374000591000022         591         374       8708.7755
       375000786000022         786         375       8708.7755
       375016161000022       16161         375       15404.021
       375017412000022       17412         375       18520.482
       376015112000022       15112         376       2403.9474
       379000392000022         392         379       3820.6842
       379001100000022        1100         379       5931.0476
       382000164000022         164         382       89.400000
       382000164001740         164         382       14001.079
       382000164001734         164         382       14001.079
       382000164001777         164         382       14001.079
       382000164001767         164         382       14001.079
       382000164001784         164         382       18520.482
       382000164001745         164         382       41332.139
       382000793000022         793         382       5931.0476
       383003942000022        3942         383       3820.6842
       387016194000022       16194         387       2484.5152
       387016194000231       16194         387       14001.079
       388000446000022         446         388       8708.7755
       389002014000022        2014         389       35117.965
       392001528000022        1528         392       22335.889
       394000077000466          77         394       18520.482
       394000077000022          77         394       600.00000
       394000077000482          77         394       14628.677
       394000077000557          77         394       14001.079
       394000077000855          77         394       18520.482
       394000077000475          77         394       14001.079
       394000077000457          77         394       14001.079
       394000077000456          77         394       14001.079
       394000613000104         613         394       14001.079
       394000613000022         613         394       8708.7755
       394000656000022         656         394       5931.0476
       395000718000022         718         395       8708.7755
       396001945000061        1945         396       3820.6842
       397011454000022       11454         397       5931.0476
       398000081000022          81         398       600.00000
       398000081000644          81         398       14001.079
       398000081000338          81         398       14001.079
       398000081000340          81         398       41332.139
       398004451000022        4451         398       41332.139
       399004763000022        4763         399       18520.482
       399012238000022       12238         399       15404.021
       401000175000164         175         401       14001.079
       401000175000022         175         401       3820.6842
       401013330000313       13330         401       22335.889
       402000036017558          36         402       302.50000
       402000036018721          36         402       14001.079
       402000036018817          36         402       14001.079
       402000036018526          36         402       18520.482
       402000036018361          36         402       14001.079
       402000036018353          36         402       14001.079
       402000036018347          36         402       14001.079
       402000036018340          36         402       18520.482
       402001155000051        1155         402       18520.482
       402001155000022        1155         402       15404.021
       403000088000733          88         403       14001.079
       403000088000022          88         403       600.00000
       405009333000022        9333         405       41332.139
       406002085000022        2085         406       896.66667
       406002085000413        2085         406       18520.482
       406002085000353        2085         406       14001.079
       406002085000668        2085         406       14001.079
       407000574001743         574         407       14001.079
       407000574000022         574         407       89.400000
       407000574001600         574         407       18520.482
       407000574001591         574         407       18520.482
       408019023000022       19023         408       5931.0476
       409011333000160       11333         409       5931.0476
       410004861000022        4861         410       18520.482
       411000706000022         706         411       8708.7755
       411000759000022         759         411       8708.7755
       412011225000022       11225         412       15404.021
       412012323000043       12323         412       18520.482
       413024405000022       24405         413       18520.482
       415016605000022       16605         415       15404.021
       417005671000022        5671         417       41332.139
       417023063000022       23063         417       15404.021
       419000073003241          73         419       14001.079
       419000073000416          73         419       41332.139
       419000073000501          73         419       18520.482
       419000073001071          73         419       18520.482
       420000034012296          34         420       2403.9474
       423009899000022        9899         423       5931.0476
       423009899000124        9899         423       18520.482
       425001036000022        1036         425       22335.889
       427000146010473         146         427       2403.9474
       427020077000022       20077         427       41332.139
       428016657000238       16657         428       302.50000
       428016657001172       16657         428       14001.079
       428016723000022       16723         428       2484.5152
       430000114000022         114         430       896.66667
       430000114000592         114         430       14001.079
       431023300000022       23300         431       22335.889
       432000079001513          79         432       18520.482
       432000079001531          79         432       18520.482
       432014991000022       14991         432       15404.021
       433001886000045        1886         433       14628.677
       433001886000022        1886         433       41332.139
       434010827000022       10827         434       14001.079
       435004161000022        4161         435       35117.965
       436000078001710          78         436       14628.677
       436000078000022          78         436       68.866667
       437006949000022        6949         437       35117.965
       437006949000075        6949         437       18520.482
       439000174012543         174         439       18520.482
       439000174011016         174         439       18520.482
       439000174011219         174         439       41332.139
       439000174009601         174         439       89.400000
       439000174011007         174         439       14001.079
       440000288000022         288         440       2484.5152
       440000448000022         448         440       8708.7755
       441003115000022        3115         441       18520.482
       443002693000022        2693         443       35117.965
       443002693000049        2693         443       14001.079
       443008391000022        8391         443       18520.482
       444001502000022        1502         444       15404.021
       445001080000022        1080         445       35117.965
       445006793000022        6793         445       22335.889
       445007573000022        7573         445       22335.889
       446012343000022       12343         446       22335.889
       447022846000022       22846         447       2403.9474
       449005537000022        5537         449       35117.965
       450000857000022         857         450       18520.482
       450001919000022        1919         450       68.866667
       450002212000022        2212         450       3820.6842
       451012332000022       12332         451       41332.139
       452002349000022        2349         452       18520.482
       454000241000022         241         454       5931.0476
       454000251000022         251         454       5931.0476
       455000145000022         145         455       302.50000
       455000145000679         145         455       14628.677
       455000145001203         145         455       14001.079
       455000145000753         145         455       18520.482
       455000145000624         145         455       18520.482
       455018665000413       18665         455       18520.482
       455018665000022       18665         455       896.66667
       455019419000022       19419         455       15404.021
       457001628000022        1628         457       15404.021
       459011080000022       11080         459       14001.079
       460008960000022        8960         460       41332.139
       461002257000022        2257         461       15404.021
       464000072000022          72         464       8708.7755
       464005555000022        5555         464       14001.079
       464005555000036        5555         464       18520.482
       465000099000022          99         465       896.66667
       465002881000022        2881         465       22335.889
       466000148000446         148         466       18520.482
       466000148000468         148         466       18520.482
       466000148000022         148         466       896.66667
       466006420000022        6420         466       41332.139
       468004589000022        4589         468       22335.889
       469003469000149        3469         469       18520.482
       469003469000022        3469         469       5931.0476
       469005441000022        5441         469       22335.889
       470001347000022        1347         470       8708.7755
       472000108000022         108         472       600.00000
       472000108000468         108         472       14001.079
       473015326007097       15326         473       14001.079
       473015326007661       15326         473       14001.079
       473015326005699       15326         473       89.400000
       473015326007256       15326         473       18520.482
       474000104003004         104         474       18520.482
       474000104001747         104         474       18520.482
       474000104001661         104         474       18520.482
       474000104000022         104         474       89.400000
       477005174000022        5174         477       3820.6842
       478004033000022        4033         478       2484.5152
       479002429000022        2429         479       2484.5152
       479002429000216        2429         479       18520.482
       480000944000022         944         480       8708.7755
       482001142000022        1142         482       15404.021
       482005050000022        5050         482       41332.139
       484000650000022         650         484       15404.021
       485010656000022       10656         485       35117.965
       486000111000471         111         486       18520.482
       486000111001926         111         486       18520.482
       486000111000629         111         486       14001.079
       486000111000022         111         486       600.00000
       488000055000022          55         488       302.50000
       488000055000849          55         488       14001.079
       488000055000695          55         488       14001.079
       488000055001180          55         488       18520.482
       488000055001210          55         488       18520.482
       488000070000145          70         488       14001.079
       489000140000022         140         489       600.00000
       489000140000531         140         489       18520.482
       489000140000607         140         489       18520.482
       489000140000443         140         489       18520.482
       490003592000022        3592         490       41332.139
       490016639000022       16639         490       35117.965
       493008906000022        8906         493       600.00000
       493008906000712        8906         493       14628.677
       496003002000022        3002         496       15404.021
       496003010000022        3010         496       15404.021
       497008963000022        8963         497       41332.139
       498000158000986         158         498       41332.139
       498000158001064         158         498       18520.482
       498000158000983         158         498       14001.079
       498000158000976         158         498       14001.079
       498000158000022         158         498       89.400000
       498001324000022        1324         498       15404.021
       499009161000022        9161         499       8708.7755
       500000089003493          89         500       22335.889
       500000341000022         341         500       5931.0476
       500000341000080         341         500       14001.079
       500015439000022       15439         500       22335.889
       501000142001333         142         501       41332.139
       502008276000022        8276         502       41332.139
       503023303000022       23303         503       22335.889
       504001195000022        1195         504       15404.021
       504003049000022        3049         504       41332.139
       508000138001792         138         508       41332.139
       508000138001404         138         508       41332.139
       508000138001897         138         508       18520.482
       508000138001265         138         508       18520.482
       508000138000933         138         508       18520.482
       508000138001119         138         508       14001.079
       508000138001152         138         508       14001.079
       508000138001453         138         508       14001.079
       508000138000022         138         508       302.50000
       509000665000022         665         509       5931.0476
       509025845000022       25845         509       35117.965
       510000242000022         242         510       3820.6842
       511004106000022        4106         511       8708.7755
       511004748000022        4748         511       15404.021
