         437
         6000248000010         248           6       2844.2333
         7016004000010       16004           7       17363.289
         8014060000010       14060           8       36365.592
        10000494000010         494          10       7040.5882
        11019581000010       19581          11       631.00000
        12017011000010       17011          12       36365.592
        14010877003478       10877          14       85144.618
        15014325000010       14325          15       36365.592
        17002783000010        2783          17       36365.592
        17021242000010       21242          17       85144.618
        18011126000010       11126          18       85144.618
        19000188000558         188          19       85144.618
        19002696000010        2696          19       22571.917
        20000000068179           0          20       9456.3333
        20000210000137         210          20       22571.917
        22003581000010        3581          22       2930.4118
        22011307000010       11307          22       85144.618
        22019344000297       19344          22       107.14286
        23003335000010        3335          23       236.95000
        23003540000010        3540          23       2844.2333
        24000038003037          38          24       22571.917
        25005495000010        5495          25       2930.4118
        26000192000010         192          26       4343.5758
        28000064000010          64          28       107.14286
        28001433000010        1433          28       17363.289
        32000331000010         331          32       4343.5758
        34000049000538          49          34       36365.592
        34012152000052       12152          34       36365.592
        35000107000010         107          35       2844.2333
        35008416000010        8416          35       17363.289
        35013633000010       13633          35       36365.592
        36007253001507        7253          36       1913.6000
        37000430000010         430          37       7040.5882
        38014464003268       14464          38       1154.2143
        39009343000409        9343          39       2844.2333
        40008482000010        8482          40       4343.5758
        40010041000010       10041          40       22571.917
        41010223000010       10223          41       2844.2333
        43000140000010         140          43       9456.3333
        43001336000010        1336          43       1154.2143
        43002480000010        2480          43       9456.3333
        45001247000010        1247          45       9456.3333
        47006846000010        6846          47       36365.592
        47023855000010       23855          47       4343.5758
        47026982000010       26982          47       85144.618
        52018106000010       18106          52       9456.3333
        53001874000010        1874          53       17363.289
        54000064055424          64          54       36365.592
        54001812000010        1812          54       17363.289
        55000128000010         128          55       236.95000
        59000145000010         145          59       1154.2143
        59028423000010       28423          59       7040.5882
        62001466000054        1466          62       85144.618
        62004298000010        4298          62       85144.618
        62013756000010       13756          62       36365.592
        63002283000010        2283          63       36365.592
        64003329000010        3329          64       36365.592
        66003066001575        3066          66       631.00000
        66003084000010        3084          66       1154.2143
        66003319000010        3319          66       4343.5758
        67014762000010       14762          67       631.00000
        67015652000010       15652          67       17363.289
        73003291000010        3291          73       36365.592
        73014235078258       14235          73       9456.3333
        73016727000010       16727          73       22571.917
        73031212000010       31212          73       477381.00
        74004954000010        4954          74       1913.6000
        76000049000010          49          76       631.00000
        76000075001352          75          76       107.14286
        78000113000010         113          78       107.14286
        78001693000010        1693          78       17363.289
        78020706000010       20706          78       36365.592
        79000333000010         333          79       2844.2333
        79016131000010       16131          79       107.14286
        80002193000010        2193          80       85144.618
        81010806000010       10806          81       4343.5758
        82021060000010       21060          82       22571.917
        84000138000010         138          84       2930.4118
        84001928000010        1928          84       22571.917
        87000351000010         351          87       4343.5758
        89003880000010        3880          89       7040.5882
        93000257000010         257          93       2930.4118
        95005411000010        5411          95       85144.618
        96000018000010          18          96       107.14286
        96000043000010          43          96       1913.6000
        97019520000010       19520          97       9456.3333
       105009849000010        9849         105       22571.917
       107021956000010       21956         107       206056.19
       109000154001981         154         109       236.95000
       109000358000010         358         109       2844.2333
       110010840000010       10840         110       2844.2333
       111006736000010        6736         111       1154.2143
       111006913000010        6913         111       4343.5758
       111007403000010        7403         111       9456.3333
       113000178000374         178         113       17363.289
       113020742000010       20742         113       206056.19
       114000771000010         771         114       9456.3333
       114003427000010        3427         114       36365.592
       115014412000010       14412         115       22571.917
       118000912000010         912         118       9456.3333
       119002495000010        2495         119       36365.592
       122006456000010        6456         122       85144.618
       123000617000010         617         123       7040.5882
       123002261000010        2261         123       22571.917
       123003623000010        3623         123       36365.592
       123016478000010       16478         123       206056.19
       125013319000010       13319         125       22571.917
       126028582000010       28582         126       236.95000
       127008171000010        8171         127       206056.19
       127027799000010       27799         127       206056.19
       128000189000010         189         128       7040.5882
       129000078001700          78         129       1913.6000
       129000185000010         185         129       2930.4118
       130003557027318        3557         130       107.14286
       131003849000010        3849         131       4343.5758
       132022417000010       22417         132       4343.5758
       135006318000010        6318         135       2844.2333
       136005007000010        5007         136       631.00000
       137000035003864          35         137       1913.6000
       137004755000010        4755         137       7040.5882
       138000588000010         588         138       1913.6000
       142000117000553         117         142       22571.917
       142010759000010       10759         142       17363.289
       143000148004595         148         143       206056.19
       143003920000632        3920         143       7040.5882
       143011866000010       11866         143       85144.618
       144010873000010       10873         144       9456.3333
       146007788000010        7788         146       7040.5882
       147000625000010         625         147       9456.3333
       149000012000010          12         149       22571.917
       150001052000010        1052         150       9456.3333
       153000615000283         615         153       22571.917
       154000586000010         586         154       7040.5882
       154000732000010         732         154       9456.3333
       154002019000010        2019         154       22571.917
       157009645000010        9645         157       2930.4118
       158004349000153        4349         158       206056.19
       160022741000010       22741         160       1913.6000
       162000050000010          50         162       236.95000
       162000408000010         408         162       4343.5758
       162022909000010       22909         162       85144.618
       164014491000010       14491         164       22571.917
       165016147000010       16147         165       36365.592
       168000056000010          56         168       1913.6000
       168009958000010        9958         168       9456.3333
       168031729000010       31729         168       2844.2333
       171006616000010        6616         171       17363.289
       174000122000010         122         174       236.95000
       175000481000010         481         175       4343.5758
       176003523000010        3523         176       4343.5758
       176005289000010        5289         176       17363.289
       176006395000010        6395         176       22571.917
       177000242000010         242         177       4343.5758
       179003828000010        3828         179       36365.592
       180002167000010        2167         180       22571.917
       180023280001976       23280         180       9456.3333
       181000546000010         546         181       7040.5882
       181001463000010        1463         181       17363.289
       181002568000010        2568         181       22571.917
       182000227000136         227         182       2930.4118
       182000872000010         872         182       9456.3333
       184000271000010         271         184       4343.5758
       184012738000010       12738         184       2844.2333
       185001278000010        1278         185       17363.289
       186005443000037        5443         186       477381.00
       187000173009235         173         187       2844.2333
       187017678000010       17678         187       36365.592
       189001623000010        1623         189       2844.2333
       190000889000010         889         190       36365.592
       190004200000010        4200         190       631.00000
       191000267000010         267         191       2930.4118
       192002308000010        2308         192       22571.917
       194000160000010         160         194       2930.4118
       196000672000010         672         196       9456.3333
       196006707000010        6707         196       85144.618
       196019537000010       19537         196       85144.618
       197000242000010         242         197       2844.2333
       198019988000010       19988         198       236.95000
       199000517000010         517         199       7040.5882
       203000278000010         278         203       2844.2333
       204000032000389          32         204       107.14286
       204000276000010         276         204       4343.5758
       204012788000010       12788         204       9456.3333
       204023110000010       23110         204       206056.19
       204033421000010       33421         204       206056.19
       206000331000010         331         206       2844.2333
       206001635000010        1635         206       9456.3333
       207003655000010        3655         207       22571.917
       208003519023014        3519         208       17363.289
       208003936000215        3936         208       9456.3333
       211026797000010       26797         211       22571.917
       213000633000010         633         213       7040.5882
       214000624000010         624         214       9456.3333
       214018889000010       18889         214       206056.19
       216005871000010        5871         216       4343.5758
       218006881000010        6881         218       9456.3333
       219021313000010       21313         219       107.14286
       219022877000010       22877         219       22571.917
       219030600000010       30600         219       477381.00
       220009412000010        9412         220       2930.4118
       220012728000066       12728         220       206056.19
       221005461001080        5461         221       2844.2333
       221007291000010        7291         221       17363.289
       224019612000010       19612         224       236.95000
       226000077032646          77         226       1913.6000
       227002442000158        2442         227       107.14286
       227012473000010       12473         227       7040.5882
       229003214000010        3214         229       7040.5882
       230000123000010         123         230       4343.5758
       230016323000010       16323         230       477381.00
       231002340000010        2340         231       17363.289
       232000461000010         461         232       4343.5758
       232000714000010         714         232       7040.5882
       232001423000010        1423         232       9456.3333
       233022893000010       22893         233       2844.2333
       234017009000010       17009         234       9456.3333
       234023860000010       23860         234       206056.19
       235000213000497         213         235       2930.4118
       235002950000010        2950         235       36365.592
       235014685000010       14685         235       2844.2333
       236006888000010        6888         236       236.95000
       237015304000010       15304         237       22571.917
       238006241000010        6241         238       85144.618
       239000172000010         172         239       1154.2143
       239008038000010        8038         239       85144.618
       239022551000222       22551         239       7040.5882
       240011923000303       11923         240       7040.5882
       241000200000010         200         241       4343.5758
       242009783000056        9783         242       17363.289
       242015588000010       15588         242       85144.618
       249000121000010         121         249       631.00000
       254001793000010        1793         254       22571.917
       256000672000010         672         256       7040.5882
       258000062000200          62         258       236.95000
       259001372000010        1372         259       2930.4118
       260002214000010        2214         260       4343.5758
       260003313000010        3313         260       9456.3333
       260004577000010        4577         260       22571.917
       261008347000010        8347         261       9456.3333
       263001188000010        1188         263       1913.6000
       263015965000009       15965         263       206056.19
       265000273000302         273         265       36365.592
       265003942000010        3942         265       206056.19
       265004506000010        4506         265       85144.618
       265012990000010       12990         265       22571.917
       266002655000010        2655         266       9456.3333
       267002922000010        2922         267       9456.3333
       271000144005410         144         271       22571.917
       271011055000010       11055         271       7040.5882
       272010090000010       10090         272       1154.2143
       272010188000523       10188         272       36365.592
       273013259000010       13259         273       2930.4118
       275006224000010        6224         275       4343.5758
       275008207000010        8207         275       22571.917
       277004115000010        4115         277       36365.592
       277020518000010       20518         277       4343.5758
       280000055000010          55         280       631.00000
       283003619000061        3619         283       36365.592
       286008272000010        8272         286       17363.289
       286008982000010        8982         286       36365.592
       286015888000010       15888         286       85144.618
       289006200000010        6200         289       85144.618
       290000254000010         254         290       2844.2333
       290003446000010        3446         290       22571.917
       292002070002726        2070         292       1913.6000
       293000390000010         390         293       2844.2333
       293018632000010       18632         293       206056.19
       295009313000010        9313         295       36365.592
       295018491000010       18491         295       206056.19
       296000854000010         854         296       36365.592
       296003967000010        3967         296       2930.4118
       296006470000010        6470         296       17363.289
       298024391010718       24391         298       107.14286
       300006474000010        6474         300       17363.289
       301000293000010         293         301       4343.5758
       302008802000010        8802         302       17363.289
       304000044000010          44         304       236.95000
       307000147000010         147         307       1154.2143
       309001068029554        1068         309       107.14286
       309007737000010        7737         309       85144.618
       310000446000010         446         310       4343.5758
       310014950000010       14950         310       206056.19
       311008661000010        8661         311       85144.618
       312000061000010          61         312       107.14286
       312025197000010       25197         312       36365.592
       313001430000010        1430         313       36365.592
       313010408000010       10408         313       4343.5758
       316001961000010        1961         316       22571.917
       319000132001662         132         319       631.00000
       319025747000010       25747         319       17363.289
       320000103001036         103         320       17363.289
       321002191000671        2191         321       2930.4118
       324001393000010        1393         324       36365.592
       324014478002716       14478         324       36365.592
       325014741000010       14741         325       85144.618
       327000446000010         446         327       7040.5882
       327020177000010       20177         327       7040.5882
       333021920000010       21920         333       477381.00
       335000342000010         342         335       9456.3333
       335007560000010        7560         335       22571.917
       336023237001183       23237         336       2844.2333
       336023967000010       23967         336       17363.289
       340021234000010       21234         340       631.00000
       340025497000010       25497         340       85144.618
       341000118006310         118         341       1154.2143
       341000568000010         568         341       9456.3333
       342000087000010          87         342       107.14286
       342000647000010         647         342       7040.5882
       342001511000010        1511         342       22571.917
       343003120000010        3120         343       85144.618
       343016995000209       16995         343       7040.5882
       344020479000010       20479         344       22571.917
       345000073000010          73         345       236.95000
       349001722000010        1722         349       22571.917
       351013194000010       13194         351       1154.2143
       359013348000010       13348         359       17363.289
       359021695000010       21695         359       85144.618
       361014857000010       14857         361       36365.592
       362014953000010       14953         362       206056.19
       364000290000010         290         364       2844.2333
       364000294000010         294         364       2844.2333
       365000307000010         307         365       2930.4118
       365000898000010         898         365       7040.5882
       366000088003268          88         366       236.95000
       366023010000010       23010         366       36365.592
       367001677000010        1677         367       22571.917
       367014423001881       14423         367       7040.5882
       367014591000010       14591         367       2844.2333
       368011924000010       11924         368       22571.917
       370000085003548          85         370       1913.6000
       372000619000010         619         372       7040.5882
       373019671001011       19671         373       17363.289
       375015326034409       15326         375       7040.5882
       377000106000010         106         377       1154.2143
       378000121000010         121         378       631.00000
       378001018000010        1018         378       9456.3333
       381000646000010         646         381       4343.5758
       382001531000010        1531         382       17363.289
       383000881000010         881         383       36365.592
       383008835000010        8835         383       36365.592
       384015946000010       15946         384       516099.00
       386000112000010         112         386       2844.2333
       386001021000084        1021         386       36365.592
       386004415000010        4415         386       36365.592
       389000681000010         681         389       1154.2143
       391015528000010       15528         391       236.95000
       394000438000010         438         394       4343.5758
       394001036000010        1036         394       9456.3333
       394026506001183       26506         394       36365.592
       395003070000010        3070         395       22571.917
       395007486000010        7486         395       85144.618
       398012615000476       12615         398       4343.5758
       401013741000010       13741         401       17363.289
       402000059000010          59         402       631.00000
       402000065000010          65         402       1154.2143
       402008969000050        8969         402       236.95000
       404000070000010          70         404       236.95000
       405000121000010         121         405       1913.6000
       406002191000010        2191         406       2930.4118
       407001690000010        1690         407       9456.3333
       407002413000010        2413         407       17363.289
       407005625000010        5625         407       36365.592
       408008186000010        8186         408       206056.19
       410007702000010        7702         410       206056.19
       413000852000010         852         413       9456.3333
       417000915000010         915         417       9456.3333
       417001023000010        1023         417       9456.3333
       417003168000010        3168         417       22571.917
       418000096000010          96         418       1913.6000
       418000258000010         258         418       2844.2333
       421000289000010         289         421       7040.5882
       421006657000010        6657         421       4343.5758
       421007296014947        7296         421       2844.2333
       422010928000010       10928         422       22571.917
       423010643000010       10643         423       9456.3333
       427000174000010         174         427       1154.2143
       428000931000076         931         428       17363.289
       428005091003060        5091         428       236.95000
       429000651000010         651         429       7040.5882
       429002614000010        2614         429       22571.917
       430003520000010        3520         430       85144.618
       431000279000010         279         431       1913.6000
       432000100002027         100         432       22571.917
       433008395000010        8395         433       477381.00
       435003459000010        3459         435       36365.592
       437008193000010        8193         437       22571.917
       439000177000010         177         439       107.14286
       439002443000010        2443         439       17363.289
       442003029000010        3029         442       107.14286
       443000123000010         123         443       9456.3333
       443000154000010         154         443       236.95000
       443000686000010         686         443       4343.5758
       443001932000010        1932         443       17363.289
       449002120000150        2120         449       22571.917
       449003743000010        3743         449       17363.289
       454000263000734         263         454       2844.2333
       454022424000010       22424         454       36365.592
       455000461000300         461         455       36365.592
       457000600000010         600         457       7040.5882
       458005709000010        5709         458       36365.592
       459001180000010        1180         459       631.00000
       459004225000010        4225         459       22571.917
       460024514001461       24514         460       2844.2333
       464002182000010        2182         464       7040.5882
       466002831000010        2831         466       17363.289
       471026579000010       26579         471       85144.618
       472000082000010          82         472       107.14286
       473000103000010         103         473       107.14286
       473000109000010         109         473       107.14286
       475020894000092       20894         475       36365.592
       476000337000010         337         476       4343.5758
       477004686000010        4686         477       631.00000
       477005212000010        5212         477       4343.5758
       478000111002017         111         478       9456.3333
       480001505000010        1505         480       9456.3333
       480023242000010       23242         480       22571.917
       484015132000010       15132         484       107.14286
       484015236000476       15236         484       17363.289
       486000869000010         869         486       9456.3333
       487000150000010         150         487       236.95000
       489002288000010        2288         489       17363.289
       489006743000010        6743         489       85144.618
       489020805000010       20805         489       7040.5882
       493020529000010       20529         493       206056.19
       494014991000010       14991         494       7040.5882
       495001900000010        1900         495       17363.289
       498026968000010       26968         498       85144.618
       499011268000010       11268         499       36365.592
       502005748000010        5748         502       22571.917
       502014331000010       14331         502       85144.618
       503000201004404         201         503       22571.917
       504000077014289          77         504       236.95000
       505002842000010        2842         505       36365.592
       508000126000010         126         508       107.14286
       508006451000010        6451         508       85144.618
       509007430000010        7430         509       36365.592
       511004872000010        4872         511       17363.289
