         435
            6207000009        6207           0       195083.82
         5000172000009         172           5       2923.0588
         6020276000009       20276           6       2923.0588
         7000579000009         579           7       6988.5294
         7002339000009        2339           7       22361.646
         9019562000009       19562           9       4322.3636
        10023140000009       23140          10       84369.735
        11020236000009       20236          11       17229.842
        12000282000009         282          12       4322.3636
        12005222000009        5222          12       84369.735
        12014052000307       14052          12       9378.9762
        12014121000009       14121          12       4322.3636
        12014403000009       14403          12       6988.5294
        13000058000009          58          13       680.69231
        13018931000009       18931          13       84369.735
        15009609000009        9609          15       680.69231
        19001917000009        1917          19       22361.646
        25005619000009        5619          25       2835.0333
        29000076004641          76          29       2923.0588
        32000530000009         530          32       6988.5294
        32001389000009        1389          32       17229.842
        32006669000009        6669          32       84369.735
        32016159000009       16159          32       2835.0333
        33012793000009       12793          33       2923.0588
        33013735000009       13735          33       17229.842
        34017910000009       17910          34       84369.735
        35000195000009         195          35       6988.5294
        35008903000009        8903          35       17229.842
        36000001000009           1          36       240.45000
        37000049000009          49          37       240.45000
        38014483001518       14483          38       6988.5294
        38014593000244       14593          38       2835.0333
        39009264000009        9264          39       240.45000
        39010195000009       10195          39       9378.9762
        40008119000009        8119          40       115.40000
        41010264000266       10264          41       9378.9762
        41010902000009       10902          41       9378.9762
        43001336000009        1336          43       1162.7143
        47024140000009       24140          47       9378.9762
        48001898000009        1898          48       22361.646
        48014700002400       14700          48       4322.3636
        48017682000009       17682          48       36734.917
        51001879000009        1879          51       17229.842
        52000058000009          58          52       1162.7143
        53000215000009         215          53       2835.0333
        54000268000009         268          54       2835.0333
        54000425000009         425          54       4322.3636
        54021250000009       21250          54       9378.9762
        54023272000009       23272          54       36734.917
        55002340000009        2340          55       22361.646
        55005814000009        5814          55       84369.735
        56002524000009        2524          56       36734.917
        57002238000009        2238          57       22361.646
        59000183000009         183          59       1162.7143
        59008590000009        8590          59       84369.735
        60000105000009         105          60       1909.6000
        60000143000009         143          60       1909.6000
        61009560000009        9560          61       36734.917
        63013174000009       13174          63       17229.842
        65000069000739          69          65       6988.5294
        68000828000009         828          68       17229.842
        68011037000097       11037          68       22361.646
        68017205000009       17205          68       84369.735
        73000059032628          59          73       36734.917
        73000072004569          72          73       84369.735
        74003645000009        3645          74       485228.00
        76018592000009       18592          76       9378.9762
        78021577000009       21577          78       36734.917
        80012310000009       12310          80       22361.646
        83020219000009       20219          83       9378.9762
        87000082000009          82          87       115.40000
        88004770000249        4770          88       36734.917
        89003978000009        3978          89       6988.5294
        89004135000009        4135          89       6988.5294
        89006222000009        6222          89       22361.646
        92000080000009          80          92       115.40000
        92017681000009       17681          92       195083.82
        93006745000009        6745          93       84369.735
        97000060000009          60          97       115.40000
        97019068000249       19068          97       22361.646
        98016102000009       16102          98       240.45000
        98016133000009       16133          98       1909.6000
       100017997000050       17997         100       680.69231
       100020342000009       20342         100       36734.917
       101004087000009        4087         101       36734.917
       102000065010989          65         102       1909.6000
       103000115002053         115         103       2835.0333
       104000027000009          27         104       240.45000
       104000180000009         180         104       2835.0333
       104000421000009         421         104       4322.3636
       105006746000009        6746         105       4322.3636
       105030014000009       30014         105       36734.917
       109006609000199        6609         109       115.40000
       109019076000009       19076         109       115.40000
       110000090000957          90         110       9378.9762
       111013436000009       13436         111       84369.735
       112000012000210          12         112       115.40000
       112001817002394        1817         112       2835.0333
       113013405000009       13405         113       6988.5294
       119000090000009          90         119       1162.7143
       119000543000197         543         119       195083.82
       121012194000009       12194         121       17229.842
       123000166000009         166         123       1909.6000
       123000761000009         761         123       9378.9762
       123015450000130       15450         123       17229.842
       125010253000009       10253         125       240.45000
       125011833000009       11833         125       17229.842
       126000294000009         294         126       9378.9762
       127000196000009         196         127       1909.6000
       127000489000009         489         127       6988.5294
       127001767000009        1767         127       17229.842
       128008374000009        8374         128       2835.0333
       129000223000009         223         129       4322.3636
       129004600000009        4600         129       22361.646
       133000290000009         290         133       2835.0333
       136000139000009         139         136       4322.3636
       137000089000009          89         137       2835.0333
       138000632000009         632         138       2923.0588
       139008505003206        8505         139       2923.0588
       141011604000009       11604         141       84369.735
       142009284000009        9284         142       2835.0333
       144000115000009         115         144       2835.0333
       145000168000009         168         145       4322.3636
       145005368001014        5368         145       9378.9762
       145017028000009       17028         145       84369.735
       148000541000009         541         148       6988.5294
       150000508000301         508         150       36734.917
       151000390000009         390         151       2835.0333
       153000052007177          52         153       36734.917
       153016321000009       16321         153       240.45000
       153017165000009       17165         153       17229.842
       154016558000009       16558         154       36734.917
       155012208000009       12208         155       240.45000
       155012211000009       12211         155       115.40000
       157030909000009       30909         157       534302.00
       158011953003901       11953         158       2835.0333
       159003828000009        3828         159       36734.917
       159004435000009        4435         159       84369.735
       162000076000009          76         162       680.69231
       162004994000009        4994         162       84369.735
       163000245000009         245         163       2835.0333
       165003026000009        3026         165       36734.917
       172000368000009         368         172       115.40000
       172003104000009        3104         172       22361.646
       172026795000053       26795         172       22361.646
       173005807000009        5807         173       36734.917
       176003270000051        3270         176       1909.6000
       178001450000008        1450         178       22361.646
       179013775000009       13775         179       195083.82
       181000082025826          82         181       84369.735
       182000102000009         102         182       115.40000
       182020701000009       20701         182       22361.646
       187021085000009       21085         187       84369.735
       188000087015352          87         188       36734.917
       190028535000009       28535         190       9378.9762
       191024439060396       24439         191       6988.5294
       193001145000009        1145         193       9378.9762
       195000095000009          95         195       240.45000
       196001488000009        1488         196       22361.646
       196016169000009       16169         196       115.40000
       197000075002686          75         197       2835.0333
       197000263000009         263         197       2835.0333
       198000123000009         123         198       1162.7143
       199000125000009         125         199       680.69231
       199021236000009       21236         199       36734.917
       201006381000009        6381         201       195083.82
       201020239000009       20239         201       195083.82
       202014258000009       14258         202       9378.9762
       203000074000009          74         203       17229.842
       203015221000009       15221         203       22361.646
       204001925000009        1925         204       22361.646
       204012203000009       12203         204       6988.5294
       207000225000009         225         207       2923.0588
       208004601000009        4601         208       9378.9762
       208007929000009        7929         208       22361.646
       210007709012162        7709         210       240.45000
       211000338049447         338         211       680.69231
       211011515000009       11515         211       36734.917
       212004130000009        4130         212       36734.917
       216006464000009        6464         216       9378.9762
       218005930000009        5930         218       4322.3636
       218006888000009        6888         218       17229.842
       219021322002968       21322         219       6988.5294
       220000085000009          85         220       1909.6000
       220010054000009       10054         220       9378.9762
       224000337000285         337         224       36734.917
       225015478000009       15478         225       6988.5294
       226000083014968          83         226       9378.9762
       226009211000009        9211         226       84369.735
       226022134000009       22134         226       680.69231
       227000383000009         383         227       4322.3636
       229002806000619        2806         229       17229.842
       230011671000009       11671         230       84369.735
       232001850000009        1850         232       17229.842
       233005694000009        5694         233       36734.917
       239000146000009         146         239       240.45000
       242000856000009         856         242       22361.646
       244005367000009        5367         244       4322.3636
       245000237000009         237         245       1909.6000
       246002473000009        2473         246       240.45000
       246002570000323        2570         246       2835.0333
       246007634000009        7634         246       36734.917
       248000314000009         314         248       4322.3636
       248000780000009         780         248       9378.9762
       248018559000009       18559         248       2835.0333
       249014922000009       14922         249       36734.917
       254000649000107         649         254       36734.917
       254001657000009        1657         254       17229.842
       255001846000009        1846         255       17229.842
       256002563000009        2563         256       22361.646
       256003924000009        3924         256       36734.917
       257001251000009        1251         257       9378.9762
       257001364000009        1364         257       9378.9762
       259001348000745        1348         259       22361.646
       259008982000009        8982         259       36734.917
       262000468000009         468         262       9378.9762
       262005188000009        5188         262       195083.82
       265009525000009        9525         265       1909.6000
       265010718000009       10718         265       9378.9762
       265012189000009       12189         265       22361.646
       266001849000009        1849         266       6988.5294
       266002244000009        2244         266       6988.5294
       270013163000009       13163         270       36734.917
       270020020000009       20020         270       195083.82
       275006045000009        6045         275       2835.0333
       276013224000009       13224         276       240.45000
       277000296000386         296         277       36734.917
       283001602005046        1602         283       36734.917
       283015449000009       15449         283       84369.735
       286006570000009        6570         286       2835.0333
       288000069000009          69         288       2923.0588
       288000071000009          71         288       2923.0588
       288008448000037        8448         288       195083.82
       288015059000544       15059         288       2835.0333
       291003245000513        3245         291       6988.5294
       296003879001729        3879         296       17229.842
       297016466000009       16466         297       195083.82
       297021029000009       21029         297       17229.842
       298016124000009       16124         298       195083.82
       298023729000009       23729         298       4322.3636
       299004032000009        4032         299       36734.917
       300003776000281        3776         300       9378.9762
       300005077000009        5077         300       9378.9762
       310001647000009        1647         310       22361.646
       311002888000009        2888         311       9378.9762
       313000603000009         603         313       9378.9762
       313010273000009       10273         313       4322.3636
       313014501000009       14501         313       36734.917
       314013407000009       13407         314       6988.5294
       315011527000009       11527         315       240.45000
       317000238000320         238         317       84369.735
       318023528005922       23528         318       84369.735
       322004577000009        4577         322       680.69231
       322007070000009        7070         322       22361.646
       324014454000009       14454         324       240.45000
       324014461007943       14461         324       22361.646
       326001664000009        1664         326       22361.646
       327000986000009         986         327       9378.9762
       329006690000009        6690         329       22361.646
       330000095000009          95         330       680.69231
       330000521000009         521         330       4322.3636
       332010490000009       10490         332       36734.917
       334000082001260          82         334       22361.646
       334008296000009        8296         334       17229.842
       334014450000009       14450         334       195083.82
       335029606003014       29606         335       195083.82
       335029618000009       29618         335       1909.6000
       336000048001218          48         336       1162.7143
       336008630000009        8630         336       195083.82
       338002424000009        2424         338       17229.842
       339005271000009        5271         339       36734.917
       339018609000009       18609         339       4322.3636
       341000147000009         147         341       1162.7143
       341014418000318       14418         341       17229.842
       342015281000009       15281         342       17229.842
       345000384000009         384         345       2835.0333
       345003050000009        3050         345       22361.646
       347000170000009         170         347       4322.3636
       352000083000009          83         352       1909.6000
       353000154001032         154         353       2835.0333
       353000296000009         296         353       2835.0333
       353000508000009         508         353       6988.5294
       356010483000009       10483         356       195083.82
       358002914000009        2914         358       22361.646
       360000766000009         766         360       17229.842
       361000179000009         179         361       4322.3636
       361000231000009         231         361       4322.3636
       361027220000009       27220         361       485228.00
       365000145005888         145         365       84369.735
       365006796000009        6796         365       36734.917
       366001180000378        1180         366       115.40000
       367000636000009         636         367       6988.5294
       367005173000009        5173         367       195083.82
       367025946000009       25946         367       485228.00
       369000088008829          88         369       1162.7143
       369008460000009        8460         369       17229.842
       372000069000009          69         372       240.45000
       372001716000009        1716         372       22361.646
       373000516000009         516         373       4322.3636
       373019954000009       19954         373       6988.5294
       374000223000635         223         374       9378.9762
       375016852000009       16852         375       22361.646
       377001047000009        1047         377       17229.842
       378001309000009        1309         378       9378.9762
       379000238000384         238         379       84369.735
       379003838000009        3838         379       22361.646
       380000362000392         362         380       17229.842
       380000610000009         610         380       4322.3636
       382000971000009         971         382       9378.9762
       382022164000009       22164         382       195083.82
       383004453000009        4453         383       9378.9762
       384001377000009        1377         384       36734.917
       384002182000009        2182         384       36734.917
       385000176000009         176         385       4322.3636
       386001939000009        1939         386       22361.646
       387018816000009       18816         387       36734.917
       388010090000009       10090         388       2835.0333
       391001050000009        1050         391       22361.646
       392004160000051        4160         392       36734.917
       392007229000009        7229         392       84369.735
       393000484000009         484         393       4322.3636
       395000212000009         212         395       2923.0588
       397000421000009         421         397       9378.9762
       397011152036494       11152         397       240.45000
       397011155000009       11155         397       115.40000
       397011573000009       11573         397       9378.9762
       399000261000009         261         399       2835.0333
       400006324000009        6324         400       1162.7143
       402000422000009         422         402       6988.5294
       402002294000009        2294         402       22361.646
       403022338000009       22338         403       1909.6000
       405000753000009         753         405       6988.5294
       406017885000009       17885         406       195083.82
       407000578000009         578         407       115.40000
       407003325000009        3325         407       22361.646
       409001600000009        1600         409       22361.646
       412000256000009         256         412       4322.3636
       413002447000009        2447         413       22361.646
       413015909001039       15909         413       4322.3636
       413016153000009       16153         413       4322.3636
       414000063000009          63         414       115.40000
       416000059000009          59         416       115.40000
       416001984000009        1984         416       22361.646
       416021357000009       21357         416       680.69231
       419000468000009         468         419       4322.3636
       423000617000009         617         423       17229.842
       424015833000009       15833         424       36734.917
       425019731000009       19731         425       2923.0588
       426025084000009       25084         426       485228.00
       428016729000009       16729         428       2835.0333
       429000119001928         119         429       2835.0333
       429000217000009         217         429       2923.0588
       429022451000008       22451         429       84369.735
       430017945000009       17945         430       84369.735
       430019644000009       19644         430       195083.82
       432000105000674         105         432       1162.7143
       432019191000009       19191         432       84369.735
       434000075000009          75         434       1162.7143
       434000203000009         203         434       2923.0588
       436017541000522       17541         436       2923.0588
       437005650000009        5650         437       4322.3636
       437006177000009        6177         437       9378.9762
       440025058000009       25058         440       17229.842
       442003692000009        3692         442       6988.5294
       442012173000009       12173         442       84369.735
       443000461000009         461         443       4322.3636
       445000177000009         177         445       6988.5294
       447001098000009        1098         447       9378.9762
       449004536000009        4536         449       22361.646
       451000081000009          81         451       240.45000
       451010877000009       10877         451       17229.842
       452015849000009       15849         452       36734.917
       454000111000009         111         454       240.45000
       454010251000009       10251         454       195083.82
       455008036000009        8036         455       195083.82
       455022853000009       22853         455       84369.735
       456000142000009         142         456       1909.6000
       456000588000009         588         456       6988.5294
       456000700000009         700         456       6988.5294
       456020075000009       20075         456       2923.0588
       457000666000113         666         457       6988.5294
       457007405000009        7405         457       84369.735
       458001953000009        1953         458       17229.842
       458002228000009        2228         458       17229.842
       458005646000009        5646         458       84369.735
       460004410000060        4410         460       36734.917
       461000320000357         320         461       22361.646
       461024532000009       24532         461       17229.842
       462000211000728         211         462       485228.00
       462000335000009         335         462       2923.0588
       462001516000009        1516         462       9378.9762
       462002502000009        2502         462       22361.646
       463000302000009         302         463       2923.0588
       465001629000009        1629         465       115.40000
       466000829000009         829         466       6988.5294
       467000101000009         101         467       115.40000
       467002325000009        2325         467       17229.842
       469003337000009        3337         469       115.40000
       470010146000009       10146         470       195083.82
       471000278001001         278         471       9378.9762
       471002566000009        2566         471       22361.646
       471024509000009       24509         471       36734.917
       472000414000009         414         472       4322.3636
       473016873000009       16873         473       17229.842
       474014740000009       14740         474       4322.3636
       475000697000009         697         475       6988.5294
       477012660000009       12660         477       84369.735
       478003980001205        3980         478       6988.5294
       479002347000009        2347         479       115.40000
       480004270000009        4270         480       36734.917
       486016431000009       16431         486       17229.842
       487000158000009         158         487       680.69231
       487016565000009       16565         487       9378.9762
       488002343000009        2343         488       36734.917
       488015261000009       15261         488       36734.917
       490017273000009       17273         490       36734.917
       491000127000009         127         491       240.45000
       495000124003625         124         495       9378.9762
       497000163000009         163         497       6988.5294
       499000938000051         938         499       36734.917
       500013378000009       13378         500       680.69231
       500013769000009       13769         500       6988.5294
       500014866000064       14866         500       84369.735
       501001101000009        1101         501       17229.842
       501012702000009       12702         501       22361.646
       503000251000009         251         503       1162.7143
       503003965000009        3965         503       22361.646
       504000082010195          82         504       485228.00
       507000151000009         151         507       1162.7143
       507000154000009         154         507       680.69231
       507000172000009         172         507       1162.7143
       507001630000009        1630         507       9378.9762
       508024130000009       24130         508       1909.6000
       509001043000093        1043         509       22361.646
       511005659000009        5659         511       22361.646
