         195
              13000001          13           0       366.14286
         1000053000001          53           1       2341.8571
         3013255000001       13255           3       191591.21
         5026486000036       26486           5       1858.2000
        11000081000001          81          11       21.500000
        17014550000001       14550          17       11389.667
        20000000000001           0          20       1.0000000
        21000064058853          64          21       6938.1429
        22003429000001        3429          22       366.14286
        23003330000001        3330          23       1.0000000
        29001447000001        1447          29       44129.357
        29004730000001        4730          29       91867.056
        31008531000001        8531          31       724.00000
        32000025000001          25          32       1858.2000
        33000338000001         338          33       11389.667
        35008743000105        8743          35       91867.056
        41010157000001       10157          41       7457.8182
        42006819000001        6819          42       63.000000
        42007545000001        7545          42       17389.769
        47023679000001       23679          47       196.66667
        49000107000001         107          49       6938.1429
        56000775000001         775          56       23284.875
        57013117000001       13117          57       17389.769
        61006578000001        6578          61       44129.357
        64019028000001       19028          64       366.14286
        69012691000001       12691          69       91867.056
        70016069000001       16069          70       44129.357
        72019761000001       19761          72       91867.056
        75015604000001       15604          75       7457.8182
        84018319000001       18319          84       55975.556
        88000000000001           0          88       63.000000
        88004654000615        4654          88       55975.556
        91000950000001         950          91       17389.769
        93000108000001         108          93       1.0000000
        95001061000001        1061          95       23284.875
        98000327000001         327          98       11389.667
        98002038000001        2038          98       55975.556
       100003472000001        3472         100       91867.056
       102002654000001        2654         102       55975.556
       103002008000001        2008         103       55975.556
       104019766085112       19766         104       7457.8182
       104030341000001       30341         104       1120481.3
       108003428000001        3428         108       1.0000000
       111013307000001       13307         111       191591.21
       114000771000001         771         114       23284.875
       116000053000001          53         116       366.14286
       116010458000001       10458         116       7457.8182
       116016135000001       16135         116       191591.21
       117019573000001       19573         117       449416.56
       127002687000001        2687         127       91867.056
       136005240000001        5240         136       7457.8182
       137004306000001        4306         137       11389.667
       142013754000001       13754         142       91867.056
       146000242000001         242         146       17389.769
       147000076000001          76         147       196.66667
       156009178000001        9178         156       63.000000
       161003263000001        3263         161       91867.056
       162023778000001       23778         162       191591.21
       164000079000001          79         164       2341.8571
       165012340000001       12340         165       29.333333
       171003957000001        3957         171       1858.2000
       173000064009971          64         173       55975.556
       173003178000001        3178         173       91867.056
       182019332000001       19332         182       44129.357
       182026725000001       26725         182       1120481.3
       192010732000001       10732         192       449416.56
       194000044000001          44         194       63.000000
       196016175000001       16175         196       2341.8571
       197000043000001          43         197       63.000000
       197000321000001         321         197       7457.8182
       198000257000001         257         198       6938.1429
       198000955000001         955         198       23284.875
       198021117000001       21117         198       55975.556
       200000073021277          73         200       21.500000
       201000738000001         738         201       23284.875
       202000280000001         280         202       11389.667
       204011661000001       11661         204       29.333333
       204011666022315       11666         204       191591.21
       211008907000001        8907         211       29.333333
       212000044004923          44         212       449416.56
       217003989000001        3989         217       1858.2000
       219022368000001       22368         219       23284.875
       221018144000001       18144         221       1120481.3
       224000067022560          67         224       44129.357
       224019634000001       19634         224       2341.8571
       229002732000001        2732         229       1.0000000
       231001977000001        1977         231       23284.875
       231027404002477       27404         231       91867.056
       233000357000001         357         233       7457.8182
       238000070004246          70         238       91867.056
       238000235000164         235         238       191591.21
       241008939000001        8939         241       6938.1429
       244008428000001        8428         244       55975.556
       253001935000001        1935         253       55975.556
       254003556000001        3556         254       91867.056
       256009077000001        9077         256       191591.21
       257000155000001         155         257       4767.5000
       260003088000001        3088         260       44129.357
       260003694000001        3694         260       44129.357
       263010163000001       10163         263       449416.56
       270025091000001       25091         270       449416.56
       271010635000001       10635         271       29.333333
       271010781000001       10781         271       6938.1429
       278017095000001       17095         278       17389.769
       283001600000001        1600         283       366.14286
       286000057000001          57         286       4767.5000
       286007191000001        7191         286       17389.769
       288000007000513           7         288       196.66667
       288002628000001        2628         288       55975.556
       290000069003719          69         290       55975.556
       290000120000001         120         290       2341.8571
       291002857000001        2857         291       724.00000
       291007940000001        7940         291       91867.056
       294002463000001        2463         294       23284.875
       294003418000001        3418         294       44129.357
       295006797000001        6797         295       91867.056
       298000410000001         410         298       11389.667
       305000063032004          63         305       63.000000
       305001519000001        1519         305       23284.875
       309000110000267         110         309       29.333333
       312023012000001       23012         312       11389.667
       313009934000001        9934         313       196.66667
       325000163000001         163         325       11389.667
       327019896000001       19896         327       1858.2000
       330000076000001          76         330       63.000000
       334006405000001        6405         334       4767.5000
       334010281000001       10281         334       55975.556
       336011488000001       11488         336       191591.21
       338000065000001          65         338       196.66667
       338019820000001       19820         338       7457.8182
       339019129000001       19129         339       44129.357
       340000130000001         130         340       4767.5000
       343001343000001        1343         343       44129.357
       346000082000001          82         346       724.00000
       350012948000001       12948         350       55975.556
       354011456000001       11456         354       17389.769
       359000703000001         703         359       23284.875
       360000051000001          51         360       2341.8571
       360009947001542        9947         360       23284.875
       366011535000001       11535         366       191591.21
       368002530000001        2530         368       191591.21
       372000377000001         377         372       11389.667
       373003382000001        3382         373       91867.056
       380000116001433         116         380       2341.8571
       383006907000001        6907         383       55975.556
       384008265000001        8265         384       724.00000
       387016681000001       16681         387       17389.769
       388000049000001          49         388       1.0000000
       394004341000001        4341         394       55975.556
       396004326000001        4326         396       366.14286
       396005852000001        5852         396       44129.357
       397003217000001        3217         397       191591.21
       397011152049518       11152         397       724.00000
       397014530000001       14530         397       91867.056
       399026123000001       26123         399       449416.56
       404000148000001         148         404       6938.1429
       405000399000001         399         405       11389.667
       406000130000001         130         406       11389.667
       408018565000001       18565         408       63.000000
       412011199000001       11199         412       23284.875
       418004017000001        4017         418       91867.056
       419000502000001         502         419       23284.875
       424000911000001         911         424       44129.357
       425000619000001         619         425       17389.769
       427000674000001         674         427       17389.769
       427002856000001        2856         427       55975.556
       433016889000001       16889         433       191591.21
       434006592000001        6592         434       191591.21
       435014173000001       14173         435       449416.56
       438000788000001         788         438       17389.769
       438025865000001       25865         438       44129.357
       441000154001799         154         441       11389.667
       443000154002763         154         443       23284.875
       443015239000001       15239         443       449416.56
       449001457013752        1457         449       724.00000
       453000044000001          44         453       724.00000
       453020967000001       20967         453       366.14286
       457000177000001         177         457       4767.5000
       460000054000001          54         460       196.66667
       461001166000001        1166         461       23284.875
       465003896000001        3896         465       44129.357
       473000101000001         101         473       29.333333
       476003457000001        3457         476       55975.556
       477004889000001        4889         477       6938.1429
       480000666000001         666         480       17389.769
       489004948000001        4948         489       91867.056
       491004373000001        4373         491       55975.556
       492015876000001       15876         492       449416.56
       496001290000001        1290         496       7457.8182
       497003494000001        3494         497       4767.5000
       506000789000001         789         506       17389.769
       509000380000001         380         509       7457.8182
       509001505000001        1505         509       23284.875
       509010420000001       10420         509       191591.21
       511003121000001        3121         511       7457.8182
