        1451
         1000064000016          64           1       3088.2222
         1000064000651          64           1       7875.6135
         1003441000016        3441           1       54672.095
         1013778000016       13778           1       7875.6135
         2010276000016       10276           2       7875.6135
         3006571000016        6571           3       7875.6135
         9000007002634           7           9       7875.6135
         9000007002649           7           9       7875.6135
         9000007004020           7           9       7875.6135
         9000007003533           7           9       7875.6135
         9000007002961           7           9       7875.6135
         9000007002410           7           9       7875.6135
         9000007002380           7           9       7875.6135
         9000007006390           7           9       5431.5796
         9000007003116           7           9       5431.5796
         9000007004005           7           9       5431.5796
         9000007000016           7           9       119.93333
         9000007002379           7           9       5431.5796
         9000007002652           7           9       45971.687
        10000036027088          36          10       45971.687
        10000036019310          36          10       45971.687
        10000036015917          36          10       5431.5796
        10000036017774          36          10       5431.5796
        10000036019263          36          10       5431.5796
        10000036028444          36          10       5431.5796
        10000036004468          36          10       5.8888889
        10000036013664          36          10       5431.5796
        10000036013675          36          10       5431.5796
        10000036013697          36          10       5431.5796
        10000036013747          36          10       5431.5796
        10000036015849          36          10       5431.5796
        10000036015864          36          10       5431.5796
        10000036016476          36          10       5431.5796
        10000036015227          36          10       5681.6329
        10000036015855          36          10       5681.6329
        10000036019338          36          10       7875.6135
        10000036019239          36          10       7875.6135
        10000036019248          36          10       7875.6135
        10000036015927          36          10       7875.6135
        10000036016452          36          10       7875.6135
        10000036012489          36          10       7875.6135
        10000036012506          36          10       7875.6135
        10000036012504          36          10       7875.6135
        10000036012501          36          10       7875.6135
        10000036012476          36          10       7875.6135
        10000036012473          36          10       7875.6135
        10000036015904          36          10       7875.6135
        10000036016481          36          10       7875.6135
        10000036016496          36          10       7875.6135
        10000036017739          36          10       7875.6135
        10000036013756          36          10       7875.6135
        10000036015150          36          10       7875.6135
        10000036015181          36          10       7875.6135
        10000036015205          36          10       7875.6135
        10000036013711          36          10       7875.6135
        10000036013741          36          10       7875.6135
        10000036013684          36          10       7875.6135
        11000083014692          83          11       67688.464
        12000053004705          53          12       7875.6135
        12000053003204          53          12       7875.6135
        12000053009643          53          12       5431.5796
        12000053003207          53          12       5431.5796
        12000053003217          53          12       5431.5796
        12000053003448          53          12       5431.5796
        12000053000016          53          12       119.93333
        14010869000016       10869          14       18.357143
        14012979000016       12979          14       54672.095
        17014231000016       14231          17       5497.6667
        17016472000051       16472          17       5431.5796
        17016472000016       16472          17       36614.474
        20000000016051           0          20       45971.687
        20000000016051           0          20       45971.687
        20000000016062           0          20       45971.687
        20000000016062           0          20       45971.687
        20000000022353           0          20       45971.687
        20000000022353           0          20       45971.687
        20000000034684           0          20       54672.095
        20000000020289           0          20       67688.464
        20000000020289           0          20       67688.464
        20000000026843           0          20       5431.5796
        20000000026843           0          20       5431.5796
        20000000026912           0          20       5431.5796
        20000000026912           0          20       5431.5796
        20000000029698           0          20       5431.5796
        20000000029754           0          20       5431.5796
        20000000016749           0          20       5431.5796
        20000000016749           0          20       5431.5796
        20000000016780           0          20       5431.5796
        20000000016780           0          20       5431.5796
        20000000017424           0          20       5431.5796
        20000000017424           0          20       5431.5796
        20000000017443           0          20       5431.5796
        20000000017443           0          20       5431.5796
        20000000019384           0          20       5431.5796
        20000000019384           0          20       5431.5796
        20000000019393           0          20       5431.5796
        20000000019393           0          20       5431.5796
        20000000024441           0          20       5431.5796
        20000000024441           0          20       5431.5796
        20000000024477           0          20       5431.5796
        20000000024477           0          20       5431.5796
        20000000025491           0          20       5431.5796
        20000000025491           0          20       5431.5796
        20000000019262           0          20       5431.5796
        20000000019262           0          20       5431.5796
        20000000034659           0          20       5431.5796
        20000000000016           0          20       5.8888889
        20000000000016           0          20       5.8888889
        20000000015995           0          20       5431.5796
        20000000015995           0          20       5431.5796
        20000000016033           0          20       5681.6329
        20000000016033           0          20       5681.6329
        20000000018585           0          20       5681.6329
        20000000018585           0          20       5681.6329
        20000000025598           0          20       5681.6329
        20000000025598           0          20       5681.6329
        20000000023368           0          20       7875.6135
        20000000023368           0          20       7875.6135
        20000000019278           0          20       7875.6135
        20000000019278           0          20       7875.6135
        20000000019299           0          20       7875.6135
        20000000019299           0          20       7875.6135
        20000000025540           0          20       7875.6135
        20000000025540           0          20       7875.6135
        20000000020278           0          20       7875.6135
        20000000020278           0          20       7875.6135
        20000000020387           0          20       7875.6135
        20000000020387           0          20       7875.6135
        20000000021306           0          20       7875.6135
        20000000021306           0          20       7875.6135
        20000000021329           0          20       7875.6135
        20000000021329           0          20       7875.6135
        20000000018592           0          20       7875.6135
        20000000018592           0          20       7875.6135
        20000000018615           0          20       7875.6135
        20000000018615           0          20       7875.6135
        20000000018528           0          20       7875.6135
        20000000018528           0          20       7875.6135
        20000000016805           0          20       7875.6135
        20000000016805           0          20       7875.6135
        20000000017401           0          20       7875.6135
        20000000017401           0          20       7875.6135
        20000000017419           0          20       7875.6135
        20000000017419           0          20       7875.6135
        20000000016035           0          20       7875.6135
        20000000016035           0          20       7875.6135
        20000000016085           0          20       7875.6135
        20000000016085           0          20       7875.6135
        20000000016763           0          20       7875.6135
        20000000016763           0          20       7875.6135
        20000000016008           0          20       7875.6135
        20000000016008           0          20       7875.6135
        20000000016022           0          20       7875.6135
        20000000016022           0          20       7875.6135
        20000000015952           0          20       7875.6135
        20000000015952           0          20       7875.6135
        20000000015974           0          20       7875.6135
        20000000015974           0          20       7875.6135
        20000000034608           0          20       7875.6135
        20000000034636           0          20       7875.6135
        20002337000016        2337          20       45971.687
        23003330013539        3330          23       7875.6135
        23003330032964        3330          23       7875.6135
        23003330031376        3330          23       7875.6135
        23003330016790        3330          23       7875.6135
        23003330029278        3330          23       7875.6135
        23003330029299        3330          23       7875.6135
        23003330029318        3330          23       7875.6135
        23003330031312        3330          23       7875.6135
        23003330025360        3330          23       7875.6135
        23003330025385        3330          23       7875.6135
        23003330025408        3330          23       7875.6135
        23003330027162        3330          23       7875.6135
        23003330027176        3330          23       7875.6135
        23003330027222        3330          23       7875.6135
        23003330027249        3330          23       7875.6135
        23003330027289        3330          23       7875.6135
        23003330015566        3330          23       7875.6135
        23003330015624        3330          23       7875.6135
        23003330016754        3330          23       7875.6135
        23003330016765        3330          23       7875.6135
        23003330014567        3330          23       7875.6135
        23003330014543        3330          23       7875.6135
        23003330013586        3330          23       7875.6135
        23003330013606        3330          23       7875.6135
        23003330013616        3330          23       7875.6135
        23003330014477        3330          23       7875.6135
        23003330013579        3330          23       7875.6135
        23003330013580        3330          23       7875.6135
        23003330013560        3330          23       7875.6135
        23003330013581        3330          23       5681.6329
        23003330029236        3330          23       5681.6329
        23003330032914        3330          23       5681.6329
        23003330000016        3330          23       5.8888889
        23003330031365        3330          23       5431.5796
        23003330032972        3330          23       5431.5796
        23003330013548        3330          23       5431.5796
        23003330013578        3330          23       5431.5796
        23003330013585        3330          23       5431.5796
        23003330014517        3330          23       5431.5796
        23003330014562        3330          23       5431.5796
        23003330015550        3330          23       5431.5796
        23003330016842        3330          23       5431.5796
        23003330018003        3330          23       5431.5796
        23003330018051        3330          23       5431.5796
        23003330023181        3330          23       5431.5796
        23003330016781        3330          23       5431.5796
        23003330016785        3330          23       5431.5796
        23003330029254        3330          23       5431.5796
        23003330013528        3330          23       5431.5796
        23003330013532        3330          23       5431.5796
        24001491000016        1491          24       36614.474
        28000262000211         262          28       5431.5796
        28000262000016         262          28       6633.0000
        33000030009428          30          33       7875.6135
        33000030010998          30          33       7875.6135
        33000030007842          30          33       7875.6135
        33000030008199          30          33       7875.6135
        33000030008746          30          33       7875.6135
        33000030003462          30          33       7875.6135
        33000030003715          30          33       5431.5796
        33000030003717          30          33       5431.5796
        33000030008993          30          33       5431.5796
        33000030009003          30          33       5431.5796
        33000030012273          30          33       5431.5796
        33000030000016          30          33       119.93333
        33000030003470          30          33       5431.5796
        33000030003461          30          33       5431.5796
        33013544000016       13544          33       23126.500
        35006966000016        6966          35       5497.6667
        36007257000016        7257          36       996.62500
        38016210000016       16210          38       36614.474
        41013156000016       13156          41       67688.464
        41013156000041       13156          41       5431.5796
        45000117000016         117          45       5497.6667
        45000117000461         117          45       5681.6329
        47002069004177        2069          47       5681.6329
        47002069003879        2069          47       5431.5796
        47002069004887        2069          47       5431.5796
        47002069009462        2069          47       5431.5796
        47002069000016        2069          47       51.461538
        47002069003872        2069          47       7875.6135
        47002069003880        2069          47       7875.6135
        47002069004179        2069          47       7875.6135
        47002069004195        2069          47       7875.6135
        47002069006816        2069          47       7875.6135
        47002069007489        2069          47       7875.6135
        47002069007499        2069          47       7875.6135
        47002069004152        2069          47       7875.6135
        47002069003886        2069          47       45971.687
        49013053000016       13053          49       36614.474
        50014974000016       14974          50       6633.0000
        50014974000187       14974          50       5431.5796
        53000143000016         143          53       6633.0000
        53006955000016        6955          53       7875.6135
        60001276000016        1276          60       36614.474
        61005457000016        5457          61       7378.6000
        71004033000016        4033          71       7875.6135
        73003362000016        3362          73       7875.6135
        75000150000016         150          75       6633.0000
        77021737001040       21737          77       7875.6135
        77021737001487       21737          77       5431.5796
        77021737001629       21737          77       5431.5796
        77021737001655       21737          77       5431.5796
        77021737000016       21737          77       996.62500
        77021737001049       21737          77       5431.5796
        80010244000016       10244          80       2178.8571
        81001142000016        1142          81       54672.095
        82000083000016          83          82       996.62500
        83022381000016       22381          83       45971.687
        85019948011984       19948          85       6633.0000
        88004902000016        4902          88       7378.6000
        90001151001390        1151          90       7875.6135
        90001151001533        1151          90       7875.6135
        90001151000016        1151          90       996.62500
        90001151002033        1151          90       5431.5796
        90001151001388        1151          90       5431.5796
        90001470000016        1470          90       7378.6000
        92017789000031       17789          92       36614.474
        93000108009241         108          93       45971.687
        93000108008595         108          93       7875.6135
        93000108008608         108          93       7875.6135
        93000108009190         108          93       7875.6135
        93000108009209         108          93       7875.6135
        93000108009234         108          93       7875.6135
        93000108008633         108          93       7875.6135
        93000108009957         108          93       7875.6135
        93000108009906         108          93       7875.6135
        93000108009913         108          93       7875.6135
        93000108010411         108          93       7875.6135
        93000108010421         108          93       7875.6135
        93000108010966         108          93       7875.6135
        93000108009869         108          93       7875.6135
        93000108011942         108          93       7875.6135
        93000108012939         108          93       7875.6135
        93000108014879         108          93       7875.6135
        93000108018463         108          93       7875.6135
        93000108020532         108          93       7875.6135
        93000108013947         108          93       5431.5796
        93000108021684         108          93       5431.5796
        93000108011927         108          93       5681.6329
        93000108008594         108          93       5681.6329
        93000108008625         108          93       5431.5796
        93000108009896         108          93       5431.5796
        93000108009943         108          93       5431.5796
        93000108010406         108          93       5431.5796
        93000108010981         108          93       5431.5796
        93000108011023         108          93       5431.5796
        93000108008584         108          93       5431.5796
        93000108008590         108          93       5431.5796
        93000108009148         108          93       5431.5796
        93000108009158         108          93       5431.5796
        93000108009160         108          93       5431.5796
        93000108009167         108          93       5431.5796
        93000108009169         108          93       5431.5796
        93000108009180         108          93       5431.5796
        93000108000016         108          93       18.357143
        97018899000110       18899          97       51.461538
        97018899004418       18899          97       5431.5796
        97018899004652       18899          97       5431.5796
        97018899009062       18899          97       5431.5796
        97018899009076       18899          97       5431.5796
        97018899010440       18899          97       5431.5796
        97018899011574       18899          97       5431.5796
        97018899012306       18899          97       5431.5796
        97018899004441       18899          97       5681.6329
        97018899004670       18899          97       5431.5796
        97018899004628       18899          97       5431.5796
        97018899004432       18899          97       7875.6135
        97018899010015       18899          97       7875.6135
        97018899004662       18899          97       7875.6135
        97018899004642       18899          97       7875.6135
        97018899004648       18899          97       7875.6135
        97018899004672       18899          97       7875.6135
        97018899004692       18899          97       7875.6135
        97018899004898       18899          97       7875.6135
        97018899004906       18899          97       7875.6135
        97018899004921       18899          97       7875.6135
        97018899005185       18899          97       7875.6135
        97018899005836       18899          97       7875.6135
        97018899006401       18899          97       7875.6135
        97018899006424       18899          97       7875.6135
        98016437000016       16437          98       13054.526
       100000496000016         496         100       23126.500
       103001471000016        1471         103       36614.474
       104019766099777       19766         104       5681.6329
       104019766099767       19766         104       5431.5796
       104019766096988       19766         104       119.93333
       105006803000016        6803         105       2178.8571
       107002620000016        2620         107       54672.095
       108000112000146         112         108       5431.5796
       108000112000016         112         108       7378.6000
       108003428037493        3428         108       7875.6135
       108003428012225        3428         108       7875.6135
       108003428012225        3428         108       7875.6135
       108003428034458        3428         108       7875.6135
       108003428028813        3428         108       7875.6135
       108003428028813        3428         108       7875.6135
       108003428012850        3428         108       7875.6135
       108003428012850        3428         108       7875.6135
       108003428013465        3428         108       7875.6135
       108003428013465        3428         108       7875.6135
       108003428030388        3428         108       5431.5796
       108003428030388        3428         108       5431.5796
       108003428032987        3428         108       5431.5796
       108003428032987        3428         108       5431.5796
       108003428034381        3428         108       5431.5796
       108003428034484        3428         108       5681.6329
       108003428012803        3428         108       5431.5796
       108003428012803        3428         108       5431.5796
       108003428012823        3428         108       5431.5796
       108003428012823        3428         108       5431.5796
       108003428027034        3428         108       5431.5796
       108003428027034        3428         108       5431.5796
       108003428027090        3428         108       5431.5796
       108003428027090        3428         108       5431.5796
       108003428027864        3428         108       5431.5796
       108003428027864        3428         108       5431.5796
       108003428028763        3428         108       5431.5796
       108003428028763        3428         108       5431.5796
       108007137000016        7137         108       45971.687
       109000144066367         144         109       45971.687
       109000144053672         144         109       18.357143
       109000144059087         144         109       5431.5796
       109000144059573         144         109       5431.5796
       109000144059913         144         109       5431.5796
       109000144059923         144         109       5431.5796
       109000144066345         144         109       5431.5796
       109000144060492         144         109       5431.5796
       109000144060513         144         109       5431.5796
       109000144059931         144         109       7875.6135
       109000144059578         144         109       7875.6135
       109000144059584         144         109       7875.6135
       109000144059089         144         109       7875.6135
       109000144059102         144         109       7875.6135
       109000144059105         144         109       7875.6135
       109000144059123         144         109       7875.6135
       109000144060933         144         109       7875.6135
       109000144062474         144         109       7875.6135
       110010591004013       10591         110       7875.6135
       110010591011357       10591         110       7875.6135
       110010591005006       10591         110       7875.6135
       110010591004022       10591         110       7875.6135
       110010591004044       10591         110       7875.6135
       110010591004511       10591         110       7875.6135
       110010591004520       10591         110       7875.6135
       110010591004536       10591         110       7875.6135
       110010591004575       10591         110       7875.6135
       110010591004588       10591         110       7875.6135
       110010591004603       10591         110       7875.6135
       110010591004014       10591         110       5431.5796
       110010591004623       10591         110       5431.5796
       110010591004643       10591         110       5431.5796
       110010591004991       10591         110       5431.5796
       110010591010402       10591         110       5431.5796
       110010591010925       10591         110       5431.5796
       110010591011344       10591         110       5431.5796
       110010591012431       10591         110       5431.5796
       110010591000016       10591         110       18.357143
       110010591004641       10591         110       45971.687
       111006709007472        6709         111       67688.464
       114014934000016       14934         114       51.461538
       114014934003731       14934         114       5431.5796
       114014934003739       14934         114       5431.5796
       114014934004014       14934         114       5431.5796
       114014934004023       14934         114       5431.5796
       114014934004456       14934         114       5431.5796
       114014934004720       14934         114       7875.6135
       114014934004739       14934         114       7875.6135
       114014934009811       14934         114       7875.6135
       114014934003740       14934         114       7875.6135
       114014934003758       14934         114       7875.6135
       115012808000016       12808         115       7378.6000
       118021499000016       21499         118       6633.0000
       119000397000016         397         119       7378.6000
       121000308000016         308         121       13054.526
       123000628000016         628         123       13054.526
       126003740006576        3740         126       7875.6135
       126003740006578        3740         126       7875.6135
       126003740006570        3740         126       5431.5796
       126003740006560        3740         126       5431.5796
       126003740006565        3740         126       5681.6329
       126003740000016        3740         126       18.357143
       126003740008546        3740         126       5431.5796
       126003740008559        3740         126       5431.5796
       126003740006591        3740         126       67688.464
       128026903000016       26903         128       7875.6135
       130003564002145        3564         130       7875.6135
       130003564002308        3564         130       5431.5796
       130003564000016        3564         130       119.93333
       130003564001497        3564         130       5431.5796
       130003564002105        3564         130       5431.5796
       130003804000016        3804         130       7378.6000
       131004281000016        4281         131       13054.526
       135012337000016       12337         135       7875.6135
       137000702000016         702         137       54672.095
       137012169000016       12169         137       45971.687
       141011083000016       11083         141       45971.687
       143004218000016        4218         143       7378.6000
       147012475000315       12475         147       54672.095
       150005014000016        5014         150       67688.464
       151000001000232           1         151       54672.095
       152000346000016         346         152       7378.6000
       152019433000743       19433         152       5431.5796
       152019433000016       19433         152       996.62500
       158011251000016       11251         158       7875.6135
       159000627000016         627         159       23126.500
       160000241000016         241         160       6633.0000
       165012344003797       12344         165       7875.6135
       165012344001101       12344         165       7875.6135
       165012344000016       12344         165       119.93333
       165012344001215       12344         165       5431.5796
       165012344001232       12344         165       5431.5796
       165012344002801       12344         165       5431.5796
       169000182000016         182         169       5497.6667
       169000182000270         182         169       7875.6135
       170000066003711          66         170       7875.6135
       170000066003260          66         170       7875.6135
       170000066003235          66         170       7875.6135
       170000066003709          66         170       5431.5796
       170000066000016          66         170       18.357143
       172000364000016         364         172       18.357143
       172000364008286         364         172       5431.5796
       172000364008290         364         172       5431.5796
       172000364008709         364         172       5431.5796
       172000364006996         364         172       5431.5796
       172000364006998         364         172       5431.5796
       172000364006463         364         172       5431.5796
       172000364006454         364         172       5431.5796
       172000364006459         364         172       5681.6329
       172000364006974         364         172       5681.6329
       172000364008721         364         172       7875.6135
       172000364006976         364         172       7875.6135
       172000364008277         364         172       7875.6135
       177008326005741        8326         177       7875.6135
       177008326003276        8326         177       5681.6329
       177008326002705        8326         177       5497.6667
       177008326004109        8326         177       5431.5796
       177008326003146        8326         177       5431.5796
       177008326003150        8326         177       5431.5796
       177008326000136        8326         177       119.93333
       180000132000016         132         180       3088.2222
       181022796000016       22796         181       7378.6000
       182002041000016        2041         182       36614.474
       183011472000016       11472         183       7378.6000
       187015061000016       15061         187       54672.095
       187015474000016       15474         187       54672.095
       190000054005805          54         190       7875.6135
       190000054006132          54         190       7875.6135
       190000054006201          54         190       7875.6135
       190000054005638          54         190       7875.6135
       190000054005622          54         190       7875.6135
       190000054000016          54         190       51.461538
       190000054006155          54         190       5431.5796
       190000054006162          54         190       5431.5796
       190000054005647          54         190       5431.5796
       190028704000016       28704         190       54672.095
       192000247000174         247         192       13054.526
       193003719000016        3719         193       67688.464
       195000114000567         114         195       5431.5796
       195000114000016         114         195       3088.2222
       198000093000016          93         198       51.461538
       198000093003716          93         198       5431.5796
       198000093004061          93         198       5431.5796
       198000093004805          93         198       5431.5796
       198000093004835          93         198       5431.5796
       198000093003582          93         198       5431.5796
       198000093003577          93         198       5431.5796
       198000093003586          93         198       7875.6135
       198000093005756          93         198       7875.6135
       198000093007038          93         198       7875.6135
       198000093004816          93         198       7875.6135
       198000093004070          93         198       7875.6135
       198000093004558          93         198       7875.6135
       198000093003731          93         198       7875.6135
       200016262000016       16262         200       5497.6667
       200016262000305       16262         200       5431.5796
       200016262000319       16262         200       5431.5796
       200016262000274       16262         200       5431.5796
       200016262000262       16262         200       5431.5796
       201001546000016        1546         201       67688.464
       204033117000016       33117         204       7875.6135
       206027569000016       27569         206       54672.095
       207002108000016        2108         207       36614.474
       208003720000016        3720         208       6633.0000
       210004472009121        4472         210       7875.6135
       210004472009190        4472         210       7875.6135
       210004472009221        4472         210       7875.6135
       210004472010779        4472         210       7875.6135
       210004472010803        4472         210       7875.6135
       210004472008209        4472         210       7875.6135
       210004472007615        4472         210       7875.6135
       210004472007609        4472         210       7875.6135
       210004472007578        4472         210       7875.6135
       210004472007608        4472         210       5431.5796
       210004472007601        4472         210       5431.5796
       210004472007584        4472         210       5431.5796
       210004472017776        4472         210       5431.5796
       210004472010158        4472         210       5431.5796
       210004472010710        4472         210       5431.5796
       210004472014154        4472         210       5431.5796
       210004472015363        4472         210       5431.5796
       210004472008225        4472         210       5431.5796
       210004472008240        4472         210       5431.5796
       210004472008253        4472         210       5431.5796
       210004472009109        4472         210       5431.5796
       210004472000913        4472         210       5.8888889
       210004472015381        4472         210       5681.6329
       210004472010749        4472         210       45971.687
       216006160000016        6160         216       36614.474
       217000092000016          92         217       2178.8571
       218005495000016        5495         218       18.357143
       218005495003947        5495         218       5431.5796
       218005495003946        5495         218       5431.5796
       218005495004303        5495         218       5431.5796
       218005495004305        5495         218       5431.5796
       218030191000016       30191         218       45971.687
       219000405000016         405         219       6633.0000
       225015643000082       15643         225       23126.500
       228004994014853        4994         228       497.75000
       228004994016414        4994         228       5681.6329
       228005063000016        5063         228       3088.2222
       229002732000016        2732         229       2.0000000
       229002732000016        2732         229       2.0000000
       229002732014579        2732         229       5431.5796
       229002732014579        2732         229       5431.5796
       229002732014630        2732         229       5431.5796
       229002732014630        2732         229       5431.5796
       229002732014664        2732         229       5431.5796
       229002732014664        2732         229       5431.5796
       229002732014676        2732         229       5431.5796
       229002732014676        2732         229       5431.5796
       229002732023267        2732         229       5681.6329
       229002732023267        2732         229       5681.6329
       229002732017404        2732         229       5431.5796
       229002732017404        2732         229       5431.5796
       229002732018107        2732         229       5431.5796
       229002732018107        2732         229       5431.5796
       229002732018115        2732         229       5431.5796
       229002732018115        2732         229       5431.5796
       229002732018124        2732         229       5431.5796
       229002732018124        2732         229       5431.5796
       229002732018138        2732         229       5431.5796
       229002732018138        2732         229       5431.5796
       229002732018144        2732         229       5431.5796
       229002732018144        2732         229       5431.5796
       229002732018223        2732         229       5431.5796
       229002732018223        2732         229       5431.5796
       229002732022313        2732         229       5431.5796
       229002732022313        2732         229       5431.5796
       229002732022332        2732         229       5431.5796
       229002732022332        2732         229       5431.5796
       229002732023227        2732         229       5431.5796
       229002732023227        2732         229       5431.5796
       229002732045888        2732         229       5431.5796
       229002732046023        2732         229       5431.5796
       229002732018164        2732         229       5431.5796
       229002732018164        2732         229       5431.5796
       229002732030550        2732         229       5431.5796
       229002732030550        2732         229       5431.5796
       229002732039577        2732         229       5431.5796
       229002732039577        2732         229       5431.5796
       229002732042682        2732         229       5431.5796
       229002732042682        2732         229       5431.5796
       229002732023312        2732         229       5431.5796
       229002732023312        2732         229       5431.5796
       229002732025980        2732         229       5431.5796
       229002732025980        2732         229       5431.5796
       229002732026713        2732         229       5431.5796
       229002732026713        2732         229       5431.5796
       229002732026887        2732         229       5431.5796
       229002732026887        2732         229       5431.5796
       229002732028044        2732         229       5431.5796
       229002732028044        2732         229       5431.5796
       229002732014677        2732         229       7875.6135
       229002732014677        2732         229       7875.6135
       229002732014703        2732         229       7875.6135
       229002732014703        2732         229       7875.6135
       229002732014561        2732         229       7875.6135
       229002732014561        2732         229       7875.6135
       229002732014640        2732         229       7875.6135
       229002732014640        2732         229       7875.6135
       229002732014651        2732         229       7875.6135
       229002732014651        2732         229       7875.6135
       229002732017361        2732         229       7875.6135
       229002732017361        2732         229       7875.6135
       229002732028064        2732         229       7875.6135
       229002732028064        2732         229       7875.6135
       229002732023815        2732         229       7875.6135
       229002732023815        2732         229       7875.6135
       229002732023866        2732         229       7875.6135
       229002732023866        2732         229       7875.6135
       229002732025244        2732         229       7875.6135
       229002732025244        2732         229       7875.6135
       229002732025957        2732         229       7875.6135
       229002732025957        2732         229       7875.6135
       229002732042727        2732         229       7875.6135
       229002732042727        2732         229       7875.6135
       229002732044198        2732         229       7875.6135
       229002732044198        2732         229       7875.6135
       229002732018205        2732         229       7875.6135
       229002732018205        2732         229       7875.6135
       229002732018160        2732         229       7875.6135
       229002732018160        2732         229       7875.6135
       229002732018112        2732         229       7875.6135
       229002732018112        2732         229       7875.6135
       229002732017425        2732         229       7875.6135
       229002732017425        2732         229       7875.6135
       229002732018098        2732         229       7875.6135
       229002732018098        2732         229       7875.6135
       229002732018209        2732         229       45971.687
       229002732018209        2732         229       45971.687
       229002732017391        2732         229       45971.687
       229002732017391        2732         229       45971.687
       229002732014605        2732         229       45971.687
       229002732014605        2732         229       45971.687
       229003678000016        3678         229       23126.500
       230002870000016        2870         230       3088.2222
       230003341000016        3341         230       13054.526
       230003341000066        3341         230       7875.6135
       231002131000016        2131         231       23126.500
       233004777000016        4777         233       67688.464
       233023774000016       23774         233       54672.095
       234016490000016       16490         234       6633.0000
       235000166004685         166         235       5431.5796
       235000166004966         166         235       5431.5796
       235000166007264         166         235       5431.5796
       235000878000016         878         235       36614.474
       237000234000016         234         237       7378.6000
       239000142000016         142         239       497.75000
       241008843000016        8843         241       51.461538
       241008843003703        8843         241       5431.5796
       241008843003708        8843         241       5431.5796
       241008843003742        8843         241       5431.5796
       241008843005522        8843         241       5431.5796
       241008843005539        8843         241       5431.5796
       241008843003744        8843         241       7875.6135
       241008843003771        8843         241       7875.6135
       241008843004384        8843         241       7875.6135
       241008843003722        8843         241       7875.6135
       242013141000016       13141         242       67688.464
       243000244000016         244         243       6633.0000
       244006847000050        6847         244       7875.6135
       244006847000016        6847         244       36614.474
       246000124001819         124         246       18.357143
       252003052000016        3052         252       67688.464
       255000502000016         502         255       7378.6000
       257000103000016         103         257       5497.6667
       261007318007140        7318         261       13054.526
       264000220000016         220         264       7378.6000
       264000220000076         220         264       5431.5796
       264001768000016        1768         264       54672.095
       265016813000016       16813         265       45971.687
       275000093000016          93         275       6633.0000
       282004986002082        4986         282       13054.526
       283001592005791        1592         283       119.93333
       283001592008378        1592         283       45971.687
       285006967000016        6967         285       6633.0000
       286007484000016        7484         286       36614.474
       288000010001586          10         288       7875.6135
       288000010001662          10         288       7875.6135
       288000010001702          10         288       7875.6135
       288000010002053          10         288       7875.6135
       288000010000016          10         288       996.62500
       288000010001674          10         288       5431.5796
       291002838002255        2838         291       5431.5796
       291002838002389        2838         291       5431.5796
       291002838000016        2838         291       119.93333
       292002060046321        2060         292       497.75000
       292002060048935        2060         292       7875.6135
       297000068002899          68         297       7875.6135
       297000068002909          68         297       7875.6135
       297000068003113          68         297       7875.6135
       297000068000016          68         297       119.93333
       301000200000016         200         301       7378.6000
       309001194000016        1194         309       3088.2222
       310000086000016          86         310       497.75000
       313000086000016          86         313       2178.8571
       313000086000767          86         313       5431.5796
       313000086000753          86         313       7875.6135
       314012991003502       12991         314       7875.6135
       314012991004235       12991         314       7875.6135
       314012991008855       12991         314       7875.6135
       314012991005421       12991         314       7875.6135
       314012991005451       12991         314       5681.6329
       314012991004216       12991         314       5431.5796
       314012991006997       12991         314       5431.5796
       314012991007759       12991         314       5431.5796
       314012991008230       12991         314       5431.5796
       314012991005233       12991         314       5431.5796
       314012991009256       12991         314       5431.5796
       314012991004228       12991         314       5681.6329
       314012991003703       12991         314       5681.6329
       314012991000016       12991         314       51.461538
       317000123000016         123         317       119.93333
       317000123002707         123         317       5431.5796
       317000123002730         123         317       5431.5796
       317000123002732         123         317       5431.5796
       317000123004129         123         317       5431.5796
       317000123004337         123         317       5431.5796
       317000123004815         123         317       5431.5796
       317000123002470         123         317       5431.5796
       317000123002464         123         317       5681.6329
       317000123002486         123         317       7875.6135
       317000123002459         123         317       7875.6135
       317000123004552         123         317       7875.6135
       317000123002744         123         317       7875.6135
       317000123003472         123         317       7875.6135
       317000123003614         123         317       7875.6135
       319000120006586         120         319       7875.6135
       319000120007406         120         319       7875.6135
       319000120007424         120         319       7875.6135
       319000120009300         120         319       7875.6135
       319000120006140         120         319       5681.6329
       319000120006151         120         319       5681.6329
       319000120007922         120         319       5431.5796
       319000120007942         120         319       5431.5796
       319000120007960         120         319       5431.5796
       319000120005966         120         319       5431.5796
       319000120006135         120         319       5431.5796
       319000120000016         120         319       51.461538
       319000120008590         120         319       45971.687
       321002152001283        2152         321       45971.687
       321002152000016        2152         321       497.75000
       321002152001171        2152         321       5431.5796
       321002152001172        2152         321       7875.6135
       324000379000016         379         324       13054.526
       328011816009794       11816         328       7875.6135
       328011816017353       11816         328       7875.6135
       328011816008275       11816         328       7875.6135
       328011816009200       11816         328       7875.6135
       328011816004601       11816         328       7875.6135
       328011816005045       11816         328       7875.6135
       328011816009219       11816         328       5431.5796
       328011816017638       11816         328       5431.5796
       328011816004554       11816         328       5431.5796
       328011816007009       11816         328       5431.5796
       328011816007030       11816         328       5431.5796
       328011860000016       11860         328       2178.8571
       328011860001113       11860         328       7875.6135
       331008905000016        8905         331       45971.687
       332014959000016       14959         332       7875.6135
       340024238000016       24238         340       67688.464
       341001160000016        1160         341       54672.095
       343023732000016       23732         343       5431.5796
       346000080002473          80         346       5431.5796
       346000080003004          80         346       5431.5796
       346000080003431          80         346       5431.5796
       346000080000016          80         346       119.93333
       346000080002649          80         346       7875.6135
       346000080002721          80         346       14394.000
       346000515000016         515         346       13054.526
       346000515000103         515         346       7875.6135
       348000060001271          60         348       7875.6135
       348000060001504          60         348       7875.6135
       348000060000016          60         348       497.75000
       348011015000016       11015         348       67688.464
       348011015000041       11015         348       45971.687
       349000127000487         127         349       45971.687
       349000127000016         127         349       2178.8571
       349000127000669         127         349       5431.5796
       349000127000580         127         349       5681.6329
       350015757000016       15757         350       5431.5796
       350015757000028       15757         350       5431.5796
       351000142003573         142         351       5431.5796
       351000142002833         142         351       5431.5796
       351000142002841         142         351       5431.5796
       351000142003177         142         351       5431.5796
       351000142003294         142         351       5681.6329
       351000142000016         142         351       119.93333
       351000158001606         158         351       23126.500
       351000173000718         173         351       13054.526
       352000114000016         114         352       7378.6000
       352000114000244         114         352       5431.5796
       352000114000332         114         352       5431.5796
       352000114000358         114         352       5431.5796
       355010839008279       10839         355       5431.5796
       355010839008835       10839         355       5431.5796
       355010839007722       10839         355       5431.5796
       355010839007708       10839         355       5431.5796
       355010839000016       10839         355       18.357143
       355010839008281       10839         355       7875.6135
       355010839008301       10839         355       7875.6135
       355010839008819       10839         355       7875.6135
       355010839009410       10839         355       7875.6135
       355010839007631       10839         355       7875.6135
       355010839007668       10839         355       7875.6135
       355010839007710       10839         355       7875.6135
       355010839007643       10839         355       45971.687
       358018342001347       18342         358       7875.6135
       358018342001340       18342         358       7875.6135
       358018342000016       18342         358       497.75000
       358018342001359       18342         358       5431.5796
       358018342002771       18342         358       5431.5796
       358018344000016       18344         358       497.75000
       358018868000016       18868         358       23126.500
       358020096000016       20096         358       54672.095
       359000103010678         103         359       45971.687
       359000103004777         103         359       7875.6135
       359000103010618         103         359       7875.6135
       359000103010634         103         359       7875.6135
       359000103009198         103         359       7875.6135
       359000103009210         103         359       7875.6135
       359000103009229         103         359       7875.6135
       359000103012770         103         359       7875.6135
       359000103012783         103         359       7875.6135
       359000103010692         103         359       7875.6135
       359000103010702         103         359       7875.6135
       359000103011168         103         359       7875.6135
       359000103011952         103         359       7875.6135
       359000103012682         103         359       7875.6135
       359000103000016         103         359       51.461538
       359000103004812         103         359       5681.6329
       359000103004805         103         359       5681.6329
       359000103009193         103         359       5431.5796
       359000103009250         103         359       5431.5796
       359000103009943         103         359       5431.5796
       359000103009957         103         359       5431.5796
       359000103011198         103         359       5431.5796
       359000103013899         103         359       5431.5796
       359000103014561         103         359       5431.5796
       359000103010669         103         359       5431.5796
       359000103012733         103         359       5431.5796
       359000103012752         103         359       5431.5796
       359000103004771         103         359       5431.5796
       359000103004757         103         359       5431.5796
       359015589000016       15589         359       67688.464
       362000136000533         136         362       5431.5796
       362000136001354         136         362       5431.5796
       362000136000016         136         362       996.62500
       362000914000016         914         362       13054.526
       365006884000016        6884         365       67688.464
       366000360000273         360         366       13054.526
       366000360000355         360         366       5431.5796
       367000142033369         142         367       18.357143
       367022560000016       22560         367       5431.5796
       369000086009819          86         369       5431.5796
       369000086009827          86         369       5431.5796
       369000086008866          86         369       5431.5796
       369000086008874          86         369       5431.5796
       369000086012645          86         369       5431.5796
       369000086012678          86         369       5431.5796
       369000086012689          86         369       5431.5796
       369000086011224          86         369       5431.5796
       369000086012036          86         369       5431.5796
       369000086008985          86         369       5431.5796
       369000086018104          86         369       5431.5796
       369000086000016          86         369       5.8888889
       369000086010495          86         369       14394.000
       369000086009802          86         369       7875.6135
       369000086009806          86         369       7875.6135
       369000086008879          86         369       7875.6135
       369000086008887          86         369       7875.6135
       369000086008909          86         369       7875.6135
       369000086008922          86         369       7875.6135
       369000086008929          86         369       7875.6135
       369000086008940          86         369       7875.6135
       369000086008965          86         369       7875.6135
       369000086008982          86         369       7875.6135
       369000086010439          86         369       7875.6135
       369000086010463          86         369       7875.6135
       369000086010480          86         369       7875.6135
       369000086011232          86         369       7875.6135
       369000086013091          86         369       7875.6135
       369000086013127          86         369       7875.6135
       369000086012047          86         369       7875.6135
       369000086019385          86         369       7875.6135
       369000086011802          86         369       7875.6135
       369000086012088          86         369       45971.687
       369000086011259          86         369       45971.687
       369000086011285          86         369       45971.687
       369012341000016       12341         369       67688.464
       377000548000016         548         377       13054.526
       377000548000105         548         377       5431.5796
       381000155001784         155         381       5431.5796
       381000155002096         155         381       5431.5796
       381000155002386         155         381       5431.5796
       381000155000712         155         381       5431.5796
       381000155001777         155         381       5681.6329
       381000155000016         155         381       2178.8571
       381000155001536         155         381       7875.6135
       381000155000690         155         381       7875.6135
       381000155001954         155         381       7875.6135
       382001355000016        1355         382       36614.474
       384012993000016       12993         384       45971.687
       387000893000016         893         387       23126.500
       387003867000016        3867         387       67688.464
       388000049041128          49         388       45971.687
       388000049041128          49         388       45971.687
       388000049041157          49         388       45971.687
       388000049041157          49         388       45971.687
       388000049053807          49         388       45971.687
       388000049053807          49         388       45971.687
       388000049033055          49         388       45971.687
       388000049033055          49         388       45971.687
       388000049035112          49         388       45971.687
       388000049035112          49         388       45971.687
       388000049064058          49         388       45971.687
       388000049058656          49         388       7875.6135
       388000049058656          49         388       7875.6135
       388000049059794          49         388       7875.6135
       388000049059794          49         388       7875.6135
       388000049059857          49         388       7875.6135
       388000049059857          49         388       7875.6135
       388000049032690          49         388       7875.6135
       388000049032690          49         388       7875.6135
       388000049032827          49         388       7875.6135
       388000049032827          49         388       7875.6135
       388000049032787          49         388       7875.6135
       388000049032787          49         388       7875.6135
       388000049032710          49         388       7875.6135
       388000049032710          49         388       7875.6135
       388000049032729          49         388       7875.6135
       388000049032729          49         388       7875.6135
       388000049032978          49         388       7875.6135
       388000049032978          49         388       7875.6135
       388000049032991          49         388       7875.6135
       388000049032991          49         388       7875.6135
       388000049033008          49         388       7875.6135
       388000049033008          49         388       7875.6135
       388000049033019          49         388       7875.6135
       388000049033019          49         388       7875.6135
       388000049032907          49         388       7875.6135
       388000049032907          49         388       7875.6135
       388000049032923          49         388       7875.6135
       388000049032923          49         388       7875.6135
       388000049032861          49         388       7875.6135
       388000049032861          49         388       7875.6135
       388000049032848          49         388       7875.6135
       388000049032848          49         388       7875.6135
       388000049033064          49         388       7875.6135
       388000049033064          49         388       7875.6135
       388000049034946          49         388       7875.6135
       388000049034946          49         388       7875.6135
       388000049034976          49         388       7875.6135
       388000049034976          49         388       7875.6135
       388000049034991          49         388       7875.6135
       388000049034991          49         388       7875.6135
       388000049034996          49         388       7875.6135
       388000049034996          49         388       7875.6135
       388000049035025          49         388       7875.6135
       388000049035025          49         388       7875.6135
       388000049035037          49         388       7875.6135
       388000049035037          49         388       7875.6135
       388000049035130          49         388       7875.6135
       388000049035130          49         388       7875.6135
       388000049035152          49         388       7875.6135
       388000049035152          49         388       7875.6135
       388000049036718          49         388       7875.6135
       388000049036718          49         388       7875.6135
       388000049035101          49         388       7875.6135
       388000049035101          49         388       7875.6135
       388000049036820          49         388       7875.6135
       388000049036820          49         388       7875.6135
       388000049036766          49         388       7875.6135
       388000049036766          49         388       7875.6135
       388000049036782          49         388       7875.6135
       388000049036782          49         388       7875.6135
       388000049038614          49         388       7875.6135
       388000049038614          49         388       7875.6135
       388000049036843          49         388       7875.6135
       388000049036843          49         388       7875.6135
       388000049036857          49         388       7875.6135
       388000049036857          49         388       7875.6135
       388000049036869          49         388       7875.6135
       388000049036869          49         388       7875.6135
       388000049055538          49         388       7875.6135
       388000049055538          49         388       7875.6135
       388000049045124          49         388       7875.6135
       388000049045124          49         388       7875.6135
       388000049051194          49         388       7875.6135
       388000049051194          49         388       7875.6135
       388000049053770          49         388       7875.6135
       388000049053770          49         388       7875.6135
       388000049053783          49         388       7875.6135
       388000049053783          49         388       7875.6135
       388000049043074          49         388       7875.6135
       388000049043074          49         388       7875.6135
       388000049041179          49         388       7875.6135
       388000049041179          49         388       7875.6135
       388000049042975          49         388       7875.6135
       388000049042975          49         388       7875.6135
       388000049042992          49         388       7875.6135
       388000049042992          49         388       7875.6135
       388000049038644          49         388       7875.6135
       388000049038644          49         388       7875.6135
       388000049041076          49         388       7875.6135
       388000049041076          49         388       7875.6135
       388000049000016          49         388       1.5000000
       388000049000016          49         388       1.5000000
       388000049045098          49         388       5681.6329
       388000049045098          49         388       5681.6329
       388000049034955          49         388       5681.6329
       388000049034955          49         388       5681.6329
       388000049038602          49         388       5681.6329
       388000049038602          49         388       5681.6329
       388000049036805          49         388       5681.6329
       388000049036805          49         388       5681.6329
       388000049036812          49         388       5681.6329
       388000049036812          49         388       5681.6329
       388000049033085          49         388       5681.6329
       388000049033085          49         388       5681.6329
       388000049032873          49         388       5681.6329
       388000049032873          49         388       5681.6329
       388000049032950          49         388       5681.6329
       388000049032950          49         388       5681.6329
       388000049032672          49         388       5431.5796
       388000049032672          49         388       5431.5796
       388000049032673          49         388       5431.5796
       388000049032673          49         388       5431.5796
       388000049032689          49         388       5431.5796
       388000049032689          49         388       5431.5796
       388000049032692          49         388       5431.5796
       388000049032692          49         388       5431.5796
       388000049032704          49         388       5431.5796
       388000049032704          49         388       5431.5796
       388000049032750          49         388       5431.5796
       388000049032750          49         388       5431.5796
       388000049032769          49         388       5431.5796
       388000049032769          49         388       5431.5796
       388000049032812          49         388       5431.5796
       388000049032812          49         388       5431.5796
       388000049032847          49         388       5431.5796
       388000049032847          49         388       5431.5796
       388000049032859          49         388       5431.5796
       388000049032859          49         388       5431.5796
       388000049032875          49         388       5431.5796
       388000049032875          49         388       5431.5796
       388000049032884          49         388       5431.5796
       388000049032884          49         388       5431.5796
       388000049032948          49         388       5431.5796
       388000049032948          49         388       5431.5796
       388000049033034          49         388       5431.5796
       388000049033034          49         388       5431.5796
       388000049033036          49         388       5431.5796
       388000049033036          49         388       5431.5796
       388000049033105          49         388       5431.5796
       388000049033105          49         388       5431.5796
       388000049034970          49         388       5431.5796
       388000049034970          49         388       5431.5796
       388000049035065          49         388       5431.5796
       388000049035065          49         388       5431.5796
       388000049035075          49         388       5431.5796
       388000049035075          49         388       5431.5796
       388000049035090          49         388       5431.5796
       388000049035090          49         388       5431.5796
       388000049035005          49         388       5431.5796
       388000049035005          49         388       5431.5796
       388000049064036          49         388       5431.5796
       388000049057314          49         388       5431.5796
       388000049057314          49         388       5431.5796
       388000049036731          49         388       5431.5796
       388000049036731          49         388       5431.5796
       388000049036744          49         388       5431.5796
       388000049036744          49         388       5431.5796
       388000049036762          49         388       5431.5796
       388000049036762          49         388       5431.5796
       388000049036789          49         388       5431.5796
       388000049036789          49         388       5431.5796
       388000049036835          49         388       5431.5796
       388000049036835          49         388       5431.5796
       388000049038575          49         388       5431.5796
       388000049038575          49         388       5431.5796
       388000049038588          49         388       5431.5796
       388000049038588          49         388       5431.5796
       388000049038609          49         388       5431.5796
       388000049038609          49         388       5431.5796
       388000049038640          49         388       5431.5796
       388000049038640          49         388       5431.5796
       388000049043012          49         388       5431.5796
       388000049043012          49         388       5431.5796
       388000049046670          49         388       5431.5796
       388000049046670          49         388       5431.5796
       388000049051155          49         388       5431.5796
       388000049051155          49         388       5431.5796
       394004152000016        4152         394       67688.464
       398018194000016       18194         398       45971.687
       401014893000016       14893         401       67688.464
       402020107000016       20107         402       36614.474
       403001465000016        1465         403       23126.500
       406002066008302        2066         406       7875.6135
       406002066008311        2066         406       5431.5796
       406002066008300        2066         406       5681.6329
       406002066004886        2066         406       51.461538
       406002066009392        2066         406       54672.095
       406023538000016       23538         406       7875.6135
       407003240000016        3240         407       36614.474
       409000108000016         108         409       3088.2222
       409000108000371         108         409       5431.5796
       409000108000419         108         409       5431.5796
       409000108000602         108         409       5431.5796
       410013366002203       13366         410       13054.526
       411000259000222         259         411       7875.6135
       411000259000231         259         411       5431.5796
       411000259000016         259         411       5497.6667
       411000793000016         793         411       23126.500
       413015863001076       15863         413       7875.6135
       413015863000016       15863         413       996.62500
       415016679000016       16679         415       23126.500
       416001406000016        1406         416       54672.095
       417002100000016        2100         417       36614.474
       420002691003725        2691         420       7875.6135
       420002691003713        2691         420       7875.6135
       420002691000016        2691         420       51.461538
       420002691003916        2691         420       5681.6329
       420002691004700        2691         420       5431.5796
       420002691004863        2691         420       5431.5796
       421006405000016        6405         421       3088.2222
       425002055000016        2055         425       36614.474
       426000068004420          68         426       45971.687
       426000068000016          68         426       119.93333
       426000068005370          68         426       5431.5796
       426000068005846          68         426       5431.5796
       426000068004029          68         426       5431.5796
       426000068004046          68         426       5681.6329
       426000068003584          68         426       5681.6329
       426000068004051          68         426       7875.6135
       426000068004163          68         426       7875.6135
       427000070000016          70         427       23126.500
       427001420000016        1420         427       54672.095
       429000104005418         104         429       7875.6135
       429000104005435         104         429       7875.6135
       429000104005455         104         429       7875.6135
       429000104006387         104         429       7875.6135
       429000104006401         104         429       7875.6135
       429000104006868         104         429       7875.6135
       429000104006900         104         429       7875.6135
       429000104007992         104         429       7875.6135
       429000104007285         104         429       5431.5796
       429000104008816         104         429       5431.5796
       429000104009229         104         429       5431.5796
       429000104006365         104         429       5431.5796
       429000104006367         104         429       5431.5796
       429000104006380         104         429       5431.5796
       429000104005416         104         429       5431.5796
       429000104000016         104         429       18.357143
       429000181000016         181         429       5497.6667
       430009307000016        9307         430       13054.526
       431000186005363         186         431       7875.6135
       431000186005361         186         431       5431.5796
       431000186000016         186         431       51.461538
       431000186005557         186         431       5431.5796
       431000186005564         186         431       5431.5796
       431000186005861         186         431       5431.5796
       431000186006070         186         431       5431.5796
       436017494009268       17494         436       5431.5796
       436017494009259       17494         436       5431.5796
       436017494009311       17494         436       5431.5796
       436017494009851       17494         436       5431.5796
       436017494011196       17494         436       5431.5796
       436017494000016       17494         436       5.8888889
       436017494028548       17494         436       5431.5796
       436017494028575       17494         436       5431.5796
       436017494012060       17494         436       5431.5796
       436017494017546       17494         436       5431.5796
       436017494019277       17494         436       5431.5796
       436017494023199       17494         436       5431.5796
       436017494009242       17494         436       5431.5796
       436017494012027       17494         436       14394.000
       436017494010516       17494         436       5681.6329
       436017494009328       17494         436       5681.6329
       436017494022206       17494         436       5681.6329
       436017494022226       17494         436       7875.6135
       436017494019702       17494         436       7875.6135
       436017494025419       17494         436       7875.6135
       436017494025513       17494         436       7875.6135
       436017494025546       17494         436       7875.6135
       436017494028511       17494         436       7875.6135
       436017494017582       17494         436       7875.6135
       436017494018655       17494         436       7875.6135
       436017494011993       17494         436       7875.6135
       436017494012036       17494         436       7875.6135
       436017494009341       17494         436       7875.6135
       436017494009827       17494         436       7875.6135
       436017494009848       17494         436       7875.6135
       436017494009863       17494         436       7875.6135
       436017494009879       17494         436       7875.6135
       436017494010521       17494         436       7875.6135
       436017494010538       17494         436       7875.6135
       436017494010560       17494         436       7875.6135
       436017494011249       17494         436       7875.6135
       436017494011262       17494         436       7875.6135
       436017494009323       17494         436       7875.6135
       436017494009265       17494         436       7875.6135
       436017494009279       17494         436       7875.6135
       436017494009287       17494         436       7875.6135
       436017494009303       17494         436       7875.6135
       436017494009244       17494         436       7875.6135
       436017494009219       17494         436       7875.6135
       436017494017556       17494         436       67688.464
       436017494011275       17494         436       45971.687
       436017494009891       17494         436       45971.687
       437005148021281        5148         437       45971.687
       437005148025113        5148         437       45971.687
       437005148022818        5148         437       45971.687
       437005148014171        5148         437       45971.687
       437005148015762        5148         437       45971.687
       437005148015836        5148         437       45971.687
       437005148031253        5148         437       67688.464
       437005148012967        5148         437       67688.464
       437005148011715        5148         437       54672.095
       437005148031115        5148         437       7875.6135
       437005148031186        5148         437       7875.6135
       437005148025148        5148         437       7875.6135
       437005148026106        5148         437       7875.6135
       437005148026136        5148         437       7875.6135
       437005148026233        5148         437       7875.6135
       437005148026838        5148         437       7875.6135
       437005148027777        5148         437       7875.6135
       437005148028962        5148         437       7875.6135
       437005148010534        5148         437       7875.6135
       437005148010536        5148         437       7875.6135
       437005148012900        5148         437       7875.6135
       437005148012916        5148         437       7875.6135
       437005148012929        5148         437       7875.6135
       437005148018876        5148         437       7875.6135
       437005148024111        5148         437       7875.6135
       437005148022744        5148         437       7875.6135
       437005148012860        5148         437       7875.6135
       437005148021322        5148         437       7875.6135
       437005148021154        5148         437       7875.6135
       437005148021188        5148         437       7875.6135
       437005148021234        5148         437       7875.6135
       437005148018929        5148         437       7875.6135
       437005148018937        5148         437       7875.6135
       437005148018969        5148         437       7875.6135
       437005148021095        5148         437       7875.6135
       437005148021122        5148         437       7875.6135
       437005148010478        5148         437       7875.6135
       437005148010529        5148         437       7875.6135
       437005148010509        5148         437       7875.6135
       437005148010549        5148         437       7875.6135
       437005148010569        5148         437       7875.6135
       437005148010585        5148         437       7875.6135
       437005148011704        5148         437       7875.6135
       437005148011709        5148         437       7875.6135
       437005148011691        5148         437       5681.6329
       437005148010548        5148         437       5681.6329
       437005148010471        5148         437       5681.6329
       437005148024102        5148         437       5681.6329
       437005148018867        5148         437       5681.6329
       437005148010532        5148         437       5681.6329
       437005148031076        5148         437       5681.6329
       437005148024085        5148         437       7875.6135
       437005148010507        5148         437       5431.5796
       437005148010522        5148         437       5431.5796
       437005148011647        5148         437       5431.5796
       437005148011657        5148         437       5431.5796
       437005148011672        5148         437       5431.5796
       437005148012891        5148         437       5431.5796
       437005148012944        5148         437       5431.5796
       437005148012959        5148         437       5431.5796
       437005148015703        5148         437       5431.5796
       437005148015708        5148         437       5431.5796
       437005148014137        5148         437       5431.5796
       437005148014160        5148         437       5431.5796
       437005148018910        5148         437       5431.5796
       437005148021135        5148         437       5431.5796
       437005148022718        5148         437       5431.5796
       437005148022726        5148         437       5431.5796
       437005148022763        5148         437       5431.5796
       437005148031094        5148         437       5431.5796
       437005148000016        5148         437       5.8888889
       443005110000016        5110         443       67688.464
       444000515000016         515         444       7378.6000
       444004179000016        4179         444       54672.095
       451010501000016       10501         451       7378.6000
       457004706000016        4706         457       67688.464
       459001153013151        1153         459       45971.687
       459001153013138        1153         459       7875.6135
       459001153014573        1153         459       7875.6135
       459001153014591        1153         459       7875.6135
       459001153013159        1153         459       7875.6135
       459001153013859        1153         459       7875.6135
       459001153017140        1153         459       7875.6135
       459001153016193        1153         459       7875.6135
       459001153023561        1153         459       7875.6135
       459001153023602        1153         459       7875.6135
       459001153013083        1153         459       7875.6135
       459001153013109        1153         459       7875.6135
       459001153013116        1153         459       7875.6135
       459001153013125        1153         459       7875.6135
       459001153013126        1153         459       7875.6135
       459001153018187        1153         459       5681.6329
       459001153016210        1153         459       5681.6329
       459001153013921        1153         459       5681.6329
       459001153000016        1153         459       5.8888889
       459001153013134        1153         459       5431.5796
       459001153014950        1153         459       5431.5796
       459001153016175        1153         459       5431.5796
       459001153018169        1153         459       5431.5796
       465006205000016        6205         465       67688.464
       467000742000016         742         467       13054.526
       469003768000016        3768         469       13054.526
       469003768000119        3768         469       5431.5796
       469018922000016       18922         469       5431.5796
       470000877000016         877         470       13054.526
       473000104004727         104         473       7875.6135
       473022274000016       22274         473       7875.6135
       476000302000249         302         476       23126.500
       477005859000016        5859         477       23126.500
       479006653000016        6653         479       67688.464
       482006950000016        6950         482       45971.687
       484000288000136         288         484       5681.6329
       484000288000016         288         484       7378.6000
       484015130004839       15130         484       5681.6329
       484015130004313       15130         484       7875.6135
       484015130004298       15130         484       7875.6135
       484015130004350       15130         484       7875.6135
       484015130004269       15130         484       7875.6135
       484015130004811       15130         484       7875.6135
       484015130004266       15130         484       5431.5796
       484015130004802       15130         484       5431.5796
       484015130000016       15130         484       51.461538
       484015130004328       15130         484       45971.687
       486000810000016         810         486       23126.500
       487000198001135         198         487       36614.474
       497003425029797        3425         497       45971.687
       497003425022437        3425         497       45971.687
       497003425031202        3425         497       45971.687
       497003425008546        3425         497       2.0000000
       497003425023632        3425         497       5431.5796
       497003425026484        3425         497       5431.5796
       497003425026491        3425         497       5431.5796
       497003425026523        3425         497       5431.5796
       497003425026561        3425         497       5431.5796
       497003425027642        3425         497       5431.5796
       497003425024538        3425         497       5431.5796
       497003425029746        3425         497       5431.5796
       497003425031230        3425         497       5431.5796
       497003425032207        3425         497       5431.5796
       497003425035057        3425         497       5431.5796
       497003425035075        3425         497       5431.5796
       497003425035093        3425         497       5431.5796
       497003425022403        3425         497       5431.5796
       497003425035242        3425         497       5431.5796
       497003425032233        3425         497       7875.6135
       497003425032287        3425         497       7875.6135
       497003425034130        3425         497       7875.6135
       497003425034257        3425         497       7875.6135
       497003425037914        3425         497       7875.6135
       497003425040397        3425         497       7875.6135
       497003425029832        3425         497       7875.6135
       497003425031172        3425         497       7875.6135
       497003425022433        3425         497       5681.6329
       497003425022427        3425         497       5681.6329
       497003425024572        3425         497       5681.6329
       497003425023694        3425         497       5681.6329
       497003425024529        3425         497       7875.6135
       497003425023602        3425         497       7875.6135
       497003425026555        3425         497       7875.6135
       497003425025436        3425         497       7875.6135
       497003425029783        3425         497       7875.6135
       497003425027651        3425         497       7875.6135
       497003425027716        3425         497       7875.6135
       497003425028834        3425         497       7875.6135
       497003425022417        3425         497       7875.6135
       498019824018976       19824         498       18.357143
       499008671000016        8671         499       3088.2222
       499008671000482        8671         499       7875.6135
       501000888010903         888         501       7875.6135
       501000888010935         888         501       7875.6135
       501000888010947         888         501       7875.6135
       501000888010951         888         501       7875.6135
       501000888010966         888         501       7875.6135
       501000888009165         888         501       7875.6135
       501000888009178         888         501       7875.6135
       501000888015907         888         501       5681.6329
       501000888008600         888         501       5681.6329
       501000888013312         888         501       5681.6329
       501000888013344         888         501       7875.6135
       501000888013354         888         501       7875.6135
       501000888013815         888         501       7875.6135
       501000888013295         888         501       7875.6135
       501000888008610         888         501       5431.5796
       501000888008623         888         501       5431.5796
       501000888009152         888         501       5431.5796
       501000888009158         888         501       5431.5796
       501000888009162         888         501       5431.5796
       501000888017075         888         501       5431.5796
       501000888011988         888         501       5431.5796
       501000888000224         888         501       18.357143
       501000888009186         888         501       45971.687
       502002165005486        2165         502       23126.500
       503022645000088       22645         503       5431.5796
       503022645000016       22645         503       7378.6000
       505000086002285          86         505       7875.6135
       505000086002374          86         505       7875.6135
       505000086000016          86         505       119.93333
       510002513000016        2513         510       67688.464
       511003795000016        3795         511       23126.500
