         498
     40000000000000002           0          40       12.800000
     40000001000034773           1          40       186.00851
     40000008000000002           8          40       80.234146
     40000012000000002          12          40       121.17333
     40000020000000002          20          40       186.00851
     40000039000000002          39          40       357.48571
     40000103000000002         103          40       600.50286
     40000114000000002         114          40       600.50286
     40000129000000002         129          40       600.50286
     40000174000000002         174          40       747.07957
     40000197000000002         197          40       747.07957
     41000000000483819           0          41       747.07957
     41000000000618217           0          41       747.07957
     41000000000587082           0          41       600.50286
     41000000000000002           0          41       12.800000
     41000000000205356           0          41       14.933333
     41000000000300110           0          41       14.933333
     41000000000515931           0          41       59.428571
     41000002000000002           2          41       78.400000
     41000003000000002           3          41       78.400000
     41000008000002780           8          41       80.234146
     41000010000000002          10          41       121.17333
     41000032000000002          32          41       357.48571
     41000060000000002          60          41       619.39512
     41000122000000002         122          41       600.50286
     41000139000000002         139          41       600.50286
     41000142000000002         142          41       600.50286
     41000198000000002         198          41       747.07957
     41000225000000002         225          41       747.07957
     42000000000469938           0          42       747.07957
     42000000001041383           0          42       600.50286
     42000000000953118           0          42       78.400000
     42000000000721576           0          42       63.525926
     42000000000000002           0          42       14.933333
     42000000000478459           0          42       12.800000
     42000000000750274           0          42       12.800000
     42000003000000002           3          42       63.525926
     42000012000000002          12          42       121.17333
     42000016000000002          16          42       121.17333
     42000033000000002          33          42       357.48571
     42000049000000002          49          42       357.48571
     42000087000000002          87          42       619.39512
     42000127000000002         127          42       600.50286
     42000208000000002         208          42       747.07957
     43000000000130639           0          43       121.17333
     43000000000000002           0          43       12.800000
     43000027000000002          27          43       186.00851
     43000060000000002          60          43       619.39512
     43000064000000002          64          43       619.39512
     43000106000000002         106          43       600.50286
     43000143000000002         143          43       747.07957
     43000187000000002         187          43       747.07957
     43000207000000002         207          43       747.07957
     43000213000000002         213          43       747.07957
     43000230000000002         230          43       747.07957
     43000231000000002         231          43       747.07957
     44000000000522032           0          44       747.07957
     44000000000587880           0          44       600.50286
     44000000000876153           0          44       600.50286
     44000000000269846           0          44       186.00851
     44000000000947775           0          44       186.00851
     44000000000113226           0          44       121.17333
     44000000000000002           0          44       12.800000
     44000000000186862           0          44       25.600000
     44000000000588231           0          44       14.933333
     44000000000558929           0          44       38.400000
     44000000000317982           0          44       38.400000
     44000000000861344           0          44       63.525926
     44000000000854082           0          44       80.234146
     44000000000481242           0          44       80.234146
     44000006000000002           6          44       80.234146
     44000012000003010          12          44       600.50286
     44000015000000002          15          44       121.17333
     44000022000000002          22          44       186.00851
     44000056000000002          56          44       619.39512
     44000177000000002         177          44       747.07957
     44000226000000002         226          44       747.07957
     45000000000139647           0          45       357.48571
     45000000000202493           0          45       357.48571
     45000000000387254           0          45       63.525926
     45000000000214710           0          45       59.428571
     45000000000143263           0          45       38.400000
     45000000000000002           0          45       12.800000
     45000005000000002           5          45       63.525926
     45000009000000002           9          45       80.234146
     45000009000002490           9          45       357.48571
     45000011000000002          11          45       121.17333
     45000049000000002          49          45       357.48571
     45000196000000002         196          45       747.07957
     45000210000000002         210          45       747.07957
     46000000000000002           0          46       12.800000
     46000000000191914           0          46       78.400000
     46000005000010672           5          46       186.00851
     46000005000016809           5          46       121.17333
     46000025000000002          25          46       186.00851
     46000041000000002          41          46       357.48571
     46000055000000002          55          46       619.39512
     46000096000000002          96          46       600.50286
     46000180000000002         180          46       747.07957
     46000182000000002         182          46       747.07957
     46000218000000002         218          46       747.07957
     46000227000000002         227          46       747.07957
     46000246000000002         246          46       747.07957
     47000000000000002           0          47       12.800000
     47000000000224999           0          47       59.428571
     47000000000315832           0          47       25.600000
     47000001000000002           1          47       59.428571
     47000005000001163           5          47       121.17333
     47000006000000002           6          47       80.234146
     47000014000005514          14          47       600.50286
     47000032000000002          32          47       357.48571
     47000057000000002          57          47       619.39512
     47000245000000002         245          47       747.07957
     48000000000183022           0          48       357.48571
     48000000000169862           0          48       78.400000
     48000000000000002           0          48       12.800000
     48000006000000002           6          48       80.234146
     48000007000000002           7          48       80.234146
     48000015000000002          15          48       121.17333
     48000030000000002          30          48       186.00851
     48000041000000002          41          48       357.48571
     48000074000000201          74          48       747.07957
     48000123000000002         123          48       747.07957
     48000124000000002         124          48       600.50286
     48000147000000002         147          48       600.50286
     48000199000000002         199          48       747.07957
     48000221000000002         221          48       747.07957
     49000000000000002           0          49       12.800000
     49000002000000002           2          49       78.400000
     49000004000013094           4          49       747.07957
     49000008000000002           8          49       80.234146
     49000010000000002          10          49       80.234146
     49000019000000002          19          49       186.00851
     49000021000000002          21          49       186.00851
     49000022000000002          22          49       357.48571
     49000036000000002          36          49       357.48571
     49000055000000002          55          49       357.48571
     49000077000000990          77          49       600.50286
     49000164000000002         164          49       747.07957
     49000185000000002         185          49       747.07957
     50000000000138395           0          50       63.525926
     50000000000000002           0          50       12.800000
     50000005000007340           5          50       80.234146
     50000012000000002          12          50       121.17333
     50000018000000002          18          50       186.00851
     50000027000000002          27          50       186.00851
     50000048000000002          48          50       357.48571
     50000052000000002          52          50       357.48571
     50000100000000002         100          50       600.50286
     50000233000000002         233          50       747.07957
     51000000000351389           0          51       600.50286
     51000000000574529           0          51       121.17333
     51000000000165818           0          51       63.525926
     51000000000169925           0          51       600.50286
     51000000000394462           0          51       38.400000
     51000000000000002           0          51       14.933333
     51000002000018717           2          51       186.00851
     51000003000000002           3          51       78.400000
     51000014000000002          14          51       186.00851
     51000016000000002          16          51       121.17333
     51000037000000002          37          51       357.48571
     51000133000000002         133          51       600.50286
     52000000000000002           0          52       14.933333
     52000001000000002           1          52       59.428571
     52000002000000002           2          52       78.400000
     52000006000000002           6          52       63.525926
     52000024000000002          24          52       186.00851
     52000032000000002          32          52       357.48571
     52000070000000002          70          52       619.39512
     52000108000000002         108          52       600.50286
     52000169000000002         169          52       747.07957
     53000000000270323           0          53       186.00851
     53000000000202677           0          53       186.00851
     53000000000000002           0          53       14.933333
     53000001000000002           1          53       59.428571
     53000007000002749           7          53       600.50286
     53000020000000002          20          53       186.00851
     53000205000000002         205          53       747.07957
     54000000000091827           0          54       80.234146
     54000000000000002           0          54       14.933333
     54000003000009924           3          54       121.17333
     54000011000004655          11          54       600.50286
     54000013000000002          13          54       121.17333
     54000027000000002          27          54       186.00851
     54000060000000002          60          54       619.39512
     54000074000000002          74          54       619.39512
     54000135000000002         135          54       600.50286
     54000174000000002         174          54       747.07957
     54000215000000002         215          54       747.07957
     55000000000202670           0          55       600.50286
     55000000000205159           0          55       186.00851
     55000000000000002           0          55       14.933333
     55000000000192575           0          55       80.234146
     55000008000000002           8          55       80.234146
     55000141000000002         141          55       600.50286
     55000190000000002         190          55       747.07957
     56000000000172791           0          56       78.400000
     56000000000000002           0          56       12.800000
     56000004000000002           4          56       63.525926
     56000013000000002          13          56       121.17333
     56000019000000002          19          56       186.00851
     56000032000000002          32          56       186.00851
     56000037000000002          37          56       619.39512
     56000075000000002          75          56       619.39512
     56000135000000002         135          56       600.50286
     56000217000000002         217          56       747.07957
     56000234000000002         234          56       747.07957
     57000000000106803           0          57       747.07957
     57000000000000002           0          57       12.800000
     57000000000000002           0          57       12.800000
     57000001000000002           1          57       59.428571
     57000002000000002           2          57       78.400000
     57000006000000002           6          57       121.17333
     57000007000000002           7          57       80.234146
     57000009000000002           9          57       80.234146
     57000010000000002          10          57       121.17333
     57000025000000002          25          57       357.48571
     57000084000000002          84          57       619.39512
     57000138000000002         138          57       600.50286
     57000177000000002         177          57       747.07957
     57000224000000002         224          57       747.07957
     57000229000000002         229          57       747.07957
     58000000000146510           0          58       14.933333
     58000000000000002           0          58       12.800000
     58000001000016624           1          58       600.50286
     58000005000012492           5          58       747.07957
     58000005000000002           5          58       80.234146
     58000018000000002          18          58       121.17333
     58000045000000002          45          58       357.48571
     59000000000086246           0          59       80.234146
     59000000000000002           0          59       14.933333
     59000001000000002           1          59       59.428571
     59000001000020926           1          59       63.525926
     59000010000000002          10          59       80.234146
     59000034000000002          34          59       357.48571
     59000035000000002          35          59       357.48571
     59000047000000002          47          59       357.48571
     59000174000000002         174          59       747.07957
     59000184000000002         184          59       747.07957
     59000252000000002         252          59       747.07957
     60000002000018658           2          60       80.234146
     60000007000000002           7          60       80.234146
     60000022000000002          22          60       186.00851
     60000036000000002          36          60       619.39512
     60000074000000002          74          60       619.39512
     60000091000000002          91          60       600.50286
     60000099000000002          99          60       600.50286
     60000106000000002         106          60       600.50286
     60000112000000002         112          60       600.50286
     60000121000000002         121          60       600.50286
     60000128000000002         128          60       600.50286
     60000156000000002         156          60       747.07957
     61000000000398444           0          61       600.50286
     61000000000217036           0          61       619.39512
     61000000000000002           0          61       12.800000
     61000000000169990           0          61       38.400000
     61000000000236078           0          61       38.400000
     61000000000515505           0          61       14.933333
     61000000000115408           0          61       78.400000
     61000000000648072           0          61       63.525926
     61000000000078380           0          61       80.234146
     61000000000132798           0          61       357.48571
     61000000000125700           0          61       80.234146
     61000004000000002           4          61       63.525926
     61000008000000002           8          61       80.234146
     61000009000002769           9          61       619.39512
     61000012000000002          12          61       121.17333
     61000043000000002          43          61       357.48571
     61000050000000002          50          61       357.48571
     61000077000000002          77          61       619.39512
     61000078000000002          78          61       619.39512
     61000080000000002          80          61       619.39512
     62000000000000002           0          62       12.800000
     62000016000000002          16          62       121.17333
     62000053000000002          53          62       357.48571
     62000065000000002          65          62       619.39512
     62000101000000002         101          62       600.50286
     62000111000000002         111          62       600.50286
     63000000000243159           0          63       747.07957
     63000000000109761           0          63       186.00851
     63000000000000002           0          63       14.933333
     63000000000172623           0          63       63.525926
     63000001000000002           1          63       59.428571
     63000003000000002           3          63       63.525926
     63000004000000002           4          63       63.525926
     63000014000000002          14          63       121.17333
     63000015000002132          15          63       747.07957
     63000025000000003          25          63       186.00851
     63000075000000002          75          63       619.39512
     63000117000000002         117          63       600.50286
     63000123000000002         123          63       747.07957
     63000131000000002         131          63       600.50286
     63000150000000002         150          63       600.50286
     63000156000000002         156          63       600.50286
     63000186000000002         186          63       747.07957
     64000000000348301           0          64       59.428571
     64000000000000002           0          64       14.933333
     64000000000138293           0          64       25.600000
     64000001000000002           1          64       59.428571
     64000003000000002           3          64       80.234146
     64000007000000002           7          64       80.234146
     64000008000000002           8          64       80.234146
     64000013000000002          13          64       121.17333
     64000016000000002          16          64       121.17333
     64000038000000002          38          64       357.48571
     64000051000000002          51          64       357.48571
     64000063000000002          63          64       600.50286
     64000137000000002         137          64       600.50286
     64000232000000002         232          64       747.07957
     65000000000172151           0          65       186.00851
     65000004000000002           4          65       80.234146
     65000007000000002           7          65       80.234146
     65000008000000002           8          65       80.234146
     65000012000000002          12          65       121.17333
     65000019000000002          19          65       186.00851
     65000020000000002          20          65       186.00851
     65000027000000002          27          65       186.00851
     65000063000000002          63          65       619.39512
     65000096000000002          96          65       619.39512
     65000130000000002         130          65       600.50286
     65000131000000002         131          65       600.50286
     65000154000000002         154          65       600.50286
     65000165000000002         165          65       747.07957
     65000198000000002         198          65       747.07957
     66000000000125924           0          66       357.48571
     66000000000000002           0          66       14.933333
     66000001000015818           1          66       619.39512
     66000004000000002           4          66       80.234146
     66000005000000002           5          66       63.525926
     66000012000000002          12          66       121.17333
     66000022000000002          22          66       186.00851
     66000047000000002          47          66       357.48571
     66000060000000002          60          66       600.50286
     66000061000000002          61          66       619.39512
     66000071000000002          71          66       619.39512
     66000079000000002          79          66       600.50286
     66000126000000002         126          66       600.50286
     67000000000123859           0          67       186.00851
     67000000000165225           0          67       63.525926
     67000000000000002           0          67       14.933333
     67000003000000002           3          67       78.400000
     67000003000006197           3          67       600.50286
     67000005000000002           5          67       63.525926
     67000009000000002           9          67       80.234146
     67000012000000002          12          67       121.17333
     67000015000000002          15          67       121.17333
     67000016000000002          16          67       186.00851
     67000034000000002          34          67       357.48571
     67000053000000002          53          67       357.48571
     67000146000000002         146          67       747.07957
     67000237000000002         237          67       747.07957
     67000257000000002         257          67       747.07957
     68000000000270104           0          68       619.39512
     68000000000260408           0          68       600.50286
     68000000000000002           0          68       12.800000
     68000000000086383           0          68       14.933333
     68000000000271895           0          68       14.933333
     68000005000000002           5          68       63.525926
     68000008000000002           8          68       80.234146
     68000017000000002          17          68       121.17333
     68000017000002450          17          68       747.07957
     68000046000000002          46          68       357.48571
     68000124000000002         124          68       600.50286
     68000243000000002         243          68       747.07957
     69000000000000002           0          69       14.933333
     69000002000000002           2          69       78.400000
     69000010000000002          10          69       80.234146
     69000012000000002          12          69       121.17333
     69000014000000002          14          69       121.17333
     69000076000000002          76          69       619.39512
     69000081000000002          81          69       619.39512
     69000085000000002          85          69       619.39512
     69000165000000002         165          69       747.07957
     69000201000000002         201          69       747.07957
     69000219000000002         219          69       747.07957
     69000237000000002         237          69       747.07957
     69000239000000002         239          69       747.07957
     70000000000118835           0          70       600.50286
     70000000000000002           0          70       14.933333
     70000003000000002           3          70       78.400000
     70000013000000002          13          70       121.17333
     70000014000000002          14          70       121.17333
     70000022000000002          22          70       186.00851
     70000066000000002          66          70       619.39512
     70000114000000002         114          70       600.50286
     70000154000000208         154          70       747.07957
     70000184000000002         184          70       747.07957
     70000187000000002         187          70       747.07957
     70000212000000002         212          70       747.07957
     71000000000153550           0          71       14.933333
     71000003000000002           3          71       63.525926
     71000006000000002           6          71       80.234146
     71000039000000002          39          71       357.48571
     71000137000000002         137          71       600.50286
     71000148000000002         148          71       747.07957
     71000160000000002         160          71       747.07957
     72000000000097996           0          72       80.234146
     72000000000000002           0          72       14.933333
     72000004000000002           4          72       63.525926
     72000007000000002           7          72       80.234146
     72000012000000002          12          72       121.17333
     72000016000000002          16          72       186.00851
     72000022000000002          22          72       186.00851
     72000024000000002          24          72       186.00851
     72000131000000002         131          72       600.50286
     72000168000000002         168          72       747.07957
     72000169000000002         169          72       747.07957
     72000220000000002         220          72       747.07957
     72000232000000002         232          72       747.07957
     73000000000100236           0          73       121.17333
     73000000000255129           0          73       78.400000
     73000000000000002           0          73       14.933333
     73000010000003177          10          73       121.17333
     73000025000000002          25          73       186.00851
     73000118000000002         118          73       600.50286
     73000133000000002         133          73       600.50286
     74000000000136151           0          74       619.39512
     74000000000097594           0          74       121.17333
     74000000000000002           0          74       14.933333
     74000001000000002           1          74       78.400000
     74000067000000002          67          74       619.39512
     74000109000000002         109          74       600.50286
     74000121000000002         121          74       600.50286
     75000000000093296           0          75       747.07957
     75000000000000002           0          75       14.933333
     75000001000021645           1          75       63.525926
     75000003000000301           3          75       63.525926
     75000009000000002           9          75       121.17333
     75000018000000002          18          75       186.00851
     75000079000000002          79          75       619.39512
     75000147000000002         147          75       747.07957
     75000203000000002         203          75       747.07957
     76000000000149172           0          76       619.39512
     76000000000223744           0          76       619.39512
     76000000000258118           0          76       121.17333
     76000000000256804           0          76       186.00851
     76000000000000002           0          76       14.933333
     76000000000125132           0          76       38.400000
     76000001000000002           1          76       59.428571
     76000008000007409           8          76       80.234146
     76000010000000002          10          76       121.17333
     76000016000000002          16          76       121.17333
     76000017000000002          17          76       121.17333
     76000024000000002          24          76       186.00851
     76000046000000002          46          76       357.48571
     76000123000000002         123          76       600.50286
     76000190000000002         190          76       747.07957
     77000000000118932           0          77       600.50286
     77000000000000002           0          77       14.933333
     77000003000000002           3          77       63.525926
     77000005000000002           5          77       63.525926
     77000006000000002           6          77       80.234146
     77000013000003581          13          77       747.07957
     77000031000000002          31          77       186.00851
     77000120000000002         120          77       600.50286
     77000150000000002         150          77       747.07957
     77000155000000002         155          77       747.07957
     77000159000000002         159          77       747.07957
     77000163000000002         163          77       747.07957
     77000169000000002         169          77       747.07957
     77000227000000002         227          77       747.07957
     78000000000425291           0          78       747.07957
     78000000000457183           0          78       186.00851
     78000000000291645           0          78       80.234146
     78000000000000002           0          78       14.933333
     78000000000337467           0          78       38.400000
     78000000000337467           0          78       38.400000
     78000000000118197           0          78       25.600000
     78000004000000002           4          78       63.525926
     78000029000000002          29          78       357.48571
     78000030000000002          30          78       186.00851
     78000055000000002          55          78       619.39512
     78000137000000002         137          78       600.50286
     79000000000236409           0          79       121.17333
     79000000000220245           0          79       59.428571
     79000001000000002           1          79       59.428571
     79000005000000002           5          79       63.525926
     79000015000000002          15          79       121.17333
     79000022000000002          22          79       186.00851
     79000040000000002          40          79       357.48571
     79000045000000002          45          79       357.48571
     79000090000000002          90          79       619.39512
     79000109000000002         109          79       600.50286
     79000189000000002         189          79       747.07957
     79000209000000002         209          79       747.07957
     80000000000197325           0          80       747.07957
     80000000000346132           0          80       619.39512
     80000000000281252           0          80       186.00851
     80000000000099777           0          80       14.933333
     80000000000201546           0          80       14.933333
     80000030000000002          30          80       186.00851
     80000033000000002          33          80       357.48571
     80000037000000002          37          80       357.48571
     80000063000000002          63          80       619.39512
     80000092000000002          92          80       600.50286
     80000124000000002         124          80       600.50286
     80000214000000002         214          80       747.07957
     80000257000000002         257          80       747.07957
