         301
     40000000000056642           0          40       531.93628
     40000000000008212           0          40       531.93628
     40000000000046017           0          40       531.93628
     40000000000025541           0          40       493.48923
     40000002000005938           2          40       392.74146
     40000006000000617           6          40       531.93628
     40000019000000041          19          40       531.93628
     41000000000036533           0          41       531.93628
     41000000000047565           0          41       493.48923
     41000000000380494           0          41       531.93628
     41000000000264375           0          41       493.48923
     41000000000326373           0          41       493.48923
     41000000000137543           0          41       279.94839
     41000000000300149           0          41       69.818182
     41000000000000041           0          41       76.800000
     41000001000006499           1          41       531.93628
     41000008000002819           8          41       279.94839
     41000011000000341          11          41       493.48923
     41000020000000041          20          41       392.74146
     42000000000447927           0          42       392.74146
     42000000000567791           0          42       392.74146
     42000000000108789           0          42       279.94839
     42000000000568216           0          42       279.94839
     42000000000377143           0          42       106.16471
     42000000000119107           0          42       392.74146
     42000000001097670           0          42       392.74146
     42000000000548863           0          42       493.48923
     42000000000362505           0          42       493.48923
     42000000001102372           0          42       531.93628
     42000000000478498           0          42       76.800000
     42000000000407464           0          42       106.16471
     42000009000000041           9          42       493.48923
     42000009000008302           9          42       392.74146
     42000011000000041          11          42       531.93628
     43000000000216040           0          43       493.48923
     43000000000173553           0          43       392.74146
     43000000000096721           0          43       493.48923
     43000001000013835           1          43       69.818182
     43000004000000041           4          43       493.48923
     43000005000000838           5          43       531.93628
     43000005000006214           5          43       531.93628
     44000000000074009           0          44       531.93628
     44000000000422659           0          44       531.93628
     44000000000205563           0          44       531.93628
     44000000000636912           0          44       493.48923
     44000000000646196           0          44       279.94839
     44000000000596616           0          44       279.94839
     44000000000191058           0          44       226.40000
     44000000000186901           0          44       76.800000
     44000000000200745           0          44       69.818182
     44000020000000041          20          44       531.93628
     45000000000179967           0          45       531.93628
     45000000000267233           0          45       279.94839
     45000000000260976           0          45       279.94839
     45000000000376013           0          45       493.48923
     45000000000015558           0          45       392.74146
     45000000000099496           0          45       392.74146
     45000000000392010           0          45       392.74146
     45000000000065228           0          45       392.74146
     45000001000008933           1          45       531.93628
     45000001000054411           1          45       531.93628
     45000003000009220           3          45       392.74146
     46000000000298365           0          46       493.48923
     46000000000123765           0          46       226.40000
     46000000000034037           0          46       106.16471
     46000000000231959           0          46       531.93628
     46000000000101500           0          46       531.93628
     46000000000163502           0          46       531.93628
     46000000000086083           0          46       69.818182
     46000003000003105           3          46       531.93628
     46000003000003274           3          46       531.93628
     46000005000002453           5          46       493.48923
     46000015000000041          15          46       392.74146
     46000099000000041          99          46       531.93628
     47000000000115833           0          47       531.93628
     47000000000283882           0          47       531.93628
     47000000000136529           0          47       531.93628
     47000000000134118           0          47       531.93628
     47000000000160208           0          47       392.74146
     47000000000155788           0          47       392.74146
     47000000000500651           0          47       493.48923
     47000000000023796           0          47       106.16471
     47000000000133664           0          47       226.40000
     47000003000004318           3          47       493.48923
     48000000000113530           0          48       531.93628
     48000000000100784           0          48       279.94839
     48000000000183061           0          48       493.48923
     48000001000001502           1          48       531.93628
     49000000000184697           0          49       531.93628
     49000000000132490           0          49       493.48923
     49000000000036948           0          49       226.40000
     49000016000000041          16          49       493.48923
     49000028000000041          28          49       531.93628
     50000000000117034           0          50       531.93628
     50000000000006822           0          50       279.94839
     50000000000131858           0          50       279.94839
     50000000000045428           0          50       493.48923
     50000001000005509           1          50       279.94839
     50000027000000267          27          50       531.93628
     50000058000000041          58          50       531.93628
     51000000000159453           0          51       531.93628
     51000000000173077           0          51       531.93628
     51000000000113132           0          51       531.93628
     51000000000142552           0          51       106.16471
     51000000000057861           0          51       493.48923
     51000000000007779           0          51       493.48923
     51000002000036568           2          51       226.40000
     51000002000000041           2          51       493.48923
     51000059000000041          59          51       531.93628
     52000000000132010           0          52       493.48923
     52000000000040018           0          52       531.93628
     52000001000000041           1          52       76.800000
     53000000000001897           0          53       531.93628
     53000000000078560           0          53       531.93628
     53000000000011935           0          53       106.16471
     53000000000065202           0          53       493.48923
     53000001000010978           1          53       531.93628
     53000001000000041           1          53       69.818182
     54000000000060504           0          54       106.16471
     54000000000002197           0          54       279.94839
     54000004000000810           4          54       493.48923
     54000006000005030           6          54       531.93628
     54000011000005696          11          54       531.93628
     55000002000010149           2          55       531.93628
     55000009000000744           9          55       493.48923
     55000023000000041          23          55       531.93628
     56000000000009105           0          56       493.48923
     56000000000022464           0          56       392.74146
     56000003000006730           3          56       531.93628
     57000000000119487           0          57       531.93628
     57000000000022467           0          57       531.93628
     57000000000145872           0          57       531.93628
     57000000000099171           0          57       493.48923
     57000000000003210           0          57       106.16471
     57000001000000041           1          57       226.40000
     58000000000050859           0          58       493.48923
     58000000000072886           0          58       493.48923
     58000000000084325           0          58       531.93628
     58000000000190450           0          58       531.93628
     58000000000099655           0          58       531.93628
     58000000000095634           0          58       531.93628
     58000000000112091           0          58       531.93628
     58000000000172348           0          58       493.48923
     58000000000107143           0          58       69.818182
     58000000000000041           0          58       12.800000
     58000002000001372           2          58       392.74146
     58000003000003543           3          58       493.48923
     58000018000000041          18          58       531.93628
     58000035000000041          35          58       531.93628
     59000000000093215           0          59       531.93628
     59000000000061576           0          59       531.93628
     59000000000015315           0          59       531.93628
     59000000000134663           0          59       531.93628
     59000000000170589           0          59       279.94839
     59000000000301824           0          59       279.94839
     59000000000063818           0          59       226.40000
     59000000000214221           0          59       226.40000
     59000000000000041           0          59       106.16471
     59000000000104322           0          59       493.48923
     59000000000015961           0          59       392.74146
     59000000000128310           0          59       392.74146
     59000002000000041           2          59       493.48923
     59000014000000041          14          59       392.74146
     59000055000000041          55          59       493.48923
     59000089000000041          89          59       531.93628
     60000000000086859           0          60       531.93628
     60000000000100178           0          60       531.93628
     60000000000092783           0          60       392.74146
     60000001000007001           1          60       279.94839
     60000005000003214           5          60       531.93628
     61000000000072150           0          61       531.93628
     61000000000176045           0          61       226.40000
     61000000000236117           0          61       106.16471
     61000000000058423           0          61       392.74146
     61000000000561726           0          61       493.48923
     61000000000056765           0          61       69.818182
     62000000000098031           0          62       493.48923
     62000000000133555           0          62       531.93628
     62000000000089638           0          62       531.93628
     62000000000002599           0          62       531.93628
     62000000000096123           0          62       531.93628
     62000001000000041           1          62       226.40000
     62000002000000041           2          62       226.40000
     62000010000000041          10          62       493.48923
     62000019000000041          19          62       493.48923
     63000000000129476           0          63       392.74146
     63000000000038346           0          63       106.16471
     63000000000000041           0          63       106.16471
     63000000000125978           0          63       106.16471
     63000000000148629           0          63       531.93628
     63000008000000041           8          63       279.94839
     64000000000012086           0          64       279.94839
     64000000000348340           0          64       106.16471
     64000005000000866           5          64       531.93628
     64000035000000041          35          64       531.93628
     65000000000007442           0          65       392.74146
     65000000000015785           0          65       493.48923
     65000020000000041          20          65       493.48923
     65000022000000381          22          65       531.93628
     66000000000080643           0          66       493.48923
     66000000000095948           0          66       531.93628
     66000000000095342           0          66       493.48923
     66000000000091254           0          66       279.94839
     66000000000000041           0          66       69.818182
     67000000000000041           0          67       12.800000
     67000000000126194           0          67       106.16471
     67000000000088179           0          67       392.74146
     67000000000099678           0          67       531.93628
     67000001000001431           1          67       106.16471
     67000003000006236           3          67       531.93628
     67000032000000041          32          67       531.93628
     68000000000005471           0          68       279.94839
     68000000000311436           0          68       279.94839
     68000000000423854           0          68       392.74146
     68000000000136256           0          68       392.74146
     68000000000159725           0          68       392.74146
     68000000000076289           0          68       493.48923
     68000007000000348           7          68       493.48923
     68000028000000041          28          68       493.48923
     69000000000009126           0          69       493.48923
     69000002000000731           2          69       392.74146
     69000014000000041          14          69       531.93628
     70000000000012681           0          70       531.93628
     70000000000094734           0          70       531.93628
     70000000000079311           0          70       531.93628
     70000000000028491           0          70       392.74146
     70000000000005235           0          70       392.74146
     70000001000012672           1          70       493.48923
     70000002000003942           2          70       493.48923
     70000002000000041           2          70       69.818182
     70000004000000444           4          70       531.93628
     70000005000003701           5          70       531.93628
     70000012000000041          12          70       531.93628
     71000000000302336           0          71       531.93628
     71000000000329777           0          71       531.93628
     71000000000106418           0          71       493.48923
     71000000000025812           0          71       226.40000
     71000000000027748           0          71       226.40000
     71000000000022499           0          71       69.818182
     71000000000000041           0          71       12.800000
     71000001000005395           1          71       392.74146
     71000001000003005           1          71       279.94839
     71000009000000992           9          71       531.93628
     71000013000000041          13          71       493.48923
     72000000000055303           0          72       531.93628
     72000000000187810           0          72       531.93628
     72000000000086925           0          72       392.74146
     72000001000012121           1          72       279.94839
     72000003000003064           3          72       531.93628
     73000000000068794           0          73       279.94839
     73000000000201315           0          73       279.94839
     73000000000128740           0          73       226.40000
     73000000000039870           0          73       279.94839
     73000000000270324           0          73       392.74146
     73000000000042342           0          73       392.74146
     73000000000048168           0          73       493.48923
     73000000000061343           0          73       493.48923
     73000000000036463           0          73       69.818182
     73000005000000805           5          73       392.74146
     73000006000000744           6          73       493.48923
     73000011000000041          11          73       279.94839
     73000012000000728          12          73       531.93628
     73000016000000305          16          73       531.93628
     74000000000101400           0          74       531.93628
     74000004000000041           4          74       279.94839
     75000000000027351           0          75       392.74146
     75000000000055904           0          75       392.74146
     75000000000056243           0          75       531.93628
     75000000000060596           0          75       531.93628
     75000013000000425          13          75       531.93628
     75000022000000041          22          75       493.48923
     76000000000270732           0          76       493.48923
     76000000000012520           0          76       106.16471
     76000000000318318           0          76       531.93628
     76000001000006535           1          76       531.93628
     76000008000007448           8          76       493.48923
     76000014000000443          14          76       493.48923
     77000000000120214           0          77       531.93628
     77000000000014274           0          77       226.40000
     77000000000114258           0          77       392.74146
     77000001000000041           1          77       226.40000
     77000007000000460           7          77       493.48923
     77000008000000572           8          77       531.93628
     78000000000128126           0          78       493.48923
     78000000000356840           0          78       493.48923
     78000000000120891           0          78       279.94839
     78000000000078334           0          78       392.74146
     78000017000000810          17          78       531.93628
     79000000000225954           0          79       531.93628
     79000000000100226           0          79       531.93628
     79000000000193015           0          79       531.93628
     79000000000221173           0          79       279.94839
     79000003000005383           3          79       531.93628
     79000021000000041          21          79       531.93628
     80000000000262948           0          80       531.93628
     80000000000033734           0          80       531.93628
     80000000000102486           0          80       531.93628
     80000000000077360           0          80       531.93628
     80000000000110343           0          80       279.94839
     80000000000076024           0          80       493.48923
     80000001000013052           1          80       493.48923
