        1417
              13000026          13           0       369.92000
              13001075          13           0       11452.710
              13000856          13           0       11452.710
              13000644          13           0       11452.710
              16000026          16           0       369.92000
              16000395          16           0       9036.1748
              16000518          16           0       9036.1748
              16000526          16           0       27997.420
              16000436          16           0       27997.420
            8711000026        8711           0       27997.420
         3004050000026        4050           3       11452.710
         4000046000275          46           4       9036.1748
         4000046000026          46           4       1332.7241
         4000046000220          46           4       27997.420
         4000770000026         770           4       8012.3462
         5008711000026        8711           5       9036.1748
         6000095000134          95           6       9036.1748
         6000095000146          95           6       11452.710
         6000095000160          95           6       11452.710
         6000095000026          95           6       3350.7500
         6000095000472          95           6       27997.420
        10000026000823          26          10       27997.420
        10000026000823          26          10       27997.420
        10000026000795          26          10       9036.1748
        10000026000795          26          10       9036.1748
        10000026000791          26          10       9036.1748
        10000026000791          26          10       9036.1748
        10000026000638          26          10       9036.1748
        10000026000638          26          10       9036.1748
        10000026001918          26          10       9036.1748
        10000026000812          26          10       9036.1748
        10000026000812          26          10       9036.1748
        10000026000804          26          10       9036.1748
        10000026000804          26          10       9036.1748
        10000026000645          26          10       9036.1748
        10000026000645          26          10       9036.1748
        10000026000666          26          10       11452.710
        10000026000666          26          10       11452.710
        10000026000660          26          10       11452.710
        10000026000660          26          10       11452.710
        10000026000652          26          10       11452.710
        10000026000652          26          10       11452.710
        10000026002021          26          10       11452.710
        10000026001893          26          10       11452.710
        10000026000820          26          10       11452.710
        10000026000820          26          10       11452.710
        11000176000026         176          11       2300.7188
        11004120000026        4120          11       9036.1748
        11020838000026       20838          11       30357.642
        13000087000139          87          13       7695.8182
        13000087000026          87          13       2300.7188
        13003024000026        3024          13       27997.420
        13003142000026        3142          13       27997.420
        14012099000026       12099          14       19577.387
        15009720000026        9720          15       2300.7188
        15009720000143        9720          15       9036.1748
        15009720000084        9720          15       11452.710
        15009851000071        9851          15       11452.710
        15009851000026        9851          15       8012.3462
        15012821000026       12821          15       30357.642
        16001495000026        1495          16       19577.387
        16014030000026       14030          16       19577.387
        17000452000026         452          17       8012.3462
        17000452000077         452          17       9036.1748
        17014115000793       14115          17       9036.1748
        17014115000781       14115          17       9036.1748
        17014115000026       14115          17       52.896552
        17014115000778       14115          17       11452.710
        17014115000768       14115          17       11452.710
        17014115000598       14115          17       11452.710
        17014115000588       14115          17       11452.710
        17014115001781       14115          17       11452.710
        17014115001463       14115          17       11452.710
        17014115001736       14115          17       11452.710
        17014115001752       14115          17       11452.710
        17014115001768       14115          17       11452.710
        17014115001846       14115          17       11452.710
        17014115000799       14115          17       27997.420
        17015128000026       15128          17       8012.3462
        18001206000026        1206          18       1332.7241
        18001206000306        1206          18       11452.710
        18002716000026        2716          18       12383.466
        19000029000305          29          19       3350.7500
        20000002000026           2          20       52.896552
        20000002000975           2          20       9036.1748
        20000002000974           2          20       9036.1748
        20000002001126           2          20       12383.466
        20000002000959           2          20       11452.710
        20000002001112           2          20       11452.710
        20000002000981           2          20       11452.710
        20006296000286        6296          20       11452.710
        20006296000373        6296          20       9036.1748
        20006296000914        6296          20       9036.1748
        20006296000026        6296          20       1332.7241
        20006427000026        6427          20       3350.7500
        20006427000097        6427          20       11452.710
        20006755000073        6755          20       9036.1748
        20006755000026        6755          20       8012.3462
        21000752000026         752          21       5547.5349
        22003432002537        3432          22       2300.7188
        22004138000026        4138          22       12383.466
        23003404000026        3404          23       1332.7241
        25005417000026        5417          25       52.896552
        25005417001640        5417          25       9036.1748
        25005417001993        5417          25       9036.1748
        25005417001876        5417          25       9036.1748
        25005417001632        5417          25       9036.1748
        25005417001628        5417          25       9036.1748
        25005417001369        5417          25       11452.710
        25005417001855        5417          25       11452.710
        25005417002108        5417          25       11452.710
        25005417001133        5417          25       11452.710
        25005417001870        5417          25       11452.710
        25005837000026        5837          25       8012.3462
        27000110000799         110          27       9036.1748
        27000110000026         110          27       369.92000
        27000110001446         110          27       11452.710
        27000110000728         110          27       11452.710
        27000469000026         469          27       5547.5349
        32017619024147       17619          32       12383.466
        34002895000026        2895          34       27997.420
        34010684000026       10684          34       5547.5349
        35000222000144         222          35       12383.466
        35013555000039       13555          35       11452.710
        36007295000305        7295          36       11452.710
        36007295000282        7295          36       11452.710
        36007295000026        7295          36       1332.7241
        37017405000026       17405          37       11452.710
        40000140000026         140          40       12383.466
        40008320000113        8320          40       11452.710
        40008320000026        8320          40       5547.5349
        41010006000026       10006          41       850.56522
        41010006000522       10006          41       9036.1748
        41010006000687       10006          41       11452.710
        41010006000470       10006          41       27997.420
        41010012000026       10012          41       2300.7188
        42008684000026        8684          42       12383.466
        46002981000026        2981          46       8012.3462
        47008204000026        8204          47       27997.420
        47023680000682       23680          47       27997.420
        47023680000577       23680          47       9036.1748
        47023680000560       23680          47       9036.1748
        47023680000557       23680          47       9036.1748
        47023680000600       23680          47       9036.1748
        47023680000602       23680          47       9036.1748
        47023680000026       23680          47       369.92000
        47023680000583       23680          47       11452.710
        47023680000566       23680          47       11452.710
        47023680001557       23680          47       11452.710
        49011757000863       11757          49       11452.710
        49011757000786       11757          49       11452.710
        49011757000780       11757          49       11452.710
        49011757000026       11757          49       369.92000
        49011757000717       11757          49       27997.420
        49011757000764       11757          49       30357.642
        50014991000026       14991          50       3350.7500
        51002067000026        2067          51       30357.642
        51002561000026        2561          51       19577.387
        51018172000026       18172          51       369.92000
        51018172000821       18172          51       7695.8182
        51018172001197       18172          51       11452.710
        51018172000491       18172          51       11452.710
        51018172000493       18172          51       9036.1748
        52000278000026         278          52       3350.7500
        54000588000026         588          54       8012.3462
        55003657000026        3657          55       27997.420
        56000046000026          46          56       3350.7500
        56013741000026       13741          56       19577.387
        57012947000371       12947          57       30357.642
        57012947000026       12947          57       1332.7241
        57012947000284       12947          57       7695.8182
        57012947000265       12947          57       9036.1748
        57012947000475       12947          57       9036.1748
        57012947000366       12947          57       9036.1748
        57012947000270       12947          57       11452.710
        57013091000026       13091          57       5547.5349
        59000135000327         135          59       9036.1748
        59000135000311         135          59       9036.1748
        59000135000247         135          59       11452.710
        59000135000188         135          59       11452.710
        59000191000026         191          59       2300.7188
        59000191000204         191          59       7695.8182
        59007661000026        7661          59       11452.710
        61007600000026        7600          61       19577.387
        62012953000026       12953          62       11452.710
        63000092001006          92          63       11452.710
        63000092000989          92          63       9036.1748
        63000092000987          92          63       9036.1748
        63000092001635          92          63       9036.1748
        63000092000026          92          63       369.92000
        63012035000174       12035          63       12383.466
        65002225000026        2225          65       9036.1748
        65002225000032        2225          65       7695.8182
        66003177000026        3177          66       3350.7500
        67003903000026        3903          67       11452.710
        68001891000026        1891          68       30357.642
        68010120002419       10120          68       30357.642
        68010120002236       10120          68       27997.420
        68010120002646       10120          68       27997.420
        68010120002663       10120          68       11452.710
        68010120002405       10120          68       11452.710
        68010120002220       10120          68       11452.710
        68010120002638       10120          68       11452.710
        68010120000026       10120          68       52.896552
        68010120002629       10120          68       9036.1748
        68010120002396       10120          68       9036.1748
        68010120002219       10120          68       9036.1748
        68010120002527       10120          68       9036.1748
        68010120002520       10120          68       9036.1748
        69000024003508          24          69       9036.1748
        70000213000026         213          70       5547.5349
        70000213000101         213          70       11452.710
        70001735000026        1735          70       19577.387
        71000338000026         338          71       3350.7500
        71015167000026       15167          71       9036.1748
        72018400013743       18400          72       3350.7500
        72019725000026       19725          72       27997.420
        73000062016270          62          73       5547.5349
        73000083000026          83          73       850.56522
        73000083000369          83          73       11452.710
        73014235027258       14235          73       11452.710
        73014235026173       14235          73       192.28571
        73014235027041       14235          73       9036.1748
        73014235026957       14235          73       9036.1748
        73014235026953       14235          73       7695.8182
        75000313000115         313          75       7695.8182
        75000313000026         313          75       5547.5349
        75000313000205         313          75       27997.420
        75016322000026       16322          75       12383.466
        75017125000026       17125          75       30357.642
        76018340000071       18340          76       9036.1748
        76018340000026       18340          76       8012.3462
        77001111000051        1111          77       9036.1748
        77001111000026        1111          77       19577.387
        77001739000026        1739          77       27997.420
        77013261000026       13261          77       11452.710
        78000146001647         146          78       8012.3462
        78004857000026        4857          78       11452.710
        78020458000026       20458          78       19577.387
        79007562000026        7562          79       9036.1748
        79016130000026       16130          79       1332.7241
        79016130000590       16130          79       11452.710
        79016130000457       16130          79       11452.710
        79016131001304       16131          79       11452.710
        79016131001965       16131          79       11452.710
        79016131001915       16131          79       11452.710
        79016131001623       16131          79       11452.710
        79016131001500       16131          79       11452.710
        79016131001471       16131          79       9036.1748
        79016131001318       16131          79       9036.1748
        79016131002714       16131          79       9036.1748
        79016131001477       16131          79       12383.466
        79016131000026       16131          79       192.28571
        79016131002447       16131          79       9036.1748
        79016131002632       16131          79       9036.1748
        79016131001981       16131          79       9036.1748
        80000158000026         158          80       3350.7500
        81015283000026       15283          81       11452.710
        82005187000026        5187          82       27997.420
        83021150000026       21150          83       27997.420
        84000943000112         943          84       30357.642
        84018810000026       18810          84       27997.420
        86000277000062         277          86       11452.710
        86000277000026         277          86       5547.5349
        87000088000026          88          87       369.92000
        87000088000728          88          87       11452.710
        87000088000716          88          87       11452.710
        87001730000026        1730          87       19577.387
        89006800000026        6800          89       30357.642
        90001129007063        1129          90       11452.710
        90001129007070        1129          90       9036.1748
        90001129007067        1129          90       9036.1748
        90001129006923        1129          90       850.56522
        91003502000047        3502          91       11452.710
        91003502000026        3502          91       30357.642
        91008248000026        8248          91       11452.710
        93001122000026        1122          93       12383.466
        94000187000026         187          94       2300.7188
        95000245000026         245          95       5547.5349
        96000056001539          56          96       30357.642
        97001559000026        1559          97       19577.387
        97018901000026       18901          97       850.56522
        97018901000292       18901          97       7695.8182
        97018901002194       18901          97       11452.710
        97020108000026       20108          97       19577.387
        98000985000026         985          98       19577.387
        98002014000026        2014          98       19577.387
        98016441000026       16441          98       8012.3462
        98016844000026       16844          98       12383.466
       100000001003311           1         100       19577.387
       100000085000026          85         100       3350.7500
       100018215000026       18215         100       12383.466
       100018801000026       18801         100       19577.387
       100019383000800       19383         100       11452.710
       100019383001036       19383         100       11452.710
       100019383000865       19383         100       9036.1748
       100019383000585       19383         100       9036.1748
       100019383000110       19383         100       369.92000
       103002616000026        2616         103       30357.642
       104000023001498          23         104       27997.420
       104000023000026          23         104       52.896552
       104000023001619          23         104       7695.8182
       104000023001632          23         104       9036.1748
       104000023001627          23         104       9036.1748
       104000023001605          23         104       9036.1748
       104000023001469          23         104       9036.1748
       104000023001615          23         104       11452.710
       104000023001491          23         104       11452.710
       104000023001474          23         104       11452.710
       104000023001643          23         104       11452.710
       104000106000511         106         104       1332.7241
       104020800000026       20800         104       12383.466
       105015237000026       15237         105       27997.420
       106005014000026        5014         106       30357.642
       107000189000556         189         107       11452.710
       107000189000374         189         107       3350.7500
       107003031000026        3031         107       19577.387
       109006243000026        6243         109       27997.420
       109019127000137       19127         109       27997.420
       109019127000026       19127         109       3350.7500
       114016803000026       16803         114       27997.420
       115012798000026       12798         115       8012.3462
       115012798000082       12798         115       9036.1748
       118000094000026          94         118       1332.7241
       118000278000026         278         118       8012.3462
       118000278000073         278         118       9036.1748
       118002012000026        2012         118       27997.420
       119001421000026        1421         119       12383.466
       121000086001453          86         121       11452.710
       121000086002307          86         121       11452.710
       121000086002325          86         121       11452.710
       121000086002207          86         121       11452.710
       121000086001085          86         121       11452.710
       121000086001073          86         121       7695.8182
       121000086001067          86         121       9036.1748
       121000086001074          86         121       9036.1748
       121000086002203          86         121       9036.1748
       121000086000026          86         121       52.896552
       121000086001088          86         121       27997.420
       121000086002372          86         121       27997.420
       121000086001465          86         121       30357.642
       121001304000026        1304         121       19577.387
       121013039000026       13039         121       27997.420
       122002851000026        2851         122       30357.642
       124009859000026        9859         124       5547.5349
       125001033000026        1033         125       27997.420
       125010300000026       10300         125       850.56522
       125010300000328       10300         125       11452.710
       125010300000319       10300         125       11452.710
       126003740036804        3740         126       19577.387
       126029349000026       29349         126       30357.642
       127000146000561         146         127       27997.420
       127000146000559         146         127       27997.420
       127000146000576         146         127       11452.710
       127000146000585         146         127       9036.1748
       127000146000026         146         127       369.92000
       127000146000760         146         127       9036.1748
       128000003001455           3         128       9036.1748
       128000003000850           3         128       7695.8182
       128000003000026           3         128       192.28571
       128000003000759           3         128       9036.1748
       128000003000874           3         128       9036.1748
       128000003001447           3         128       9036.1748
       128000003000806           3         128       11452.710
       128000003000866           3         128       11452.710
       128000003001012           3         128       11452.710
       128000285000130         285         128       12383.466
       128010908000026       10908         128       30357.642
       129000023001046          23         129       30357.642
       129000023001063          23         129       27997.420
       129000023001589          23         129       11452.710
       129000023001035          23         129       11452.710
       129000023001190          23         129       11452.710
       129000023002811          23         129       11452.710
       129000023002853          23         129       11452.710
       129000023001211          23         129       7695.8182
       129000023001187          23         129       9036.1748
       130003557001956        3557         130       7695.8182
       130003557002005        3557         130       9036.1748
       130003557001972        3557         130       9036.1748
       130003557000026        3557         130       41.363636
       130003557001901        3557         130       11452.710
       130003557001898        3557         130       11452.710
       130003557001976        3557         130       27997.420
       131003571000170        3571         131       11452.710
       131003571000026        3571         131       1332.7241
       131006202000026        6202         131       30357.642
       131007583000026        7583         131       11452.710
       132000206000152         206         132       11452.710
       132000206000026         206         132       3350.7500
       133000108000026         108         133       2300.7188
       133000108000217         108         133       7695.8182
       133000108000208         108         133       11452.710
       133000108000205         108         133       9036.1748
       134000141000026         141         134       8012.3462
       134001763000026        1763         134       11452.710
       135007842000026        7842         135       19577.387
       135015562000026       15562         135       11452.710
       136000135000026         135         136       3350.7500
       137010707000026       10707         137       27997.420
       137013083000026       13083         137       27997.420
       138000517000026         517         138       369.92000
       138000517000499         517         138       7695.8182
       138000517000855         517         138       9036.1748
       138000517000454         517         138       11452.710
       138001418000026        1418         138       12383.466
       142000057007395          57         142       9036.1748
       142000057007318          57         142       3350.7500
       144005574000026        5574         144       11452.710
       144009960000152        9960         144       9036.1748
       144009960000026        9960         144       1332.7241
       144009960000141        9960         144       9036.1748
       144009994000026        9994         144       850.56522
       144009994000393        9994         144       11452.710
       144009994000519        9994         144       11452.710
       144009994000401        9994         144       27997.420
       144010875000026       10875         144       19577.387
       145006542000026        6542         145       11452.710
       151000148000881         148         151       11452.710
       151000149001009         149         151       11452.710
       151000149000026         149         151       192.28571
       151000149002517         149         151       9036.1748
       151000149002204         149         151       9036.1748
       151000149002536         149         151       9036.1748
       151000149001098         149         151       9036.1748
       151000149002501         149         151       7695.8182
       151000573000026         573         151       3350.7500
       151000573000087         573         151       11452.710
       151005778000026        5778         151       7695.8182
       152000070000026          70         152       369.92000
       152000070000634          70         152       11452.710
       153000583000026         583         153       8012.3462
       153016367000026       16367         153       1332.7241
       153016367000235       16367         153       11452.710
       154012923000080       12923         154       9036.1748
       154012923000026       12923         154       5547.5349
       155012204000026       12204         155       52.896552
       155012204001892       12204         155       9036.1748
       155012204000970       12204         155       9036.1748
       155012204000941       12204         155       11452.710
       155012204000945       12204         155       11452.710
       155012204000962       12204         155       11452.710
       155012204000972       12204         155       27997.420
       155012204001309       12204         155       27997.420
       156001117000026        1117         156       30357.642
       156009183000844        9183         156       27997.420
       156009183000827        9183         156       11452.710
       156009183000981        9183         156       11452.710
       156009183000841        9183         156       11452.710
       156009183002234        9183         156       9036.1748
       156009183000989        9183         156       9036.1748
       156009183001064        9183         156       9036.1748
       156009183000836        9183         156       9036.1748
       156009183000970        9183         156       9036.1748
       156009183001080        9183         156       9036.1748
       156009183000831        9183         156       7695.8182
       156009183002530        9183         156       7695.8182
       156009183000026        9183         156       192.28571
       157000117000026         117         157       1332.7241
       157000117000692         117         157       9036.1748
       157000117000251         117         157       11452.710
       157000117000286         117         157       11452.710
       157000117000310         117         157       11452.710
       157000117000341         117         157       11452.710
       157000117000353         117         157       11452.710
       157000117000578         117         157       11452.710
       157000642000026         642         157       30357.642
       158004394000212        4394         158       9036.1748
       158004394000026        4394         158       5547.5349
       159000802000026         802         159       8012.3462
       159018721000026       18721         159       27997.420
       160000085000026          85         160       850.56522
       162000048031222          48         162       41.363636
       162000048032018          48         162       9036.1748
       162000048032040          48         162       9036.1748
       162000048032042          48         162       9036.1748
       162000048032912          48         162       11452.710
       162000048032025          48         162       11452.710
       162001026000026        1026         162       12383.466
       162001094000026        1094         162       8012.3462
       162020764001025       20764         162       9036.1748
       162020764000026       20764         162       52.896552
       162020764001038       20764         162       11452.710
       162020764001136       20764         162       11452.710
       162020764001026       20764         162       27997.420
       162020954000026       20954         162       8012.3462
       163016671000026       16671         163       8012.3462
       164000093000026          93         164       2300.7188
       164000093000158          93         164       11452.710
       164000093000490          93         164       9036.1748
       164015387000026       15387         164       27997.420
       165000349000191         349         165       30357.642
       166001076000026        1076         166       27997.420
       166001076000044        1076         166       27997.420
       167000910000026         910         167       30357.642
       167009716000026        9716         167       5547.5349
       169000243000026         243         169       2300.7188
       169002749000026        2749         169       19577.387
       170003389000026        3389         170       30357.642
       171004048000026        4048         171       1332.7241
       171004048000291        4048         171       9036.1748
       171004048000255        4048         171       11452.710
       171004947000113        4947         171       9036.1748
       171004947000026        4947         171       12383.466
       172000364001415         364         172       11452.710
       172000364001424         364         172       11452.710
       172000364001405         364         172       11452.710
       172000364001451         364         172       11452.710
       172000364001457         364         172       11452.710
       172000364001561         364         172       11452.710
       172000364000026         364         172       41.363636
       172000364001412         364         172       7695.8182
       172000364001409         364         172       9036.1748
       172000364001446         364         172       9036.1748
       172000364001437         364         172       9036.1748
       172000369013586         369         172       30357.642
       172004592000026        4592         172       30357.642
       172007291000026        7291         172       9036.1748
       173000065001843          65         173       11452.710
       173000065002348          65         173       11452.710
       173000065002358          65         173       11452.710
       173000065002366          65         173       11452.710
       173000065001814          65         173       11452.710
       173000065001825          65         173       11452.710
       173000065001803          65         173       9036.1748
       173000065002092          65         173       9036.1748
       173000065002342          65         173       9036.1748
       173000065001836          65         173       7695.8182
       173000065002378          65         173       7695.8182
       173000065002564          65         173       7695.8182
       173000065000358          65         173       52.896552
       174003059000026        3059         174       30357.642
       176000041002888          41         176       19577.387
       176000162000026         162         176       12383.466
       178015158000812       15158         178       1332.7241
       179000095002425          95         179       850.56522
       179000095000026          95         179       192.28571
       179000095000755          95         179       9036.1748
       179000095002781          95         179       9036.1748
       179000095002834          95         179       9036.1748
       179000095002927          95         179       9036.1748
       179000095001017          95         179       9036.1748
       179000095000795          95         179       11452.710
       179000095000907          95         179       11452.710
       179000095002774          95         179       11452.710
       179000095002140          95         179       11452.710
       179000095002194          95         179       27997.420
       180000067001614          67         180       9036.1748
       180000067000258          67         180       9036.1748
       180000067000026          67         180       850.56522
       180000067000337          67         180       7695.8182
       181000377000026         377         181       5547.5349
       181023288000026       23288         181       30357.642
       182000975000026         975         182       8012.3462
       182001636000026        1636         182       19577.387
       183013234000026       13234         183       30357.642
       183017319000026       17319         183       11452.710
       183017917000026       17917         183       11452.710
       184000061001583          61         184       11452.710
       184000061001579          61         184       9036.1748
       184000061001477          61         184       7695.8182
       184000061001478          61         184       6723.1429
       184000061000026          61         184       52.896552
       184000061001588          61         184       27997.420
       184012629001100       12629         184       27997.420
       184012629000026       12629         184       850.56522
       184012629000366       12629         184       11452.710
       184012629001135       12629         184       11452.710
       184012629001176       12629         184       11452.710
       184012629001187       12629         184       9036.1748
       184012629001246       12629         184       9036.1748
       185015304001164       15304         185       11452.710
       185015304001014       15304         185       11452.710
       185015304002151       15304         185       11452.710
       185015304000026       15304         185       192.28571
       185015304001143       15304         185       9036.1748
       185015304000870       15304         185       9036.1748
       185015304000874       15304         185       9036.1748
       185015304001012       15304         185       9036.1748
       186000371000069         371         186       11452.710
       187000174006403         174         187       27997.420
       188004152000026        4152         188       5547.5349
       189002565000026        2565         189       12383.466
       193001682000026        1682         193       19577.387
       196016938000026       16938         196       30357.642
       197000086000026          86         197       1332.7241
       197023180000026       23180         197       27997.420
       198000095000026          95         198       192.28571
       198000095000969          95         198       11452.710
       198000095002062          95         198       9036.1748
       198002159000026        2159         198       11452.710
       198003222000026        3222         198       19577.387
       200003783000026        3783         200       11452.710
       200004357000026        4357         200       30357.642
       201001284000026        1284         201       19577.387
       202000057031408          57         202       2300.7188
       203002041000026        2041         203       30357.642
       204000466000026         466         204       8012.3462
       204011663040931       11663         204       5547.5349
       205000104001743         104         205       7695.8182
       205000104000026         104         205       41.363636
       205000104001573         104         205       9036.1748
       205000104001537         104         205       9036.1748
       205000104001735         104         205       11452.710
       205000104001730         104         205       11452.710
       205000104002190         104         205       11452.710
       205000104002179         104         205       11452.710
       205000104001390         104         205       11452.710
       205000104001401         104         205       11452.710
       205000104001410         104         205       11452.710
       205000104001422         104         205       11452.710
       205000104001440         104         205       11452.710
       205000104001443         104         205       11452.710
       205000104001453         104         205       11452.710
       205000104002217         104         205       11452.710
       205000104001541         104         205       11452.710
       205000104002336         104         205       11452.710
       205000104002325         104         205       27997.420
       205000455000026         455         205       8012.3462
       206000459000026         459         206       5547.5349
       207000176000026         176         207       1332.7241
       207001591000026        1591         207       12383.466
       208003519011472        3519         208       11452.710
       208003519011734        3519         208       11452.710
       208003519009413        3519         208       41.363636
       208003519011731        3519         208       9036.1748
       208003519011470        3519         208       27997.420
       210008759000026        8759         210       30357.642
       210008759000075        8759         210       7695.8182
       211008940000349        8940         211       9036.1748
       211008940000026        8940         211       1332.7241
       211008940000340        8940         211       11452.710
       211008940000226        8940         211       27997.420
       212000062000419          62         212       11452.710
       212000062000026          62         212       369.92000
       212000062000626          62         212       9036.1748
       212000062000426          62         212       8012.3462
       213000175000026         175         213       850.56522
       213000175000355         175         213       27997.420
       213014644001135       14644         213       27997.420
       213014644003183       14644         213       27997.420
       213014644000026       14644         213       52.896552
       213014644001556       14644         213       7695.8182
       213014644001568       14644         213       7695.8182
       213014644002019       14644         213       9036.1748
       213014644001646       14644         213       9036.1748
       213014644001554       14644         213       9036.1748
       213014644001134       14644         213       9036.1748
       213014644002195       14644         213       9036.1748
       213014644001558       14644         213       11452.710
       213014644001563       14644         213       11452.710
       213014644001634       14644         213       11452.710
       213014644001690       14644         213       11452.710
       213014644001971       14644         213       11452.710
       213014644001650       14644         213       11452.710
       213014644002482       14644         213       11452.710
       213014644003203       14644         213       11452.710
       215006973000189        6973         215       11452.710
       215006973000026        6973         215       2300.7188
       216011562000026       11562         216       27997.420
       217000189000026         189         217       8012.3462
       218002017000026        2017         218       11452.710
       218005495029280        5495         218       19577.387
       218005575000322        5575         218       9036.1748
       218005575000026        5575         218       1332.7241
       218005871000026        5871         218       8012.3462
       218029566005153       29566         218       9036.1748
       218029566005018       29566         218       2300.7188
       218029566005168       29566         218       11452.710
       219021417000065       21417         219       2300.7188
       221005473000026        5473         221       1332.7241
       222000113000106         113         222       7695.8182
       222000113000102         113         222       9036.1748
       222000113000147         113         222       11452.710
       222004332000119        4332         222       9036.1748
       222004332000026        4332         222       3350.7500
       222007137000036        7137         222       11452.710
       222007137000026        7137         222       30357.642
       223000338000026         338         223       2300.7188
       223000738000026         738         223       12383.466
       223002277000026        2277         223       19577.387
       223009877000026        9877         223       11452.710
       228006112000107        6112         228       27997.420
       229000480000026         480         229       11452.710
       230002872000026        2872         230       1332.7241
       230005580000026        5580         230       30357.642
       231001044006669        1044         231       30357.642
       231001044006262        1044         231       369.92000
       231001044006677        1044         231       7695.8182
       231001044007060        1044         231       9036.1748
       231001044006670        1044         231       9036.1748
       231001044007299        1044         231       9036.1748
       231001044007346        1044         231       11452.710
       231001044007261        1044         231       11452.710
       231001044006650        1044         231       11452.710
       231001044006659        1044         231       11452.710
       231001075000297        1075         231       11452.710
       231001075000465        1075         231       9036.1748
       231001075000026        1075         231       850.56522
       231004974000026        4974         231       30357.642
       232000078006650          78         232       2300.7188
       232000090000026          90         232       850.56522
       232000090000290          90         232       9036.1748
       232000090000337          90         232       9036.1748
       232001904000066        1904         232       11452.710
       232001904000026        1904         232       19577.387
       233022799001233       22799         233       30357.642
       233022799001111       22799         233       11452.710
       233022799000597       22799         233       11452.710
       233022799000602       22799         233       11452.710
       233022799000611       22799         233       11452.710
       233022799001103       22799         233       9036.1748
       233022799001968       22799         233       9036.1748
       233022799000026       22799         233       192.28571
       234016480000026       16480         234       3350.7500
       234017440000026       17440         234       30357.642
       235001207000026        1207         235       30357.642
       235001207000049        1207         235       11452.710
       235014928000026       14928         235       12383.466
       237000887000026         887         237       12383.466
       240011809000926       11809         240       11452.710
       240011809000026       11809         240       52.896552
       240011809000925       11809         240       9036.1748
       240011843000467       11843         240       3350.7500
       240014739000026       14739         240       30357.642
       241008843007776        8843         241       27997.420
       241008843006161        8843         241       41.363636
       241008843007890        8843         241       9036.1748
       241008843007712        8843         241       11452.710
       241008843007772        8843         241       11452.710
       241008843007813        8843         241       11452.710
       241008843007793        8843         241       11452.710
       241008843007806        8843         241       11452.710
       241008849000953        8849         241       11452.710
       241008849000578        8849         241       11452.710
       241008849000587        8849         241       11452.710
       241008849001918        8849         241       9036.1748
       241008849000026        8849         241       192.28571
       241009869000026        9869         241       19577.387
       242000075000026          75         242       192.28571
       242000075000879          75         242       9036.1748
       242000075001067          75         242       9036.1748
       242000075001071          75         242       9036.1748
       242000075000881          75         242       9036.1748
       242000075000843          75         242       11452.710
       242000075000847          75         242       11452.710
       242000075001056          75         242       11452.710
       242000075001102          75         242       11452.710
       244004968001158        4968         244       9036.1748
       244004968001091        4968         244       3350.7500
       245000824000026         824         245       8012.3462
       245000824000088         824         245       11452.710
       246002461000560        2461         246       11452.710
       246002461002298        2461         246       11452.710
       246002461002317        2461         246       11452.710
       246002461000557        2461         246       9036.1748
       246002461000929        2461         246       9036.1748
       246002461000937        2461         246       9036.1748
       246002461002038        2461         246       9036.1748
       246002461002048        2461         246       9036.1748
       246002461000485        2461         246       9036.1748
       246002461000468        2461         246       9036.1748
       246002461000479        2461         246       9036.1748
       246002461000502        2461         246       27997.420
       246003466000060        3466         246       11452.710
       246003466000026        3466         246       12383.466
       247000148001396         148         247       11452.710
       247000148001384         148         247       11452.710
       247000148001391         148         247       11452.710
       247000148001249         148         247       11452.710
       247000148001268         148         247       11452.710
       247000148001282         148         247       11452.710
       247000148001417         148         247       11452.710
       247000148001690         148         247       11452.710
       247000148002116         148         247       11452.710
       247000148002128         148         247       11452.710
       247000148001400         148         247       9036.1748
       247000148001409         148         247       9036.1748
       247000148001257         148         247       9036.1748
       247000148001244         148         247       7695.8182
       247000148000026         148         247       41.363636
       247000148001288         148         247       27997.420
       247000203000026         203         247       1332.7241
       247000203000273         203         247       11452.710
       247000203000635         203         247       11452.710
       247000669000026         669         247       5547.5349
       249002618000026        2618         249       27997.420
       250009674000026        9674         250       12383.466
       250012894000026       12894         250       27997.420
       253000749000026         749         253       12383.466
       254000164000026         164         254       2300.7188
       255000451000026         451         255       8012.3462
       257002398000026        2398         257       19577.387
       258001312000026        1312         258       12383.466
       261007680000026        7680         261       8012.3462
       261009066000026        9066         261       19577.387
       262000270000026         270         262       12383.466
       262009312000695        9312         262       11452.710
       262009312000814        9312         262       11452.710
       262009312000693        9312         262       11452.710
       262009312000026        9312         262       369.92000
       262011907000604       11907         262       369.92000
       262011907000920       11907         262       11452.710
       262013203000026       13203         262       11452.710
       263001909000026        1909         263       12383.466
       263003936000026        3936         263       11452.710
       263022683000989       22683         263       11452.710
       263022683001049       22683         263       11452.710
       263022683001119       22683         263       11452.710
       263022683001282       22683         263       11452.710
       263022683000026       22683         263       52.896552
       263022683000995       22683         263       7695.8182
       263022683000977       22683         263       9036.1748
       263022683001361       22683         263       9036.1748
       263022683000956       22683         263       9036.1748
       263022683000966       22683         263       9036.1748
       263022683000984       22683         263       27997.420
       263022683002119       22683         263       27997.420
       264000037000026          37         264       11452.710
       264011496056203       11496         264       11452.710
       264011496056140       11496         264       9036.1748
       264011496056142       11496         264       9036.1748
       264011496056134       11496         264       9036.1748
       264011496056139       11496         264       7695.8182
       264011496053636       11496         264       41.363636
       264011496056209       11496         264       27997.420
       264013048000051       13048         264       30357.642
       265000046002376          46         265       5547.5349
       268003679000026        3679         268       27997.420
       270015101000026       15101         270       11452.710
       273006040000026        6040         273       9036.1748
       275005998000026        5998         275       2300.7188
       275006676000026        6676         275       12383.466
       277000086001327          86         277       3350.7500
       277021296000026       21296         277       19577.387
       279013811000026       13811         279       19577.387
       280007841000026        7841         280       11452.710
       281000062000799          62         281       11452.710
       281000062000026          62         281       369.92000
       282005201000026        5201         282       2300.7188
       283006464000026        6464         283       30357.642
       284000103001623         103         284       7695.8182
       284000103001192         103         284       7695.8182
       284000103000026         103         284       52.896552
       284000103001436         103         284       9036.1748
       284000103001611         103         284       9036.1748
       284000103001448         103         284       9036.1748
       284000103001069         103         284       9036.1748
       284000103001644         103         284       11452.710
       284000103001664         103         284       11452.710
       284000103001079         103         284       11452.710
       284000103000960         103         284       11452.710
       284000103000970         103         284       11452.710
       284000103001442         103         284       11452.710
       284000103001199         103         284       11452.710
       284000103001210         103         284       11452.710
       284000103001221         103         284       11452.710
       284000103001630         103         284       11452.710
       284008257007251        8257         284       11452.710
       284008257007263        8257         284       11452.710
       284008257007763        8257         284       11452.710
       284008257007024        8257         284       11452.710
       284008257007051        8257         284       11452.710
       284008257007550        8257         284       9036.1748
       284008257007796        8257         284       9036.1748
       284008257007147        8257         284       9036.1748
       284008257007142        8257         284       9036.1748
       284008257007019        8257         284       9036.1748
       284008257005941        8257         284       52.896552
       284008257007719        8257         284       7695.8182
       284008257007556        8257         284       6723.1429
       284008257007060        8257         284       6723.1429
       284008257007035        8257         284       27997.420
       288000154000026         154         288       3350.7500
       288000154000138         154         288       9036.1748
       288000154000104         154         288       11452.710
       289004299000026        4299         289       27997.420
       290000054001475          54         290       27997.420
       290000054001182          54         290       11452.710
       290000054001462          54         290       11452.710
       290000054001689          54         290       11452.710
       290000054001893          54         290       11452.710
       290000054001148          54         290       9036.1748
       290000054001147          54         290       9036.1748
       290000054001707          54         290       9036.1748
       290000054000026          54         290       52.896552
       290000411000026         411         290       5547.5349
       290002913000026        2913         290       27997.420
       291000049003522          49         291       3350.7500
       291000188000026         188         291       30357.642
       291003251000026        3251         291       5547.5349
       291004257000026        4257         291       8012.3462
       291008022000026        8022         291       27997.420
       292000028000503          28         292       7695.8182
       292000028000026          28         292       369.92000
       292002262000026        2262         292       3350.7500
       292002262000124        2262         292       9036.1748
       292002262000184        2262         292       9036.1748
       293000281000026         281         293       2300.7188
       293000388000026         388         293       5547.5349
       296003966000400        3966         296       3350.7500
       297012929000026       12929         297       9036.1748
       298000082000026          82         298       2300.7188
       300003567007501        3567         300       5547.5349
       303001614000026        1614         303       30357.642
       303008615000026        8615         303       30357.642
       304003504000026        3504         304       30357.642
       305002258000026        2258         305       19577.387
       305023872000777       23872         305       5547.5349
       305023872000898       23872         305       9036.1748
       306027111000026       27111         306       5547.5349
       306027111000263       27111         306       7695.8182
       307007893000026        7893         307       27997.420
       309001079000026        1079         309       369.92000
       309001079000552        1079         309       11452.710
       309001080006308        1080         309       11452.710
       309001080006183        1080         309       3350.7500
       309001080006277        1080         309       27997.420
       310000076000026          76         310       52.896552
       310000076002231          76         310       9036.1748
       310000076003535          76         310       9036.1748
       310000076001430          76         310       11452.710
       310000076001539          76         310       11452.710
       311025869000026       25869         311       8012.3462
       313009937001960        9937         313       9036.1748
       313009937000026        9937         313       192.28571
       313009937000856        9937         313       11452.710
       313009937000944        9937         313       11452.710
       314001697000026        1697         314       27997.420
       314008685000026        8685         314       9036.1748
       315005290000026        5290         315       7695.8182
       317000136000026         136         317       369.92000
       317000136000979         136         317       9036.1748
       317000136000886         136         317       9036.1748
       317000136001274         136         317       11452.710
       317000136000910         136         317       11452.710
       318014731000040       14731         318       8012.3462
       319000121001298         121         319       7695.8182
       319000121000026         121         319       52.896552
       319000121001318         121         319       9036.1748
       319000121001787         121         319       9036.1748
       319000121001793         121         319       9036.1748
       319000121002083         121         319       9036.1748
       319000121001804         121         319       9036.1748
       319000121001809         121         319       11452.710
       319000121002244         121         319       11452.710
       319000121002254         121         319       11452.710
       319000121002271         121         319       11452.710
       319000121002284         121         319       11452.710
       319000121001302         121         319       11452.710
       319000121001319         121         319       27997.420
       319002432000026        2432         319       30357.642
       320001358000026        1358         320       12383.466
       320005226000026        5226         320       30357.642
       320007015013948        7015         320       27997.420
       320007015013964        7015         320       11452.710
       320007015012856        7015         320       52.896552
       321014171000026       14171         321       11452.710
       323000058001663          58         323       1332.7241
       323000103000026         103         323       8012.3462
       324014753000026       14753         324       5547.5349
       325000086000026          86         325       3350.7500
       325000086000076          86         325       9036.1748
       325010297000026       10297         325       5547.5349
       326014374000047       14374         326       7695.8182
       326014374000026       14374         326       19577.387
       328009490000026        9490         328       11452.710
       328011816019176       11816         328       11452.710
       328011816018488       11816         328       192.28571
       328011816020293       11816         328       9036.1748
       328016575000026       16575         328       27997.420
       330002445000026        2445         330       30357.642
       331001689001147        1689         331       3350.7500
       331003779000026        3779         331       30357.642
       334000065001935          65         334       3350.7500
       334000065001865          65         334       6723.1429
       334000065000026          65         334       52.896552
       334000065001447          65         334       11452.710
       334000065001435          65         334       11452.710
       334000065001757          65         334       11452.710
       334000065002245          65         334       11452.710
       334000065001741          65         334       11452.710
       334000065001875          65         334       11452.710
       334000065001446          65         334       9036.1748
       334000065001547          65         334       9036.1748
       334000065001750          65         334       9036.1748
       334000086000496          86         334       12383.466
       335005083000026        5083         335       12383.466
       336000526000026         526         336       5547.5349
       336000526000098         526         336       9036.1748
       337000109001901         109         337       7695.8182
       337000109002335         109         337       7695.8182
       337000109000118         109         337       41.363636
       337000109002312         109         337       9036.1748
       337000109002909         109         337       9036.1748
       337000109002289         109         337       9036.1748
       337000109002301         109         337       11452.710
       337000109002293         109         337       11452.710
       337000109002006         109         337       11452.710
       337000208000026         208         337       2300.7188
       337000243000026         243         337       3350.7500
       337000243000101         243         337       9036.1748
       337000243000109         243         337       9036.1748
       337017999000076       17999         337       9036.1748
       337017999000026       17999         337       12383.466
       338001349000026        1349         338       12383.466
       339019080000026       19080         339       19577.387
       341000395000026         395         341       3350.7500
       343017953000026       17953         343       30357.642
       344000067001165          67         344       2300.7188
       344000067001273          67         344       11452.710
       344000210000026         210         344       3350.7500
       345000448000026         448         345       5547.5349
       345008110001107        8110         345       7695.8182
       345008110000490        8110         345       11452.710
       345008110000615        8110         345       11452.710
       345008110000653        8110         345       11452.710
       348000848000025         848         348       19577.387
       348004569000097        4569         348       19577.387
       350000105001056         105         350       11452.710
       350000105001067         105         350       11452.710
       350000105001394         105         350       11452.710
       350000105001405         105         350       11452.710
       350000105001268         105         350       9036.1748
       350000105000026         105         350       192.28571
       350009992000026        9992         350       2300.7188
       351000180000026         180         351       1332.7241
       351000446000051         446         351       9036.1748
       351000446000026         446         351       8012.3462
       352000792000026         792         352       8012.3462
       356001581000026        1581         356       19577.387
       356014669002634       14669         356       1332.7241
       357019842000026       19842         357       52.896552
       357019842002940       19842         357       9036.1748
       357019842001557       19842         357       7695.8182
       357019842001382       19842         357       9036.1748
       357019842001482       19842         357       9036.1748
       357019842002162       19842         357       11452.710
       357019842002742       19842         357       11452.710
       357019842002765       19842         357       11452.710
       357019842002272       19842         357       11452.710
       357019842001487       19842         357       11452.710
       357019842001492       19842         357       11452.710
       357019842001499       19842         357       11452.710
       357019842001560       19842         357       11452.710
       357019842001582       19842         357       11452.710
       357019842001831       19842         357       11452.710
       357019842002094       19842         357       11452.710
       357019842001567       19842         357       27997.420
       357019842001386       19842         357       27997.420
       357019842001595       19842         357       30357.642
       357019842001611       19842         357       30357.642
       357019842002296       19842         357       27997.420
       358000088002095          88         358       27997.420
       358000088002106          88         358       9036.1748
       358000088002077          88         358       9036.1748
       358000088002116          88         358       9036.1748
       358000088002092          88         358       7695.8182
       358000088001778          88         358       7695.8182
       358000088001782          88         358       7695.8182
       358000088000026          88         358       52.896552
       358000094000026          94         358       192.28571
       358000094001233          94         358       7695.8182
       358000094002395          94         358       7695.8182
       358000094003456          94         358       9036.1748
       358000094000595          94         358       11452.710
       358000094000716          94         358       11452.710
       358000094001139          94         358       11452.710
       358000094001156          94         358       11452.710
       358000094001432          94         358       11452.710
       358000094001669          94         358       11452.710
       358008075000026        8075         358       7695.8182
       359012450000026       12450         359       3350.7500
       359012450000157       12450         359       9036.1748
       359012450000192       12450         359       9036.1748
       359012978000026       12978         359       8012.3462
       362001109000026        1109         362       19577.387
       363000138001003         138         363       9036.1748
       363000138000026         138         363       369.92000
       363000138000798         138         363       11452.710
       363000138000561         138         363       11452.710
       363000138000534         138         363       11452.710
       363000808000026         808         363       19577.387
       363000905000026         905         363       12383.466
       365000072000026          72         365       3350.7500
       365000134002855         134         365       7695.8182
       365000134002152         134         365       192.28571
       365000134002846         134         365       9036.1748
       365000134002697         134         365       9036.1748
       365000134002702         134         365       11452.710
       365000134002994         134         365       11452.710
       365000157001530         157         365       5547.5349
       367000201000368         201         367       5547.5349
       367000201000480         201         367       11452.710
       367000201000468         201         367       27997.420
       368000492000026         492         368       12383.466
       368010664000026       10664         368       2300.7188
       369006567000026        6567         369       850.56522
       369006567000429        6567         369       9036.1748
       369006567000501        6567         369       9036.1748
       371010459000026       10459         371       12383.466
       372004700000026        4700         372       11452.710
       372017939000026       17939         372       19577.387
       372017974000026       17974         372       12383.466
       374000591000026         591         374       8012.3462
       375000786000026         786         375       12383.466
       375016161000026       16161         375       19577.387
       375017412000026       17412         375       30357.642
       376015112000026       15112         376       2300.7188
       379000392000026         392         379       5547.5349
       379001100000026        1100         379       12383.466
       382000164001259         164         382       11452.710
       382000164001261         164         382       11452.710
       382000164001268         164         382       11452.710
       382000164001749         164         382       11452.710
       382000164001788         164         382       11452.710
       382000164001276         164         382       11452.710
       382000164001417         164         382       11452.710
       382000164001738         164         382       11452.710
       382000164001648         164         382       11452.710
       382000164001781         164         382       7695.8182
       382000164000026         164         382       52.896552
       382000164001260         164         382       9036.1748
       382000164001744         164         382       9036.1748
       382000164001426         164         382       9036.1748
       382000164001494         164         382       9036.1748
       382000164001278         164         382       9036.1748
       382000164001302         164         382       30357.642
       382000164001428         164         382       27997.420
       382000164001285         164         382       27997.420
       382000793000026         793         382       5547.5349
       383003942000026        3942         383       8012.3462
       387016194000235       16194         387       9036.1748
       387016194000026       16194         387       2300.7188
       388000446000026         446         388       8012.3462
       389002014000026        2014         389       30357.642
       392001528000026        1528         392       19577.387
       394000070002288          70         394       7695.8182
       394000070000126          70         394       41.363636
       394000070002286          70         394       9036.1748
       394000070002282          70         394       11452.710
       394000070002294          70         394       11452.710
       394000070002307          70         394       11452.710
       394000070002163          70         394       11452.710
       394000070002170          70         394       11452.710
       394000077000486          77         394       11452.710
       394000077000461          77         394       9036.1748
       394000077000387          77         394       9036.1748
       394000077000368          77         394       11452.710
       394000077000370          77         394       11452.710
       394000077000026          77         394       850.56522
       394000077000561          77         394       7695.8182
       394000613000026         613         394       8012.3462
       394000656000026         656         394       12383.466
       395000718000026         718         395       8012.3462
       396001945000065        1945         396       3350.7500
       397011454000026       11454         397       8012.3462
       398000081000648          81         398       9036.1748
       398000081000026          81         398       1332.7241
       398000081000287          81         398       9036.1748
       398000081000344          81         398       27997.420
       398004451000026        4451         398       11452.710
       399004763000026        4763         399       11452.710
       399012238000026       12238         399       12383.466
       401000175000026         175         401       3350.7500
       401013330000317       13330         401       27997.420
       402000036017562          36         402       192.28571
       402000036018530          36         402       9036.1748
       402000036018725          36         402       9036.1748
       402000036018146          36         402       9036.1748
       402000036018357          36         402       11452.710
       402000036018147          36         402       11452.710
       402000036018287          36         402       11452.710
       402001155000055        1155         402       9036.1748
       402001155000026        1155         402       12383.466
       403000088000486          88         403       11452.710
       403000088000464          88         403       11452.710
       403000088000026          88         403       369.92000
       405009333000026        9333         405       27997.420
       406002085000026        2085         406       850.56522
       406002085000672        2085         406       9036.1748
       406002085000281        2085         406       11452.710
       406002085000333        2085         406       9036.1748
       407000574001266         574         407       9036.1748
       407000574001279         574         407       9036.1748
       407000574001595         574         407       11452.710
       407000574001747         574         407       11452.710
       407000574001426         574         407       11452.710
       407000574001522         574         407       11452.710
       407000574001258         574         407       11452.710
       407000574001157         574         407       11452.710
       407000574001143         574         407       11452.710
       407000574000026         574         407       192.28571
       407000574001165         574         407       27997.420
       408019023000026       19023         408       8012.3462
       408019023000071       19023         408       9036.1748
       409011333000164       11333         409       8012.3462
       410004861000026        4861         410       7695.8182
       411000706000026         706         411       8012.3462
       411000759000026         759         411       8012.3462
       412011225000026       11225         412       19577.387
       412012323000047       12323         412       9036.1748
       413024405000026       24405         413       11452.710
       415016605000026       16605         415       12383.466
       417005671000026        5671         417       27997.420
       417023063000026       23063         417       12383.466
       418001287000026        1287         418       19577.387
       419000073000420          73         419       9036.1748
       419000073000505          73         419       9036.1748
       419000073001075          73         419       9036.1748
       419000269000026         269         419       5547.5349
       420000034012300          34         420       2300.7188
       420000034012458          34         420       9036.1748
       420000034012461          34         420       11452.710
       423009899000128        9899         423       11452.710
       423009899000026        9899         423       12383.466
       425001036000026        1036         425       19577.387
       427000146010477         146         427       1332.7241
       427020077000026       20077         427       27997.420
       428016657000242       16657         428       369.92000
       428016657000904       16657         428       6723.1429
       428016657000906       16657         428       9036.1748
       428016657000954       16657         428       9036.1748
       428016723000153       16723         428       11452.710
       428016723000026       16723         428       2300.7188
       430000114000026         114         430       850.56522
       430000114000387         114         430       11452.710
       431022486000026       22486         431       5547.5349
       431023300000026       23300         431       30357.642
       432000079001517          79         432       9036.1748
       432000079001535          79         432       11452.710
       432014991000026       14991         432       12383.466
       433001886000026        1886         433       27997.420
       435004161000026        4161         435       30357.642
       436000078001377          78         436       27997.420
       436000078001264          78         436       27997.420
       436000078001157          78         436       9036.1748
       436000078001623          78         436       9036.1748
       436000078001156          78         436       11452.710
       436000078001370          78         436       11452.710
       436000078001262          78         436       6723.1429
       436000078000026          78         436       52.896552
       436000185000125         185         436       5547.5349
       437006949000079        6949         437       9036.1748
       437006949000026        6949         437       30357.642
       437006949000036        6949         437       27997.420
       438000123001003         123         438       19577.387
       438000123000755         123         438       27997.420
       438000123001209         123         438       7695.8182
       438000123000026         123         438       52.896552
       438000123000721         123         438       11452.710
       438000123000725         123         438       11452.710
       438000123000738         123         438       11452.710
       438000123000957         123         438       11452.710
       438000123000970         123         438       11452.710
       438000123000747         123         438       11452.710
       438000123001223         123         438       11452.710
       438000123001237         123         438       9036.1748
       438000123000739         123         438       9036.1748
       439000174010426         174         439       9036.1748
       439000174011011         174         439       11452.710
       439000174010550         174         439       11452.710
       439000174012547         174         439       11452.710
       439000174009605         174         439       52.896552
       439000174010424         174         439       7695.8182
       439000174011020         174         439       7695.8182
       439000174011223         174         439       27997.420
       440000288000026         288         440       2300.7188
       440000448000026         448         440       8012.3462
       441003115000026        3115         441       11452.710
       443002693000026        2693         443       30357.642
       443008391000026        8391         443       11452.710
       444001502000026        1502         444       12383.466
       445001080000026        1080         445       30357.642
       445006793000026        6793         445       19577.387
       445007573000026        7573         445       30357.642
       446012343000026       12343         446       19577.387
       446012343000045       12343         446       7695.8182
       447022846000026       22846         447       1332.7241
       449005537000026        5537         449       30357.642
       450000857000026         857         450       9036.1748
       450001919000026        1919         450       52.896552
       450001919003074        1919         450       11452.710
       450001919002638        1919         450       9036.1748
       450001919002646        1919         450       9036.1748
       450001919003062        1919         450       9036.1748
       450002212000026        2212         450       5547.5349
       451012332000026       12332         451       27997.420
       452002349000026        2349         452       9036.1748
       454000241000026         241         454       5547.5349
       454000251000026         251         454       5547.5349
       455000145000026         145         455       369.92000
       455000145000524         145         455       9036.1748
       455000145000526         145         455       9036.1748
       455000145000534         145         455       9036.1748
       455000145000536         145         455       9036.1748
       455000145000757         145         455       11452.710
       455018665000370       18665         455       9036.1748
       455018665000026       18665         455       850.56522
       455019419000026       19419         455       12383.466
       457000407000026         407         457       5547.5349
       457001628000026        1628         457       19577.387
       458000091000026          91         458       52.896552
       458000091001465          91         458       9036.1748
       458000091001480          91         458       11452.710
       460000053002514          53         460       11452.710
       460000053002238          53         460       11452.710
       460000053002230          53         460       11452.710
       460000053001858          53         460       9036.1748
       460000053002232          53         460       9036.1748
       460000053001875          53         460       9036.1748
       460000053002524          53         460       9036.1748
       460000053002529          53         460       11452.710
       460000053000026          53         460       41.363636
       460000053002234          53         460       7695.8182
       460000053001883          53         460       27997.420
       460000053001896          53         460       27997.420
       460000053001911          53         460       27997.420
       460000053001866          53         460       27997.420
       460008960000026        8960         460       11452.710
       461002257000052        2257         461       7695.8182
       461002257000026        2257         461       27997.420
       464000072000026          72         464       8012.3462
       464005555000026        5555         464       11452.710
       465000099000313          99         465       9036.1748
       465000099000026          99         465       1332.7241
       465002881000026        2881         465       19577.387
       466000148000026         148         466       850.56522
       466000148000450         148         466       9036.1748
       466000148000349         148         466       11452.710
       466000148000472         148         466       11452.710
       466006420000026        6420         466       27997.420
       468004589000026        4589         468       19577.387
       469003469000026        3469         469       8012.3462
       469005441000026        5441         469       19577.387
       470001347000026        1347         470       8012.3462
       470001347000073        1347         470       11452.710
       471000185014066         185         471       3350.7500
       471023821010614       23821         471       8012.3462
       472000108000026         108         472       850.56522
       472000108000472         108         472       9036.1748
       473015326007101       15326         473       9036.1748
       473015326006850       15326         473       9036.1748
       473015326006913       15326         473       11452.710
       473015326005703       15326         473       192.28571
       473015326006750       15326         473       6723.1429
       473015326007260       15326         473       9036.1748
       474000104001087         104         474       7695.8182
       474000104003008         104         474       7695.8182
       474000104000026         104         474       52.896552
       474000104001088         104         474       11452.710
       474000104001751         104         474       11452.710
       474000104001298         104         474       11452.710
       474000104001114         104         474       9036.1748
       474000104001355         104         474       9036.1748
       474000104001098         104         474       27997.420
       477005174000026        5174         477       3350.7500
       478004033000026        4033         478       2300.7188
       479002429000026        2429         479       2300.7188
       479002429000220        2429         479       27997.420
       480000944000026         944         480       12383.466
       482001142000026        1142         482       12383.466
       482005050000026        5050         482       27997.420
       484000650000026         650         484       19577.387
       485010656000026       10656         485       30357.642
       486000111000475         111         486       27997.420
       486000111000633         111         486       11452.710
       486000111000337         111         486       11452.710
       486000111000026         111         486       850.56522
       486000111001930         111         486       9036.1748
       488000055000026          55         488       369.92000
       488000055000584          55         488       11452.710
       488000070000149          70         488       9036.1748
       489000140000026         140         489       850.56522
       489000140000304         140         489       27997.420
       490003592000026        3592         490       27997.420
       490016639000026       16639         490       30357.642
       493008906000026        8906         493       850.56522
       493008906000716        8906         493       7695.8182
       493008906000398        8906         493       9036.1748
       493008906000421        8906         493       9036.1748
       496003002000058        3002         496       9036.1748
       496003002000026        3002         496       12383.466
       496003010000026        3010         496       19577.387
       497008963000026        8963         497       27997.420
       498000158000847         158         498       11452.710
       498000158000980         158         498       11452.710
       498000158000990         158         498       11452.710
       498000158000659         158         498       11452.710
       498000158000797         158         498       11452.710
       498000158000026         158         498       192.28571
       498001324000026        1324         498       19577.387
       499009161000026        9161         499       12383.466
       500000341000084         341         500       11452.710
       500000341000074         341         500       9036.1748
       500000341000026         341         500       8012.3462
       500015439000026       15439         500       19577.387
       502008276000026        8276         502       27997.420
       503000196007078         196         503       3350.7500
       503000196007166         196         503       11452.710
       503023303000026       23303         503       19577.387
       504000185000026         185         504       5547.5349
       504001195000026        1195         504       12383.466
       504003049000026        3049         504       27997.420
       508000138001901         138         508       27997.420
       508000138001796         138         508       11452.710
       508000138000793         138         508       11452.710
       508000138000831         138         508       9036.1748
       508000138000882         138         508       11452.710
       508000138000887         138         508       11452.710
       508000138000026         138         508       192.28571
       508000138001457         138         508       9036.1748
       509000665000026         665         509       8012.3462
       509025845000026       25845         509       27997.420
       510000242000026         242         510       5547.5349
       511004106000026        4106         511       12383.466
       511004748000026        4748         511       19577.387
