         639
            4340002140        4340           0       12.666667
            4340016322        4340           0       14341.190
            4340016735        4340           0       14341.190
            4340017646        4340           0       14341.190
            4340017663        4340           0       14341.190
            4340018088        4340           0       14341.190
            4340018567        4340           0       14341.190
            4340015459        4340           0       14341.190
            4340015460        4340           0       14341.190
            4340015461        4340           0       14341.190
            4340015463        4340           0       14341.190
            4340015473        4340           0       14341.190
            4340015496        4340           0       14341.190
            4340015526        4340           0       14341.190
         2000120000154         120           2       33919.263
         2000438000007         438           2       47921.909
        10009717000007        9717          10       14341.190
        11000080059764          80          11       47921.909
        11019604000007       19604          11       3211.5556
        12014438000007       14438          12       18024.385
        14004690000007        4690          14       134009.43
        17016836000007       16836          17       47921.909
        20000000034675           0          20       47921.909
        20000000024468           0          20       27094.840
        20000000034599           0          20       27094.840
        20000000034627           0          20       27094.840
        20000000025444           0          20       27094.840
        20000000024487           0          20       27094.840
        20000000025531           0          20       27094.840
        20000000028172           0          20       27094.840
        20000000026851           0          20       27094.840
        20000000025589           0          20       13362.349
        20000000025508           0          20       13362.349
        20000000000007           0          20       12.666667
        20000000024432           0          20       14341.190
        20000000024442           0          20       14341.190
        20000000024467           0          20       14341.190
        20000000025556           0          20       14341.190
        20000000026834           0          20       14341.190
        20000000026903           0          20       14341.190
        20000000034650           0          20       14341.190
        20000000025516           0          20       14341.190
        20000000025482           0          20       14341.190
        20000000024485           0          20       14341.190
        20000000024489           0          20       14341.190
        20000000029647           0          20       14341.190
        20000000029666           0          20       14341.190
        20000000029689           0          20       14341.190
        20000000029733           0          20       14341.190
        20000000029745           0          20       14341.190
        20000000029771           0          20       14341.190
        20000076000007          76          20       7013.5000
        21001261000007        1261          21       22822.824
        23003330037038        3330          23       14341.190
        23003330032875        3330          23       27094.840
        23003330032905        3330          23       27094.840
        23003330037020        3330          23       27094.840
        23003330035999        3330          23       27094.840
        23003330034523        3330          23       27094.840
        23003330032977        3330          23       27094.840
        23003330031303        3330          23       27094.840
        23003330031325        3330          23       27094.840
        23003330031356        3330          23       27094.840
        23003330031367        3330          23       27094.840
        23003330031387        3330          23       27094.840
        23003330037094        3330          23       27094.840
        23003330039738        3330          23       27094.840
        23003330039758        3330          23       27094.840
        23003330039784        3330          23       27094.840
        23003330036054        3330          23       82440.429
        23003330031320        3330          23       13362.349
        23003330000007        3330          23       1.6666667
        23003330031323        3330          23       14341.190
        23003330031302        3330          23       14341.190
        23003330032920        3330          23       14341.190
        23003330032955        3330          23       14341.190
        23003330034493        3330          23       14341.190
        23003330034562        3330          23       14341.190
        23003330036037        3330          23       14341.190
        23003330031388        3330          23       14341.190
        23003330032844        3330          23       14341.190
        27016119000007       16119          27       22822.824
        28004587000007        4587          28       82440.429
        33000768000007         768          33       22822.824
        37014565000007       14565          37       6166.8750
        42006964000744        6964          42       47921.909
        47023958000007       23958          47       18024.385
        48000534000007         534          48       18024.385
        49000073001008          73          49       14341.190
        49000073000007          73          49       1802.2000
        56000545000007         545          56       33919.263
        59000115009083         115          59       27094.840
        59000115008527         115          59       14341.190
        59000115008531         115          59       14341.190
        59000115008540         115          59       14341.190
        59000115008552         115          59       14341.190
        59000115009129         115          59       14341.190
        59000115009422         115          59       14341.190
        59000115008232         115          59       14341.190
        59000115000007         115          59       33.846154
        59000115009104         115          59       11851.200
        64001092000007        1092          64       22822.824
        67000074000007          74          67       490.70000
        71023064000007       23064          71       134009.43
        73001112000007        1112          73       33919.263
        73014235022253       14235          73       14341.190
        73014235023013       14235          73       14341.190
        73014235023018       14235          73       14341.190
        73014235022261       14235          73       27094.840
        73014235023065       14235          73       27094.840
        73014235024236       14235          73       27094.840
        73014235024902       14235          73       27094.840
        73014235024931       14235          73       27094.840
        73014235022676       14235          73       27094.840
        73014235011234       14235          73       33.846154
        73014235022252       14235          73       13362.349
        74004911014650        4911          74       13362.349
        74004911000007        4911          74       12.666667
        74004911011532        4911          74       27094.840
        74004911011509        4911          74       27094.840
        74004911012100        4911          74       27094.840
        74004911013047        4911          74       27094.840
        74004911013674        4911          74       27094.840
        74004911014156        4911          74       27094.840
        74004911011459        4911          74       27094.840
        74004911012083        4911          74       14341.190
        74004911012091        4911          74       14341.190
        74004911011480        4911          74       14341.190
        74004911011445        4911          74       14341.190
        74004911011435        4911          74       14341.190
        74004911014688        4911          74       27094.840
        76018521000007       18521          76       22822.824
        78003475000007        3475          78       134009.43
        80000257000007         257          80       10072.500
        81000075000007          75          81       6166.8750
        82002917000007        2917          82       47921.909
        83000081019326          81          83       27094.840
        83000081019371          81          83       27094.840
        83000081020518          81          83       27094.840
        83000081021578          81          83       27094.840
        83000081021600          81          83       27094.840
        83000081020494          81          83       14341.190
        83000081019366          81          83       14341.190
        83000081019349          81          83       14341.190
        83000081019370          81          83       13362.349
        83000081020505          81          83       13362.349
        83000081000007          81          83       5.7500000
        83000081021623          81          83       14341.190
        83000081022653          81          83       14341.190
        83000081023719          81          83       14341.190
        83000081023724          81          83       14341.190
        85000849000007         849          85       33919.263
        85002235000007        2235          85       47921.909
        88004352008039        4352          88       14341.190
        88004352008328        4352          88       27094.840
        88004352008980        4352          88       27094.840
        88004352009017        4352          88       14341.190
        88004352009481        4352          88       14341.190
        88004352000007        4352          88       152.71429
        90025579000007       25579          90       7013.5000
        93000108020516         108          93       13362.349
        93000108020516         108          93       13362.349
        93000108020547         108          93       13362.349
        93000108020547         108          93       13362.349
        93000108017118         108          93       13362.349
        93000108017118         108          93       13362.349
        93000108017129         108          93       13362.349
        93000108017129         108          93       13362.349
        93000108000007         108          93       12.666667
        93000108000007         108          93       12.666667
        93000108018454         108          93       27094.840
        93000108018454         108          93       27094.840
        93000108018478         108          93       27094.840
        93000108018478         108          93       27094.840
        93000108015934         108          93       27094.840
        93000108015934         108          93       27094.840
        93000108015935         108          93       27094.840
        93000108015935         108          93       27094.840
        93000108021641         108          93       27094.840
        93000108021675         108          93       27094.840
        93000108020523         108          93       27094.840
        93000108020523         108          93       27094.840
        93000108023001         108          93       14341.190
        93000108021633         108          93       14341.190
        93000108017115         108          93       14341.190
        93000108017115         108          93       14341.190
        93000108019729         108          93       14341.190
        93000108019729         108          93       14341.190
        94000132000007         132          94       490.70000
        94000132002328         132          94       13362.349
        95000307000007         307          95       7013.5000
        98028154000007       28154          98       27094.840
       100018667000007       18667         100       33919.263
       105006790000007        6790         105       2712.0000
       106005259000058        5259         106       134009.43
       108003428000007        3428         108       12.666667
       108003428027879        3428         108       13362.349
       108003428037511        3428         108       82440.429
       108003428032978        3428         108       27094.840
       108003428033005        3428         108       27094.840
       108003428034372        3428         108       27094.840
       108003428028825        3428         108       27094.840
       108003428027898        3428         108       27094.840
       108003428027855        3428         108       27094.840
       108003428034475        3428         108       27094.840
       108003428034492        3428         108       27094.840
       108003428037444        3428         108       27094.840
       108003428037484        3428         108       27094.840
       108003428034394        3428         108       14341.190
       108003428034449        3428         108       14341.190
       108003428027896        3428         108       14341.190
       108003428028754        3428         108       14341.190
       108003428028766        3428         108       14341.190
       108003428028794        3428         108       14341.190
       108003428028804        3428         108       14341.190
       108003428028836        3428         108       14341.190
       108003428030379        3428         108       14341.190
       108003428032961        3428         108       14341.190
       108003428027878        3428         108       14341.190
       110010598002867       10598         110       14341.190
       110010598003053       10598         110       27094.840
       110010598000007       10598         110       264.44444
       112000728000007         728         112       33919.263
       113000233000007         233         113       7013.5000
       118002325000007        2325         118       47921.909
       126028579009625       28579         126       14341.190
       126028579006810       28579         126       490.70000
       127015933000007       15933         127       33.846154
       127015933008556       15933         127       13362.349
       127015933008546       15933         127       14341.190
       127015933009169       15933         127       14341.190
       127015933008557       15933         127       27094.840
       128008384000007        8384         128       7013.5000
       129001327000007        1327         129       22822.824
       131026400000007       26400         131       10072.500
       136000242000007         242         136       22822.824
       138009455000007        9455         138       134009.43
       139008864000007        8864         139       10072.500
       141005433000007        5433         141       264.44444
       147000780000007         780         147       22822.824
       150000092008099          92         150       14341.190
       150000092008113          92         150       14341.190
       150000092008236          92         150       14341.190
       150000092000007          92         150       152.71429
       150000092008090          92         150       11851.200
       150000092008613          92         150       13362.349
       152019613000007       19613         152       10072.500
       153002478000007        2478         153       47921.909
       154000185019723         185         154       14341.190
       154000185020142         185         154       14341.190
       154000185019689         185         154       14341.190
       154000185022057         185         154       14341.190
       154000185022574         185         154       27094.840
       154000185022643         185         154       27094.840
       154000185020721         185         154       27094.840
       154000185020746         185         154       27094.840
       154000185021599         185         154       27094.840
       154000185019721         185         154       13362.349
       154000185018990         185         154       13362.349
       154000185002993         185         154       12.666667
       154000185020177         185         154       134009.43
       156012736000007       12736         156       82440.429
       157009952000007        9952         157       10072.500
       158005442000007        5442         158       33919.263
       160002003000007        2003         160       33919.263
       160022903000007       22903         160       10072.500
       166012907000007       12907         166       82440.429
       169000091000007          91         169       2712.0000
       173000099000007          99         173       2712.0000
       178000270000007         270         178       10072.500
       182000100004358         100         182       27094.840
       182000100004744         100         182       27094.840
       182002182000007        2182         182       33919.263
       188004041000007        4041         188       3211.5556
       189002061000007        2061         189       18024.385
       189008432000007        8432         189       82440.429
       189010547000007       10547         189       134009.43
       189011927000007       11927         189       134009.43
       191004231000007        4231         191       47921.909
       191004902000007        4902         191       82440.429
       192001262000007        1262         192       33919.263
       192016668013273       16668         192       14341.190
       192016668013283       16668         192       14341.190
       192016668014147       16668         192       14341.190
       192016668014496       16668         192       14341.190
       192016668015994       16668         192       27094.840
       192016668012398       16668         192       27094.840
       192016668013632       16668         192       27094.840
       192016668013654       16668         192       13362.349
       192016668000007       16668         192       12.666667
       193017618000007       17618         193       22822.824
       195000097000007          97         195       490.70000
       195010796000007       10796         195       47921.909
       198001123000007        1123         198       22822.824
       199023424000007       23424         199       27094.840
       202013628001445       13628         202       27094.840
       202013628000007       13628         202       1802.2000
       203012999000007       12999         203       3211.5556
       203012999000495       12999         203       27094.840
       204000028054262          28         204       27094.840
       204000028055380          28         204       14341.190
       204000028054288          28         204       13362.349
       204000028044539          28         204       12.666667
       204000028053489          28         204       14341.190
       204011787000007       11787         204       6166.8750
       206000102000007         102         206       264.44444
       206000102004147         102         206       14341.190
       206000102003662         102         206       14341.190
       206000102003756         102         206       27094.840
       206000136000007         136         206       2712.0000
       211027883000007       27883         211       134009.43
       213000153000007         153         213       264.44444
       213000153002813         153         213       14341.190
       213016152000007       16152         213       33919.263
       215001364000049        1364         215       134009.43
       217004145000007        4145         217       7013.5000
       218000064055142          64         218       264.44444
       218015392000007       15392         218       134009.43
       219000492000007         492         219       10072.500
       219021398001352       21398         219       33919.263
       222004144000007        4144         222       6166.8750
       223000207000007         207         223       1802.2000
       223002073000007        2073         223       33919.263
       224000067017489          67         224       490.70000
       224000067019540          67         224       14341.190
       224000070000007          70         224       490.70000
       229002732000007        2732         229       5.7500000
       229002732000007        2732         229       5.7500000
       229002732029140        2732         229       14341.190
       229002732029140        2732         229       14341.190
       229002732028033        2732         229       14341.190
       229002732028033        2732         229       14341.190
       229002732028035        2732         229       14341.190
       229002732028035        2732         229       14341.190
       229002732028055        2732         229       14341.190
       229002732028055        2732         229       14341.190
       229002732028067        2732         229       14341.190
       229002732028067        2732         229       14341.190
       229002732030570        2732         229       13362.349
       229002732030570        2732         229       13362.349
       229002732028125        2732         229       13362.349
       229002732028125        2732         229       13362.349
       229002732030541        2732         229       14341.190
       229002732030541        2732         229       14341.190
       229002732030557        2732         229       14341.190
       229002732030557        2732         229       14341.190
       229002732039568        2732         229       14341.190
       229002732039568        2732         229       14341.190
       229002732042673        2732         229       14341.190
       229002732042673        2732         229       14341.190
       229002732042769        2732         229       14341.190
       229002732042769        2732         229       14341.190
       229002732044189        2732         229       14341.190
       229002732044189        2732         229       14341.190
       229002732045939        2732         229       14341.190
       229002732046014        2732         229       14341.190
       229002732045879        2732         229       14341.190
       229002732028096        2732         229       27094.840
       229002732028096        2732         229       27094.840
       229002732029173        2732         229       27094.840
       229002732029173        2732         229       27094.840
       229002732030513        2732         229       27094.840
       229002732030513        2732         229       27094.840
       229002732046129        2732         229       82440.429
       229002732045902        2732         229       27094.840
       229002732044212        2732         229       27094.840
       229002732044212        2732         229       27094.840
       229002732042718        2732         229       27094.840
       229002732042718        2732         229       27094.840
       229002732030564        2732         229       27094.840
       229002732030564        2732         229       27094.840
       229002732030680        2732         229       27094.840
       229002732030680        2732         229       27094.840
       229002732039498        2732         229       27094.840
       229002732039498        2732         229       27094.840
       234000393000007         393         234       10072.500
       235014514000007       14514         235       3211.5556
       240000024000007          24         240       33.846154
       240000024006931          24         240       14341.190
       240000024006797          24         240       27094.840
       244004930071892        4930         244       22822.824
       244005955000007        5955         244       18024.385
       248001863000007        1863         248       33919.263
       251007873000007        7873         251       490.70000
       251008476000007        8476         251       22822.824
       251011947000007       11947         251       82440.429
       255003760000007        3760         255       47921.909
       256000799000007         799         256       22822.824
       257000104000007         104         257       3211.5556
       258000221000007         221         258       6166.8750
       262009300000007        9300         262       152.71429
       262010616000007       10616         262       33919.263
       266002421000007        2421         266       22822.824
       267001676011670        1676         267       33.846154
       270011256000007       11256         270       47921.909
       271010714000007       10714         271       6166.8750
       271015539000007       15539         271       82440.429
       273000049010335          49         273       27094.840
       273000049009481          49         273       27094.840
       273000049000007          49         273       33.846154
       273000049009744          49         273       14341.190
       273000049010314          49         273       14341.190
       273000049009475          49         273       14341.190
       273000049009479          49         273       14341.190
       273000049010893          49         273       14341.190
       273000049011109          49         273       14341.190
       277020467000007       20467         277       18024.385
       282005784000007        5784         282       18024.385
       284000103005152         103         284       27094.840
       284000103005223         103         284       27094.840
       284000103000007         103         284       152.71429
       289017592000007       17592         289       27094.840
       290002939000007        2939         290       47921.909
       297000492000007         492         297       10072.500
       302000153000007         153         302       6166.8750
       305003276000007        3276         305       47921.909
       309024334000007       24334         309       33919.263
       312022813000007       22813         312       152.71429
       317002698000007        2698         317       47921.909
       332011297000007       11297         332       82440.429
       336023215000007       23215         336       1802.2000
       340000061000007          61         340       12.666667
       340000061015445          61         340       13362.349
       340000061015793          61         340       14341.190
       340000061016632          61         340       14341.190
       340000061015475          61         340       14341.190
       340000061017337          61         340       14341.190
       340000061016667          61         340       13362.349
       340000061015428          61         340       14341.190
       340000061016267          61         340       27094.840
       340000061015453          61         340       27094.840
       340000067002959          67         340       14341.190
       340000067002947          67         340       14341.190
       340000067005674          67         340       14341.190
       340000067000007          67         340       264.44444
       340000121000007         121         340       2712.0000
       351009138000007        9138         351       14341.190
       352000044000007          44         352       490.70000
       354021341000007       21341         354       27094.840
       359000103039227         103         359       490.70000
       359000103042215         103         359       14341.190
       361014111000007       14111         361       82440.429
       362020423000007       20423         362       27094.840
       362029557000007       29557         362       27094.840
       363002478000007        2478         363       47921.909
       365000132000007         132         365       12.666667
       367000142015794         142         367       12.666667
       367000142026859         142         367       14341.190
       367000142026328         142         367       14341.190
       367000142027791         142         367       27094.840
       367000142029191         142         367       27094.840
       369000087008425          87         369       14341.190
       369000087008205          87         369       14341.190
       369000087008204          87         369       14341.190
       369000087008188          87         369       14341.190
       369000087008187          87         369       14341.190
       369000087008186          87         369       14341.190
       369000087008185          87         369       14341.190
       369000087000007          87         369       33.846154
       369000101000007         101         369       3211.5556
       370011244000007       11244         370       134009.43
       372001041000007        1041         372       33919.263
       376000229000007         229         376       10072.500
       379000149000007         149         379       2712.0000
       379000149000886         149         379       13362.349
       379002860000007        2860         379       47921.909
       380001009000007        1009         380       18024.385
       387024974000007       24974         387       27094.840
       388000049053761          49         388       27094.840
       388000049053761          49         388       27094.840
       388000049053774          49         388       27094.840
       388000049053774          49         388       27094.840
       388000049055497          49         388       27094.840
       388000049055497          49         388       27094.840
       388000049055546          49         388       27094.840
       388000049055546          49         388       27094.840
       388000049057258          49         388       27094.840
       388000049064121          49         388       27094.840
       388000049057305          49         388       27094.840
       388000049059848          49         388       27094.840
       388000049063937          49         388       27094.840
       388000049064027          49         388       27094.840
       388000049053834          49         388       27094.840
       388000049053834          49         388       27094.840
       388000049053797          49         388       27094.840
       388000049053797          49         388       27094.840
       388000049053798          49         388       82440.429
       388000049053798          49         388       82440.429
       388000049064163          49         388       33919.263
       388000049053738          49         388       14341.190
       388000049053738          49         388       14341.190
       388000049053796          49         388       14341.190
       388000049053796          49         388       14341.190
       388000049053830          49         388       14341.190
       388000049053830          49         388       14341.190
       388000049053748          49         388       14341.190
       388000049053748          49         388       14341.190
       388000049055529          49         388       14341.190
       388000049055529          49         388       14341.190
       388000049057360          49         388       14341.190
       388000049058634          49         388       14341.190
       388000049058647          49         388       14341.190
       388000049059785          49         388       14341.190
       388000049055578          49         388       14341.190
       388000049055578          49         388       14341.190
       388000049057285          49         388       14341.190
       388000049064087          49         388       14341.190
       388000049000007          49         388       1.6666667
       388000049000007          49         388       1.6666667
       388000049053745          49         388       11851.200
       388000049053745          49         388       11851.200
       388000049055611          49         388       13362.349
       388000049055611          49         388       13362.349
       388000049055631          49         388       13362.349
       388000049055631          49         388       13362.349
       388000049055650          49         388       13362.349
       388000049055650          49         388       13362.349
       388000049064049          49         388       134009.43
       393004398000007        4398         393       82440.429
       393022275000007       22275         393       14341.190
       400006471000007        6471         400       7013.5000
       400006812000007        6812         400       18024.385
       400013203000007       13203         400       134009.43
       405003592000007        3592         405       134009.43
       406000118000007         118         406       3211.5556
       407023885000007       23885         407       47921.909
       408018569000007       18569         408       264.44444
       412010674000007       10674         412       33.846154
       412010674009599       10674         412       14341.190
       412010674009267       10674         412       14341.190
       412010674009303       10674         412       14341.190
       412010674009886       10674         412       13362.349
       412010674009375       10674         412       13362.349
       412010674009304       10674         412       27094.840
       412010716000007       10716         412       6166.8750
       413002891000007        2891         413       82440.429
       413005819000007        5819         413       134009.43
       414000609000007         609         414       22822.824
       414011965000007       11965         414       3211.5556
       415011697000007       11697         415       27094.840
       417002694000007        2694         417       47921.909
       417002694000063        2694         417       14341.190
       418005080004420        5080         418       14341.190
       418005080000266        5080         418       152.71429
       418005080004796        5080         418       27094.840
       418005080005363        5080         418       27094.840
       418005080005936        5080         418       134009.43
       422007428000007        7428         422       10072.500
       424002393000007        2393         424       82440.429
       426000329000007         329         426       10072.500
       426000670000007         670         426       18024.385
       427003394000007        3394         427       82440.429
       428000626000007         626         428       18024.385
       432001189000007        1189         432       33919.263
       432002425000007        2425         432       82440.429
       434000265000007         265         434       7013.5000
       434000265000184         265         434       14341.190
       434002971000007        2971         434       134009.43
       435003338000007        3338         435       47921.909
       436000327000007         327         436       7013.5000
       436017494000007       17494         436       5.7500000
       436017494020841       17494         436       14341.190
       436017494020843       17494         436       14341.190
       436017494020920       17494         436       14341.190
       436017494022197       17494         436       14341.190
       436017494023186       17494         436       14341.190
       436017494023204       17494         436       14341.190
       436017494023253       17494         436       14341.190
       436017494024727       17494         436       14341.190
       436017494025537       17494         436       14341.190
       436017494023190       17494         436       27094.840
       436017494022217       17494         436       27094.840
       436017494020922       17494         436       27094.840
       436017494022162       17494         436       27094.840
       436017494022182       17494         436       27094.840
       436017494020897       17494         436       27094.840
       436017494028502       17494         436       27094.840
       436017494028539       17494         436       27094.840
       436017494028566       17494         436       27094.840
       436017494025410       17494         436       27094.840
       436017494025504       17494         436       27094.840
       437013205000007       13205         437       134009.43
       442010371000007       10371         442       134009.43
       446012091000007       12091         446       18024.385
       447022910000007       22910         447       7013.5000
       454020923009677       20923         454       11851.200
       454020923000007       20923         454       33.846154
       454020923009678       20923         454       14341.190
       454020923009854       20923         454       14341.190
       454020923009873       20923         454       14341.190
       454020923011042       20923         454       14341.190
       454020923009684       20923         454       27094.840
       454020923009832       20923         454       27094.840
       464001493007731        1493         464       14341.190
       464001493000007        1493         464       152.71429
       469016365000007       16365         469       27094.840
       471000221000007         221         471       1802.2000
       473018087000007       18087         473       47921.909
       477004685003306        4685         477       27094.840
       477004685000288        4685         477       264.44444
       477004685003258        4685         477       14341.190
       477005747000007        5747         477       22822.824
       482000078006747          78         482       27094.840
       482000078000007          78         482       33.846154
       482000078006461          78         482       13362.349
       482000078006464          78         482       13362.349
       482000078006718          78         482       134009.43
       485008673029759        8673         485       33.846154
       485008673038001        8673         485       14341.190
       485008673038003        8673         485       14341.190
       485008673038129        8673         485       14341.190
       485008673038638        8673         485       14341.190
       485008673038006        8673         485       82440.429
       491001068000007        1068         491       18024.385
       493008953000007        8953         493       3211.5556
       495000124000007         124         495       490.70000
       497000164000007         164         497       22822.824
       497003886009348        3886         497       27094.840
       497003886009520        3886         497       27094.840
       497003886001435        3886         497       33.846154
       497003886008885        3886         497       13362.349
       497003886009334        3886         497       14341.190
       498000155003264         155         498       13362.349
       498000155003206         155         498       14341.190
       498000155003207         155         498       14341.190
       498000155003209         155         498       14341.190
       498000155000007         155         498       264.44444
       507000365000007         365         507       7013.5000
       507019757000007       19757         507       14341.190
       508005539000007        5539         508       82440.429
       508024193000007       24193         508       10072.500
       509000276000189         276         509       7013.5000
       511000153000007         153         511       33.846154
       511000153009065         153         511       14341.190
       511000153009201         153         511       14341.190
       511000153010663         153         511       14341.190
       511000153008570         153         511       14341.190
       511000153008575         153         511       14341.190
       511000153009053         153         511       13362.349
