         195
         4021083000051       21083           4       43876.429
         8001703000000        1703           8       55626.667
        10006067000000        6067          10       190386.64
        11000081000000          81          11       24.000000
        15001854000000        1854          15       91243.611
        18001186000000        1186          18       722.28571
        19000070000000          70          19       722.28571
        20000000000000           0          20       1.0000000
        25005452000000        5452          25       4767.6667
        34000013000000          13          34       25.285714
        34018781000000       18781          34       446665.44
        35012930000000       12930          35       91243.611
        38014677000000       14677          38       7424.8182
        38014684000000       14684          38       11332.750
        42007962000129        7962          42       190386.64
        47002322000000        2322          47       7424.8182
        52000039000000          39          52       170.00000
        54020842003321       20842          54       91243.611
        54021213000000       21213          54       17306.692
        56012189000000       12189          56       11332.750
        57019306000000       19306          57       446665.44
        59028622000000       28622          59       43876.429
        62010401003379       10401          62       23152.812
        63011947000000       11947          63       2346.1429
        66003533000000        3533          66       17306.692
        69000812000000         812          69       43876.429
        71000075000000          75          71       73.428571
        74012495000000       12495          74       190386.64
        78000111000000         111          78       25.285714
        85019999000000       19999          85       8059.8333
        87001672000000        1672          87       43876.429
        88011652000000       11652          88       190386.64
        90001137000000        1137          90       370.57143
        93000108000000         108          93       1.0000000
        93003876000000        3876          93       55626.667
        95000115000000         115          95       73.428571
        96016036000000       16036          96       91243.611
        99001469000000        1469          99       55626.667
       102011181000000       11181         102       1165262.7
       108003428000000        3428         108       1.0000000
       108004693000000        4693         108       23152.812
       111006726000000        6726         111       2346.1429
       113013149000000       13149         113       7424.8182
       115015731000000       15731         115       91243.611
       116001325000000        1325         116       55626.667
       117004881000000        4881         117       446665.44
       122001029000000        1029         122       23152.812
       127015933000000       15933         127       73.428571
       128008184009640        8184         128       7424.8182
       129000456000000         456         129       11332.750
       131004438000000        4438         131       17306.692
       132000085000000          85         132       4767.6667
       132003520000000        3520         132       55626.667
       136007169000000        7169         136       43876.429
       138014038000000       14038         138       446665.44
       145000078000000          78         145       722.28571
       148026733000000       26733         148       11332.750
       148026866000000       26866         148       23152.812
       151012050000000       12050         151       1165262.7
       151012362000000       12362         151       190386.64
       159001809000053        1809         159       91243.611
       161001326000000        1326         161       23152.812
       162000058004095          58         162       17306.692
       162025217000000       25217         162       190386.64
       165012344000000       12344         165       370.57143
       166001382000000        1382         166       91243.611
       167001763000000        1763         167       55626.667
       167010356000000       10356         167       23152.812
       169000043018933          43         169       170.00000
       171014864000000       14864         171       190386.64
       174000095000000          95         174       25.285714
       178003837000000        3837         178       91243.611
       181000181000000         181         181       4767.6667
       185001722000000        1722         185       55626.667
       185003041000000        3041         185       91243.611
       188005688000000        5688         188       23152.812
       191000120000000         120         191       25.285714
       196001977000000        1977         196       55626.667
       198000257000000         257         198       8059.8333
       198000406000000         406         198       7424.8182
       200003360000000        3360         200       91243.611
       206014841000000       14841         206       446665.44
       209000079000237          79         209       17306.692
       212000045000000          45         212       722.28571
       212010907000000       10907         212       446665.44
       218005510000000        5510         218       722.28571
       218011378000000       11378         218       91243.611
       218015873000000       15873         218       190386.64
       218019111000000       19111         218       446665.44
       222007812000000        7812         222       55626.667
       229002732000000        2732         229       1.0000000
       231001045000000        1045         231       722.28571
       232005010000000        5010         232       91243.611
       236009652000000        9652         236       55626.667
       237000097003135          97         237       25.285714
       239000139000000         139         239       170.00000
       239002644000000        2644         239       55626.667
       241008894000000        8894         241       4767.6667
       243010928000000       10928         243       25.285714
       244006362000000        6362         244       23152.812
       246002458000000        2458         246       25.285714
       248000002000000           2         248       23152.812
       253012060000000       12060         253       11332.750
       254000146000000         146         254       1857.8000
       255000340000000         340         255       7424.8182
       261000398000000         398         261       23152.812
       261007313000000        7313         261       170.00000
       264011496032330       11496         264       24.000000
       265000036000000          36         265       1857.8000
       269000183000000         183         269       17306.692
       270000053000000          53         270       170.00000
       273013128000000       13128         273       170.00000
       275000144000000         144         275       11332.750
       276014117000000       14117         276       43876.429
       277000056000000          56         277       170.00000
       277020399000000       20399         277       8059.8333
       283003454000000        3454         283       43876.429
       288000248000000         248         288       11332.750
       288000823000000         823         288       23152.812
       291006254000000        6254         291       55626.667
       295002794000000        2794         295       17306.692
       295003695000000        3695         295       23152.812
       297020554000000       20554         297       17306.692
       307000193000000         193         307       4767.6667
       308002561000000        2561         308       7424.8182
       313000079000000          79         313       73.428571
       313009972000000        9972         313       2346.1429
       316001038000000        1038         316       43876.429
       317000135000000         135         317       1857.8000
       319000843000000         843         319       17306.692
       321002756000000        2756         321       11332.750
       324000234000000         234         324       11332.750
       324014456000000       14456         324       370.57143
       325000148000000         148         325       7424.8182
       328013387000000       13387         328       43876.429
       333012668000000       12668         333       55626.667
       334001697000000        1697         334       190386.64
       334006378000000        6378         334       2346.1429
       335001205000000        1205         335       190386.64
       340001365000000        1365         340       23152.812
       345000072000000          72         345       370.57143
       348018707000000       18707         348       446665.44
       350010236000230       10236         350       91243.611
       351003195000000        3195         351       91243.611
       358005579000000        5579         358       91243.611
       360009949000000        9949         360       1857.8000
       360015157000000       15157         360       190386.64
       361020060000000       20060         361       190386.64
       365000312000000         312         365       8059.8333
       367000344000000         344         367       11332.750
       367001714000000        1714         367       55626.667
       367002207000000        2207         367       55626.667
       369004843000000        4843         369       446665.44
       374000808000000         808         374       17306.692
       380000083000385          83         380       73.428571
       380000085000000          85         380       73.428571
       380000255000000         255         380       8059.8333
       388000049000000          49         388       1.0000000
       390013178000000       13178         390       91243.611
       397011566000000       11566         397       11332.750
       399012986000000       12986         399       43876.429
       408018570000000       18570         408       370.57143
       409011117000000       11117         409       7424.8182
       419010631000000       10631         419       190386.64
       429000104029514         104         429       370.57143
       436004446000000        4446         436       91243.611
       436017494000000       17494         436       1.0000000
       436017508000000       17508         436       1857.8000
       437005152000000        5152         437       370.57143
       439022530000000       22530         439       722.28571
       440024840000000       24840         440       17306.692
       442004709000000        4709         442       43876.429
       445005012000000        5012         445       2346.1429
       445009115000000        9115         445       190386.64
       452014522000000       14522         452       2346.1429
       457000956000000         956         457       17306.692
       458001023000000        1023         458       17306.692
       459002619000000        2619         459       23152.812
       462023272000000       23272         462       1165262.7
       473000141000000         141         473       4767.6667
       478003900015156        3900         478       43876.429
       479002386000000        2386         479       2346.1429
       482023472000000       23472         482       8059.8333
       483000082000000          82         483       73.428571
       485000194000000         194         485       7424.8182
       488014340000000       14340         488       23152.812
       489003872000000        3872         489       55626.667
       489020631000000       20631         489       11332.750
       496003325000000        3325         496       43876.429
       497007957000000        7957         497       55626.667
       498004744000000        4744         498       91243.611
       500000526000000         526         500       23152.812
       501000196000000         196         501       7424.8182
       501013105000000       13105         501       55626.667
       504013361000000       13361         504       43876.429
