        1029
         3000355000023         355           3       10142.619
         3015089000023       15089           3       43840.733
         4000252000023         252           4       10142.619
         5008164000023        8164           5       17867.914
         5023560000023       23560           5       35360.965
         6021089000023       21089           6       21647.821
         6021853000023       21853           6       35360.965
         8000463000023         463           8       10142.619
         8012996000023       12996           8       2432.0606
         9003469000023        3469           9       43840.733
         9019514000463       19514           9       17867.914
         9019514000023       19514           9       1054.2273
        10000026000023          26          10       42.142857
        12000061000023          61          12       1054.2273
        12000061001499          61          12       17867.914
        13015045000023       15045          13       21647.821
        14000650000023         650          14       14799.673
        15012305000023       12305          15       35360.965
        16000437000091         437          16       17867.914
        16000437000023         437          16       10142.619
        16017767000023       17767          16       43840.733
        17000779000023         779          17       10142.619
        18009784000023        9784          18       43840.733
        18012928000023       12928          18       17867.914
        19002177000023        2177          19       21647.821
        20015504000023       15504          20       43840.733
        22003738000023        3738          22       6524.7632
        24000278000023         278          24       3415.4286
        24000278000208         278          24       13483.804
        26010392000023       10392          26       35360.965
        26019337000023       19337          26       13483.804
        27018117000023       18117          27       43840.733
        30004722000023        4722          30       2219.7500
        30015965000023       15965          30       17867.914
        31008547000560        8547          31       17867.914
        31008547000508        8547          31       17867.914
        31008547000023        8547          31       1054.2273
        32000033000023          33          32       496.33333
        32000057000023          57          32       1054.2273
        32000057000369          57          32       13483.804
        32000057000350          57          32       17867.914
        32000057000349          57          32       17867.914
        33001235000023        1235          33       21647.821
        35001996000023        1996          35       35360.965
        35008078000023        8078          35       14799.673
        40000626000023         626          40       14799.673
        40009072000023        9072          40       14799.673
        41000003001015           3          41       13483.804
        41000003002056           3          41       13483.804
        41000003000023           3          41       109.50000
        41000003000752           3          41       43840.733
        41000003001024           3          41       17867.914
        41000003002217           3          41       17867.914
        41000003001096           3          41       17867.914
        41000003001915           3          41       17867.914
        41009979000023        9979          41       109.50000
        41009979002223        9979          41       13483.804
        41009979002015        9979          41       17867.914
        42000532000023         532          42       14799.673
        43001838000023        1838          43       10142.619
        44015955000023       15955          44       17867.914
        46002110000900        2110          46       17867.914
        46002110000023        2110          46       254.18182
        46002110001074        2110          46       17867.914
        47026205000023       26205          47       43840.733
        48000696000023         696          48       14799.673
        50000904000023         904          50       21647.821
        52000287000087         287          52       13483.804
        52000287000023         287          52       6524.7632
        52000499000023         499          52       10142.619
        52018442000023       18442          52       21647.821
        54000078000641          78          54       43840.733
        54000078001164          78          54       17867.914
        54000078000023          78          54       496.33333
        54000078000715          78          54       13483.804
        54000078001177          78          54       13483.804
        54000078000637          78          54       17867.914
        54000109000632         109          54       6524.7632
        55000130002285         130          55       13483.804
        55000130000745         130          55       13264.914
        55000130001885         130          55       13264.914
        55000130002031         130          55       17867.914
        55000130000690         130          55       17867.914
        55000148000474         148          55       17867.914
        55000148000430         148          55       17867.914
        55000148000023         148          55       1054.2273
        55016806000023       16806          55       10142.619
        55016806000078       16806          55       13483.804
        56012002000379       12002          56       13483.804
        56012002000023       12002          56       2219.7500
        56012002000316       12002          56       17867.914
        56013922000023       13922          56       21647.821
        57000057001853          57          57       17867.914
        57000057000528          57          57       17867.914
        57000057000023          57          57       496.33333
        57000057000608          57          57       17867.914
        57000064000550          64          57       17867.914
        57000064000332          64          57       13483.804
        57000064000023          64          57       1054.2273
        57000064001403          64          57       21647.821
        57015776000023       15776          57       13483.804
        60000167000177         167          60       13483.804
        60000167000023         167          60       2432.0606
        60000292000023         292          60       3415.4286
        61006189000023        6189          61       14799.673
        63013321000023       13321          63       21647.821
        66003091000023        3091          66       2432.0606
        67001883000023        1883          67       17867.914
        67014761002546       14761          67       13483.804
        67014761002537       14761          67       13483.804
        67014761000023       14761          67       42.142857
        67015450000023       15450          67       21647.821
        68000630000023         630          68       14799.673
        69011259000023       11259          69       35360.965
        70015757000023       15757          70       10142.619
        71000074017990          74          71       2432.0606
        72000021000023          21          72       109.50000
        72000021001779          21          72       17867.914
        72000021002186          21          72       17867.914
        72000021001182          21          72       13483.804
        72000021003785          21          72       13483.804
        72000021001902          21          72       13483.804
        72000021001774          21          72       13483.804
        72000021002199          21          72       43840.733
        72000021001117          21          72       17867.914
        72000021001186          21          72       17867.914
        73000550000023         550          73       10142.619
        74004976000023        4976          74       2432.0606
        75016953000023       16953          75       35360.965
        77000160000954         160          77       14799.673
        77002561000042        2561          77       13483.804
        77002561000023        2561          77       43840.733
        78000850000023         850          78       10142.619
        79000329000023         329          79       3415.4286
        79016154000023       16154          79       496.33333
        79016154001165       16154          79       13264.914
        79017513000023       17513          79       21647.821
        80010223000416       10223          80       13264.914
        83012349000023       12349          83       17867.914
        84000060001779          60          84       43840.733
        84000688000100         688          84       43840.733
        86001838000023        1838          86       35360.965
        87000517000023         517          87       10142.619
        89004873000023        4873          89       10142.619
        89005204000023        5204          89       14799.673
        90005990000023        5990          90       35360.965
        92001192000023        1192          92       10142.619
        92002850000023        2850          92       21647.821
        94000540000023         540          94       6524.7632
        94021823000023       21823          94       35360.965
        95017423000023       17423          95       6524.7632
        98000091000023          91          98       1054.2273
        98000091000281          91          98       13483.804
        98000091000419          91          98       13483.804
        98000091000508          91          98       17867.914
        98016240000175       16240          98       13483.804
        98016240000023       16240          98       3415.4286
       100002626000023        2626         100       21647.821
       102000171000023         171         102       2432.0606
       102020883000023       20883         102       43840.733
       103000106000824         106         103       17867.914
       103000106000822         106         103       17867.914
       103000106000704         106         103       17867.914
       103000106000694         106         103       17867.914
       103000106000023         106         103       254.18182
       103000106000954         106         103       17867.914
       103000106000964         106         103       17867.914
       103000106000986         106         103       17867.914
       103000106000713         106         103       13483.804
       103000106000686         106         103       13264.914
       104019770001248       19770         104       17867.914
       104019770000023       19770         104       42.142857
       104019770000895       19770         104       17867.914
       105006840000023        6840         105       2219.7500
       105008914000060        8914         105       13483.804
       105008914000023        8914         105       21647.821
       107003563000023        3563         107       21647.821
       109000153000566         153         109       35360.965
       109000153000564         153         109       43840.733
       109000153000549         153         109       17867.914
       109000153000438         153         109       13483.804
       109000153000741         153         109       17867.914
       109000153000756         153         109       17867.914
       109000153001166         153         109       17867.914
       109000153000023         153         109       496.33333
       109000156000023         156         109       254.18182
       109000156000590         156         109       13483.804
       109000156001905         156         109       43840.733
       109001046000023        1046         109       14799.673
       109019075012148       19075         109       13483.804
       109019075012449       19075         109       13483.804
       109019075013015       19075         109       13483.804
       109019075011548       19075         109       496.33333
       110000222000023         222         110       6524.7632
       110002658000023        2658         110       35360.965
       110010803000023       10803         110       3415.4286
       110011046000023       11046         110       6524.7632
       112009509000023        9509         112       10142.619
       112009509000056        9509         112       13483.804
       112009509000062        9509         112       13483.804
       113000094000023          94         113       2219.7500
       113000094000191          94         113       17867.914
       115000179000023         179         115       3415.4286
       115001320000023        1320         115       17867.914
       116000121000023         121         116       2432.0606
       119000635000023         635         119       10142.619
       122000458000023         458         122       6524.7632
       122000458000111         458         122       13483.804
       122001392000023        1392         122       21647.821
       123001055000023        1055         123       14799.673
       124000068000023          68         124       42.142857
       125010247000023       10247         125       1054.2273
       125010247000185       10247         125       13483.804
       125010247000183       10247         125       13483.804
       126000368000023         368         126       14799.673
       126028590000023       28590         126       2219.7500
       126028590000323       28590         126       17867.914
       127000273000023         273         127       2432.0606
       127017254000023       17254         127       14799.673
       128008175043183        8175         128       35360.965
       129003729000023        3729         129       35360.965
       130003563011238        3563         130       1054.2273
       131003629000023        3629         131       1054.2273
       131003629000313        3629         131       13264.914
       131004024000095        4024         131       13483.804
       131004024000023        4024         131       3415.4286
       132000042000243          42         132       42.142857
       132000049000023          49         132       254.18182
       132000049001334          49         132       13483.804
       132000049001093          49         132       43840.733
       132000049001249          49         132       17867.914
       132000049001262          49         132       17867.914
       132000049001344          49         132       17867.914
       132000049001364          49         132       17867.914
       133000282000023         282         133       3415.4286
       134000035000432          35         134       2432.0606
       134000035000637          35         134       17867.914
       135006137002116        6137         135       17867.914
       135006137001155        6137         135       17867.914
       135006137000869        6137         135       17867.914
       135006137000944        6137         135       17867.914
       135006137000761        6137         135       17867.914
       135006137001972        6137         135       2432.0606
       135006137000023        6137         135       254.18182
       135006137000862        6137         135       13483.804
       135006137000879        6137         135       13483.804
       135006137002414        6137         135       13483.804
       135013954000023       13954         135       17867.914
       137006294000048        6294         137       17867.914
       137006294000023        6294         137       21647.821
       137014281000023       14281         137       17867.914
       139008496007964        8496         139       17867.914
       139008496008405        8496         139       17867.914
       139008496008314        8496         139       17867.914
       139008496008334        8496         139       17867.914
       139008496008389        8496         139       13483.804
       139008496007288        8496         139       254.18182
       142016814000023       16814         142       17867.914
       143004093000387        4093         143       43840.733
       144010649000023       10649         144       14799.673
       145007205000023        7205         145       43840.733
       147000077001366          77         147       17867.914
       147000077001181          77         147       17867.914
       147000077001354          77         147       17867.914
       147000077001694          77         147       17867.914
       147000077002395          77         147       17867.914
       147000077000786          77         147       13264.914
       147000077000023          77         147       254.18182
       147000089000023          89         147       496.33333
       147000089000539          89         147       17867.914
       147000181000194         181         147       17867.914
       147000181000023         181         147       2432.0606
       147012321000941       12321         147       2432.0606
       147012416000023       12416         147       3415.4286
       147012416000111       12416         147       13483.804
       148000050001998          50         148       13483.804
       148000050000023          50         148       109.50000
       148000050002231          50         148       17867.914
       148000050002850          50         148       17867.914
       149001540000023        1540         149       14799.673
       151025711007787       25711         151       35360.965
       152000396000023         396         152       3415.4286
       152019613000023       19613         152       3415.4286
       152019674000023       19674         152       3415.4286
       152019674000106       19674         152       17867.914
       154012657002135       12657         154       3415.4286
       154012657002232       12657         154       13483.804
       156012513000023       12513         156       43840.733
       157001783000023        1783         157       35360.965
       157002697000023        2697         157       43840.733
       158004255000023        4255         158       2432.0606
       158004800000023        4800         158       10142.619
       160001601000023        1601         160       21647.821
       161000061001440          61         161       21647.821
       161001125000023        1125         161       14799.673
       161004287000023        4287         161       43840.733
       162000048003547          48         162       13483.804
       162000048001472          48         162       109.50000
       162000048031219          48         162       42.142857
       164000047000023          47         164       496.33333
       164000047000976          47         164       17867.914
       164000047001309          47         164       17867.914
       165012557000023       12557         165       3415.4286
       166007231000023        7231         166       3415.4286
       167000905000023         905         167       21647.821
       168000038003207          38         168       1054.2273
       168000038003480          38         168       13483.804
       168008802000023        8802         168       2219.7500
       169000196000023         196         169       2432.0606
       169000196000122         196         169       17867.914
       169000196000148         196         169       17867.914
       170000345000023         345         170       2432.0606
       171003979000023        3979         171       1054.2273
       171003979000341        3979         171       17867.914
       173001093000023        1093         173       10142.619
       174001440000023        1440         174       21647.821
       174001440000050        1440         174       17867.914
       174002597000023        2597         174       35360.965
       174002935000023        2935         174       21647.821
       175001174000023        1174         175       10142.619
       176003339000023        3339         176       2432.0606
       176003339000406        3339         176       13483.804
       176003339000426        3339         176       17867.914
       177002313000023        2313         177       43840.733
       177009093000023        9093         177       14799.673
       180001256000023        1256         180       10142.619
       181000095000023          95         181       1054.2273
       181000095000371          95         181       13483.804
       181000095000386          95         181       17867.914
       183014774000023       14774         183       43840.733
       184012648001020       12648         184       35360.965
       184015653000023       15653         184       35360.965
       189002576000023        2576         189       14799.673
       190004232000023        4232         190       1054.2273
       190010516000023       10516         190       43840.733
       190018147000023       18147         190       13483.804
       192003910000023        3910         192       43840.733
       193003662000023        3662         193       35360.965
       194003553000023        3553         194       43840.733
       194019438001540       19438         194       35360.965
       194019438001527       19438         194       17867.914
       194019438002212       19438         194       13483.804
       194019438001499       19438         194       13483.804
       194019438001512       19438         194       13483.804
       194019438000023       19438         194       42.142857
       196000061000023          61         196       2432.0606
       197000044000023          44         197       42.142857
       197000044001588          44         197       13483.804
       197000044001838          44         197       13483.804
       197000044001706          44         197       13264.914
       197000044001670          44         197       17867.914
       197000044001601          44         197       17867.914
       197000044001592          44         197       17867.914
       197000044001688          44         197       43840.733
       197000047000619          47         197       17867.914
       197000047000718          47         197       17867.914
       197000047000741          47         197       17867.914
       197000047000701          47         197       13483.804
       197000047000627          47         197       13483.804
       197000047000023          47         197       254.18182
       197010430000023       10430         197       17867.914
       198000509000023         509         198       3415.4286
       199003027000023        3027         199       35360.965
       201011982000023       11982         201       21647.821
       202013621012136       13621         202       17867.914
       202013621012130       13621         202       17867.914
       202013621011577       13621         202       496.33333
       202013621012120       13621         202       13483.804
       202015240000023       15240         202       43840.733
       203003060000023        3060         203       43840.733
       204000028000023          28         204       42.142857
       204011881000023       11881         204       2432.0606
       204014797000023       14797         204       43840.733
       204031667000023       31667         204       14799.673
       206000245000023         245         206       2219.7500
       206000250000023         250         206       3415.4286
       206000250000084         250         206       17867.914
       206000470000023         470         206       3415.4286
       206001371000023        1371         206       14799.673
       206008506000023        8506         206       43840.733
       207000582000023         582         207       10142.619
       208003523000023        3523         208       254.18182
       208003523000683        3523         208       13483.804
       208003523000556        3523         208       17867.914
       208003639000195        3639         208       17867.914
       208003639000023        3639         208       2432.0606
       208012293000023       12293         208       43840.733
       210000070000023          70         210       42.142857
       210007717000023        7717         210       254.18182
       210007717001752        7717         210       13483.804
       210007717001072        7717         210       43840.733
       210007717001856        7717         210       43840.733
       210007717001147        7717         210       17867.914
       211008919001633        8919         211       17867.914
       211008919001679        8919         211       17867.914
       211008919001185        8919         211       17867.914
       211008919001072        8919         211       17867.914
       211008919001700        8919         211       13483.804
       211008919000023        8919         211       254.18182
       211008932002131        8932         211       35360.965
       212001508000023        1508         212       21647.821
       214001386000023        1386         214       35360.965
       216006342000023        6342         216       10142.619
       217006475000023        6475         217       35360.965
       218000068001197          68         218       17867.914
       218000068000023          68         218       109.50000
       218000068001309          68         218       13483.804
       218000068001188          68         218       13483.804
       218000068000875          68         218       13483.804
       218000068000871          68         218       13483.804
       219021313000023       21313         219       42.142857
       221005796000023        5796         221       6524.7632
       221007249000023        7249         221       21647.821
       222009291000023        9291         222       43840.733
       223009956000023        9956         223       13483.804
       226000123000101         123         226       2219.7500
       226000123000442         123         226       17867.914
       226001294000023        1294         226       21647.821
       226003475000023        3475         226       35360.965
       230003266000023        3266         230       6524.7632
       230003669000023        3669         230       14799.673
       231002016000023        2016         231       10142.619
       231006955000023        6955         231       43840.733
       232002674000023        2674         232       21647.821
       234000096001190          96         234       17867.914
       234000096001178          96         234       17867.914
       234000096001390          96         234       17867.914
       234000096001369          96         234       17867.914
       234000096001348          96         234       17867.914
       234000096000023          96         234       109.50000
       234000096001175          96         234       13483.804
       234000096001172          96         234       10692.000
       234000096001346          96         234       13264.914
       234000096001177          96         234       13264.914
       235002401000023        2401         235       35360.965
       235014485000023       14485         235       42.142857
       235014788000023       14788         235       6524.7632
       235015222000023       15222         235       10142.619
       235015646000023       15646         235       14799.673
       237000068000718          68         237       13483.804
       237000068000694          68         237       13483.804
       237000068000692          68         237       13483.804
       237000068000686          68         237       13483.804
       237000068001215          68         237       13483.804
       237000068000023          68         237       496.33333
       237000068001268          68         237       43840.733
       237000068000645          68         237       43840.733
       237000068000819          68         237       17867.914
       237000068000867          68         237       17867.914
       237000068001202          68         237       17867.914
       237000068000677          68         237       17867.914
       237000068000702          68         237       17867.914
       237000094000023          94         237       2432.0606
       238000360000023         360         238       3415.4286
       238001048000023        1048         238       14799.673
       238018948000043       18948         238       17867.914
       238018948000023       18948         238       35360.965
       242000075001053          75         242       17867.914
       242000075001243          75         242       13483.804
       242000075002435          75         242       13483.804
       242000075001099          75         242       13483.804
       242000075001068          75         242       13483.804
       242000075001064          75         242       13483.804
       242000075001052          75         242       13483.804
       242000075000023          75         242       254.18182
       242000333000023         333         242       14799.673
       244004936001567        4936         244       13483.804
       244004936003713        4936         244       13483.804
       244004936001533        4936         244       13483.804
       244004936000023        4936         244       254.18182
       244004936001151        4936         244       17867.914
       244004936001542        4936         244       17867.914
       244004936001237        4936         244       17867.914
       244004936001251        4936         244       17867.914
       245001657000023        1657         245       14799.673
       246030064000023       30064         246       14799.673
       249012066000023       12066         249       6524.7632
       251000162000023         162         251       3415.4286
       253000173000023         173         253       109.50000
       253000173001346         173         253       13483.804
       253000173002010         173         253       13483.804
       253000173003275         173         253       13483.804
       253000173003358         173         253       17867.914
       253000173001172         173         253       17867.914
       253000173001157         173         253       17867.914
       253000173001152         173         253       17867.914
       253000178002871         178         253       13483.804
       253000178002712         178         253       3415.4286
       253013549000023       13549         253       21647.821
       255020393005277       20393         255       17867.914
       258000080000023          80         258       496.33333
       258000080000675          80         258       13483.804
       259001305079156        1305         259       14799.673
       260001998000023        1998         260       2219.7500
       260002063000023        2063         260       2219.7500
       260002063000240        2063         260       13483.804
       260002063000236        2063         260       13264.914
       260002088000023        2088         260       2432.0606
       260002088000161        2088         260       17867.914
       260002905000023        2905         260       10142.619
       261007388000023        7388         261       2432.0606
       261008061000023        8061         261       14799.673
       261011187000023       11187         261       35360.965
       262014531000023       14531         262       43840.733
       262014531000045       14531         262       17867.914
       263022841000023       22841         263       6524.7632
       263022994000023       22994         263       6524.7632
       264004101000023        4101         264       13483.804
       265009547000023        9547         265       2432.0606
       267003790000023        3790         267       21647.821
       269008362000023        8362         269       43840.733
       270000150000023         150         270       2432.0606
       272010084000023       10084         272       496.33333
       272010084000955       10084         272       13483.804
       272010084000468       10084         272       13483.804
       272010084000456       10084         272       17867.914
       273000156000023         156         273       2432.0606
       274000399000023         399         274       21647.821
       276000001001427           1         276       43840.733
       276000001001778           1         276       43840.733
       276001521000023        1521         276       21647.821
       277001400000055        1400         277       13483.804
       277001400000023        1400         277       14799.673
       277020769000023       20769         277       10142.619
       278000331000023         331         278       6524.7632
       278000331000103         331         278       17867.914
       279000135000293         135         279       3415.4286
       280020958000023       20958         280       10142.619
       282005701000023        5701         282       6524.7632
       283006887000023        6887         283       43840.733
       284000949000023         949         284       10142.619
       284002694000023        2694         284       21647.821
       287002628000023        2628         287       21647.821
       291002852001197        2852         291       17867.914
       291002852000729        2852         291       17867.914
       291002852000739        2852         291       17867.914
       291002852000023        2852         291       496.33333
       291002852000747        2852         291       13483.804
       291014039000023       14039         291       17867.914
       292002060087070        2060         292       35360.965
       292002063003009        2063         292       43840.733
       292002063002041        2063         292       17867.914
       292002063002051        2063         292       17867.914
       292002063003992        2063         292       17867.914
       292002063001622        2063         292       17867.914
       292002063001615        2063         292       17867.914
       292002063001611        2063         292       17867.914
       292002063000023        2063         292       42.142857
       292002119000023        2119         292       1054.2273
       292002119000351        2119         292       17867.914
       292002119000484        2119         292       17867.914
       292012492000023       12492         292       17867.914
       295002164005339        2164         295       496.33333
       295003367000023        3367         295       10142.619
       295005711000023        5711         295       35360.965
       296003833017406        3833         296       17867.914
       296003833016634        3833         296       496.33333
       296003833017524        3833         296       13483.804
       296003833017537        3833         296       13264.914
       296007383000023        7383         296       21647.821
       297000071002177          71         297       17867.914
       297000071000023          71         297       42.142857
       297000163000023         163         297       2219.7500
       297000163000236         163         297       17867.914
       299008923000023        8923         299       13483.804
       300000071000023          71         300       2432.0606
       300000071000157          71         300       43840.733
       300003953000023        3953         300       6524.7632
       300005154000023        5154         300       14799.673
       300012142000023       12142         300       43840.733
       302008109000023        8109         302       10142.619
       302009131000023        9131         302       21647.821
       302017822000023       17822         302       13483.804
       303013744000023       13744         303       13264.914
       305002962000023        2962         305       35360.965
       305023876000133       23876         305       13483.804
       305023876000023       23876         305       3415.4286
       306001008000023        1008         306       10142.619
       306001410000023        1410         306       21647.821
       307000342000103         342         307       17867.914
       307000342000023         342         307       6524.7632
       307000342000106         342         307       13264.914
       307000756000023         756         307       6524.7632
       307000758000023         758         307       6524.7632
       307002997000023        2997         307       21647.821
       308005102000023        5102         308       35360.965
       308011233000023       11233         308       13483.804
       309001069002365        1069         309       13483.804
       309001069002435        1069         309       13483.804
       309001069002120        1069         309       13483.804
       309001069002076        1069         309       13483.804
       309001069002074        1069         309       13483.804
       309001069002063        1069         309       13483.804
       309001069002061        1069         309       13483.804
       309001069002234        1069         309       13483.804
       309001069002227        1069         309       13483.804
       309001069000023        1069         309       42.142857
       309001069002114        1069         309       17867.914
       309001069002105        1069         309       17867.914
       309001069002092        1069         309       17867.914
       309001069002121        1069         309       17867.914
       309001069002448        1069         309       17867.914
       309001069002377        1069         309       17867.914
       309001076001362        1076         309       17867.914
       309001076001543        1076         309       17867.914
       309001076001712        1076         309       17867.914
       309001076001049        1076         309       17867.914
       309001076000023        1076         309       109.50000
       309001076002022        1076         309       13483.804
       309001077000799        1077         309       13483.804
       309001077000023        1077         309       496.33333
       309001077000812        1077         309       17867.914
       311001774000023        1774         311       3415.4286
       311025925000023       25925         311       6524.7632
       312000066000023          66         312       496.33333
       312000066000691          66         312       13483.804
       312000066000687          66         312       13264.914
       312000699000023         699         312       6524.7632
       314000095000065          95         314       254.18182
       314000095000696          95         314       13264.914
       314000095000653          95         314       13264.914
       314000095000688          95         314       13483.804
       314000095000721          95         314       17867.914
       314012997005180       12997         314       2432.0606
       314013006000023       13006         314       496.33333
       314013006000618       13006         314       13264.914
       314013006000513       13006         314       17867.914
       316001493000023        1493         316       21647.821
       319000122001491         122         319       17867.914
       319000122001487         122         319       17867.914
       319000122001711         122         319       17867.914
       319000122001718         122         319       17867.914
       319000122001291         122         319       43840.733
       319000122001614         122         319       13483.804
       319000122000023         122         319       109.50000
       319004444000023        4444         319       35360.965
       319007595000033        7595         319       17867.914
       319007595000023        7595         319       13483.804
       320011875000023       11875         320       13483.804
       321002172000486        2172         321       13483.804
       321002172000023        2172         321       1054.2273
       321002172000498        2172         321       10692.000
       321002834000023        2834         321       14799.673
       321002834000054        2834         321       17867.914
       322004564006314        4564         322       13483.804
       322004564006184        4564         322       2432.0606
       322004628000023        4628         322       2219.7500
       322006821000023        6821         322       21647.821
       323000126000140         126         323       17867.914
       323000126000023         126         323       3415.4286
       324017057000023       17057         324       43840.733
       325012369000023       12369         325       35360.965
       326000829000023         829         326       14799.673
       327000177000208         177         327       13483.804
       327000177000023         177         327       2432.0606
       327000207000023         207         327       2219.7500
       327019879000023       19879         327       109.50000
       327019879001275       19879         327       13483.804
       327019879000975       19879         327       13264.914
       327019879000984       19879         327       43840.733
       327019879000969       19879         327       17867.914
       331001681000385        1681         331       13483.804
       331001681000023        1681         331       1054.2273
       331002317000023        2317         331       10142.619
       331002317000077        2317         331       17867.914
       332000027000023          27         332       2219.7500
       332007182001627        7182         332       13483.804
       334006351001044        6351         334       2432.0606
       335000202000023         202         335       6524.7632
       335000202000111         202         335       13483.804
       335003896000142        3896         335       14799.673
       335003962000102        3962         335       13483.804
       335003962000023        3962         335       3415.4286
       335008681000023        8681         335       35360.965
       336000032002048          32         336       17867.914
       336000032002039          32         336       17867.914
       336000032002008          32         336       17867.914
       336000032001987          32         336       17867.914
       336000032000023          32         336       42.142857
       336000032002602          32         336       13483.804
       336000032002007          32         336       13483.804
       336005131000023        5131         336       35360.965
       336023206012497       23206         336       43840.733
       336023206012045       23206         336       17867.914
       336023206012040       23206         336       17867.914
       336023206012036       23206         336       17867.914
       336023206012461       23206         336       17867.914
       336023206012506       23206         336       17867.914
       336023206012673       23206         336       17867.914
       336023206012682       23206         336       17867.914
       336023206012689       23206         336       17867.914
       336023206012233       23206         336       13483.804
       336023206012225       23206         336       13483.804
       336023206012466       23206         336       13483.804
       336023206012994       23206         336       13483.804
       336023206010104       23206         336       42.142857
       336025059000023       25059         336       35360.965
       337000312000420         312         337       10142.619
       337018654000023       18654         337       43840.733
       338000079000342          79         338       17867.914
       338000079000023          79         338       496.33333
       338000079000409          79         338       13483.804
       340000067004352          67         340       13483.804
       340000067003252          67         340       109.50000
       340000067004198          67         340       17867.914
       340021349000023       21349         340       3415.4286
       342000192000023         192         342       2432.0606
       342000192000202         192         342       13483.804
       343000228000023         228         343       2219.7500
       343001034000023        1034         343       14799.673
       343004361000023        4361         343       43840.733
       343017086000023       17086         343       6524.7632
       344001279000023        1279         344       14799.673
       346000080001593          80         346       13483.804
       346000080001927          80         346       13483.804
       346000080002039          80         346       13483.804
       346000080001850          80         346       13483.804
       346000080001861          80         346       13264.914
       346000080003438          80         346       13264.914
       346000080000023          80         346       109.50000
       346000080002053          80         346       17867.914
       346000080001739          80         346       17867.914
       346000080001596          80         346       17867.914
       346000080001840          80         346       17867.914
       348010513000023       10513         348       21647.821
       349011487000023       11487         349       2432.0606
       350009794000023        9794         350       109.50000
       350009794002663        9794         350       13264.914
       350009794001813        9794         350       13483.804
       350009794002156        9794         350       13483.804
       350009794001543        9794         350       13483.804
       350009794001532        9794         350       17867.914
       350009794001558        9794         350       43840.733
       350011044000023       11044         350       14799.673
       352000112000023         112         352       3415.4286
       355013005000023       13005         355       35360.965
       357001155000023        1155         357       14799.673
       357020077000023       20077         357       10142.619
       358000711000023         711         358       10142.619
       359012705000023       12705         359       14799.673
       359017707000023       17707         359       43840.733
       360010960000023       10960         360       21647.821
       361011719000023       11719         361       21647.821
       362000408000538         408         362       6524.7632
       362003905000023        3905         362       35360.965
       363000256000100         256         363       17867.914
       363000256000112         256         363       17867.914
       363000256000023         256         363       3415.4286
       363000499000023         499         363       6524.7632
       366024639000023       24639         366       13483.804
       371002158000023        2158         371       43840.733
       372000507000023         507         372       6524.7632
       372018961000023       18961         372       35360.965
       373000587000023         587         373       6524.7632
       375000454000023         454         375       6524.7632
       375011138000023       11138         375       13483.804
       376000040000023          40         376       254.18182
       376000040001736          40         376       17867.914
       376000040000856          40         376       17867.914
       377019466000023       19466         377       35360.965
       378000111022217         111         378       17867.914
       378000111021515         111         378       1054.2273
       378000111022179         111         378       13483.804
       378023855000023       23855         378       13483.804
       379000133001290         133         379       13483.804
       379000133001051         133         379       13483.804
       379000133000023         133         379       109.50000
       379000133001054         133         379       10692.000
       379000133001293         133         379       17867.914
       379000133001065         133         379       17867.914
       379000133000973         133         379       17867.914
       380000105000023         105         380       496.33333
       380000105000745         105         380       13483.804
       380000105000792         105         380       13483.804
       380000346000023         346         380       3415.4286
       382000367000023         367         382       3415.4286
       382009301000023        9301         382       43840.733
       383003660000239        3660         383       17867.914
       383003660000023        3660         383       1054.2273
       383003660000437        3660         383       13264.914
       383003660000250        3660         383       13483.804
       384000124000091         124         384       13264.914
       384000124000119         124         384       13483.804
       384000124000023         124         384       6524.7632
       384008261000023        8261         384       109.50000
       384008261001152        8261         384       13483.804
       384008261001166        8261         384       17867.914
       384008261001141        8261         384       17867.914
       384008261001131        8261         384       17867.914
       387001357000023        1357         387       21647.821
       387016206000789       16206         387       35360.965
       390010683009744       10683         390       43840.733
       390010683009372       10683         390       17867.914
       390010683009923       10683         390       17867.914
       390010683009753       10683         390       13483.804
       390010683009910       10683         390       13483.804
       390010683009365       10683         390       13264.914
       390010683008513       10683         390       109.50000
       391001050000023        1050         391       35360.965
       391015885000023       15885         391       14799.673
       392003407000023        3407         392       21647.821
       392003463000023        3463         392       35360.965
       392007075000023        7075         392       17867.914
       393002819000023        2819         393       21647.821
       393010364000023       10364         393       17867.914
       395000254000023         254         395       3415.4286
       396001258000023        1258         396       17867.914
       396004353000023        4353         396       1054.2273
       396004353000503        4353         396       13264.914
       396004353000555        4353         396       13483.804
       396004604000023        4604         396       6524.7632
       396004604000088        4604         396       17867.914
       399001572000023        1572         399       35360.965
       399001572000040        1572         399       13483.804
       399002060000023        2060         399       21647.821
       399005445000023        5445         399       17867.914
       399011206002575       11206         399       17867.914
       399011206001717       11206         399       17867.914
       399011206001388       11206         399       17867.914
       399011206001381       11206         399       17867.914
       399011206001960       11206         399       13483.804
       399011206002325       11206         399       13483.804
       399011206000023       11206         399       109.50000
       400006306000023        6306         400       42.142857
       402002542000023        2542         402       21647.821
       403010232000023       10232         403       17867.914
       405000383000023         383         405       6524.7632
       406006505000023        6505         406       35360.965
       407000582000927         582         407       43840.733
       407000582000808         582         407       17867.914
       407000582000796         582         407       17867.914
       407000582000023         582         407       254.18182
       407000582000846         582         407       13483.804
       407000582000816         582         407       13483.804
       407000582000813         582         407       13483.804
       407001551000023        1551         407       14799.673
       408002378000023        2378         408       21647.821
       409000129000242         129         409       13483.804
       409000129000558         129         409       13483.804
       409000129000023         129         409       2219.7500
       409000182000023         182         409       2432.0606
       409000182000135         182         409       13483.804
       409011250000023       11250         409       6524.7632
       411000790000023         790         411       10142.619
       411016615000023       16615         411       496.33333
       411016615000435       16615         411       17867.914
       411016615000398       16615         411       43840.733
       412002892000023        2892         412       43840.733
       414000723000023         723         414       14799.673
       415017323000023       17323         415       35360.965
       415018417000023       18417         415       17867.914
       416000061001076          61         416       17867.914
       416000061001146          61         416       17867.914
       416000061000975          61         416       17867.914
       416000061000575          61         416       13483.804
       416000061001063          61         416       13483.804
       416000061001438          61         416       13483.804
       416000061001134          61         416       13483.804
       416000061000023          61         416       254.18182
       417000093000023          93         417       42.142857
       417000093002267          93         417       13483.804
       417000093002182          93         417       13483.804
       417000093001972          93         417       13483.804
       417000093001950          93         417       13264.914
       417000093001969          93         417       13264.914
       417000093002159          93         417       17867.914
       417000093002276          93         417       17867.914
       417000093001947          93         417       17867.914
       417000093002734          93         417       17867.914
       417000093003675          93         417       17867.914
       417000093002292          93         417       43840.733
       417011761000023       11761         417       17867.914
       418000063060313          63         418       17867.914
       418000063059840          63         418       1054.2273
       421007090000023        7090         421       10142.619
       424000115000023         115         424       2219.7500
       424000115000244         115         424       13483.804
       424000115000179         115         424       17867.914
       426000259000233         259         426       17867.914
       426000259000023         259         426       3415.4286
       427017227000023       17227         427       10142.619
       430000000000023           0         430       254.18182
       430000000001138           0         430       17867.914
       430000000002304           0         430       17867.914
       430000000001002           0         430       17867.914
       430000195000023         195         430       3415.4286
       430008752000023        8752         430       3415.4286
       430008752000073        8752         430       13483.804
       430015556000023       15556         430       17867.914
       431007181000023        7181         431       43840.733
       431011042000023       11042         431       43840.733
       431022869000023       22869         431       14799.673
       434021018010019       21018         434       13483.804
       434021018009318       21018         434       13264.914
       434021018008182       21018         434       109.50000
       434021018009924       21018         434       43840.733
       434021018009812       21018         434       17867.914
       434021018009366       21018         434       17867.914
       438000132001203         132         438       13483.804
       442004621000023        4621         442       21647.821
       442009009000023        9009         442       43840.733
       443001435000090        1435         443       17867.914
       443001435000023        1435         443       14799.673
       443002171000023        2171         443       21647.821
       444000695000136         695         444       13483.804
       444000695000023         695         444       6524.7632
       445005976000023        5976         445       14799.673
       446011915000023       11915         446       3415.4286
       447006560000023        6560         447       13483.804
       449001456001928        1456         449       13483.804
       449001456001541        1456         449       13483.804
       449001456001532        1456         449       13483.804
       449001456001564        1456         449       13483.804
       449001456001566        1456         449       13264.914
       449001456000023        1456         449       109.50000
       449001456001548        1456         449       17867.914
       449001456001840        1456         449       17867.914
       449001456001814        1456         449       17867.914
       449001456001802        1456         449       17867.914
       449001458001735        1458         449       17867.914
       449001458001743        1458         449       17867.914
       449001458001748        1458         449       17867.914
       449001458001758        1458         449       17867.914
       449001458001161        1458         449       21647.821
       449001458000023        1458         449       109.50000
       453000055000023          55         453       496.33333
       453000055000640          55         453       10692.000
       453000055000647          55         453       17867.914
       453000055000630          55         453       17867.914
       453001854000023        1854         453       21647.821
       454000320000023         320         454       3415.4286
       454021159000023       21159         454       14799.673
       455007001000023        7001         455       13483.804
       455018641001213       18641         455       13483.804
       455018641001230       18641         455       13483.804
       455018641001236       18641         455       13483.804
       455018641001324       18641         455       13483.804
       455018641000929       18641         455       13483.804
       455018641000023       18641         455       254.18182
       455018641000858       18641         455       17867.914
       455018641000913       18641         455       17867.914
       455018641000846       18641         455       17867.914
       455018641001274       18641         455       17867.914
       455018641001083       18641         455       17867.914
       457007788000023        7788         457       17867.914
       458000090001854          90         458       17867.914
       458000090000023          90         458       42.142857
       458000090002190          90         458       13264.914
       459001190001151        1190         459       13264.914
       459001190000023        1190         459       496.33333
       459001190000696        1190         459       17867.914
       459001413000023        1413         459       3415.4286
       459026217000023       26217         459       35360.965
       460024612000023       24612         460       6524.7632
       460024612000083       24612         460       13264.914
       461006756000023        6756         461       43840.733
       463005877000023        5877         463       13483.804
       464001505000868        1505         464       13483.804
       464001505001276        1505         464       13483.804
       464001505000023        1505         464       254.18182
       464001505000706        1505         464       17867.914
       464001505000787        1505         464       17867.914
       464001505000961        1505         464       17867.914
       464001505001262        1505         464       17867.914
       464001561000023        1561         464       2219.7500
       464001561000382        1561         464       13483.804
       464002664000023        2664         464       10142.619
       467001770000023        1770         467       14799.673
       467004439000023        4439         467       35360.965
       468008450000023        8450         468       43840.733
       469000491000023         491         469       21647.821
       470000363000023         363         470       3415.4286
       470000847000023         847         470       10142.619
       472000093000023          93         472       254.18182
       472000093001147          93         472       13483.804
       472000093001568          93         472       13483.804
       472000093001933          93         472       13483.804
       472000093000828          93         472       17867.914
       472000093001161          93         472       43840.733
       472003619000023        3619         472       35360.965
       472021120000023       21120         472       43840.733
       473002261000023        2261         473       43840.733
       473016312000023       16312         473       21647.821
       475001497000023        1497         475       35360.965
       475005897000023        5897         475       43840.733
       476001548000023        1548         476       14799.673
       478000186000023         186         478       10142.619
       478003907000023        3907         478       254.18182
       478003907001629        3907         478       13483.804
       478003907002395        3907         478       13483.804
       478003907001418        3907         478       13483.804
       478003907001566        3907         478       13264.914
       478003907001235        3907         478       17867.914
       478003907001253        3907         478       17867.914
       479002354001659        2354         479       17867.914
       479002354001409        2354         479       13483.804
       479002354000023        2354         479       109.50000
       480002837000023        2837         480       21647.821
       483000349000023         349         483       3415.4286
       483016517000023       16517         483       2219.7500
       483016517000241       16517         483       13483.804
       484004825000023        4825         484       43840.733
       484015154002372       15154         484       1054.2273
       484017311000023       17311         484       35360.965
       485000454000023         454         485       10142.619
       486001561000023        1561         486       21647.821
       486002504000023        2504         486       35360.965
       486018309000023       18309         486       35360.965
       490016279000063       16279         490       43840.733
       491010675000023       10675         491       17867.914
       491011756000023       11756         491       17867.914
       493008904000507        8904         493       17867.914
       493008904000023        8904         493       496.33333
       493008904000871        8904         493       13483.804
       493011040000023       11040         493       43840.733
       495000471000023         471         495       6524.7632
       496001449000023        1449         496       3415.4286
       498000647000151         647         498       42.142857
       498000647001868         647         498       13483.804
       498001692000023        1692         498       14799.673
       498023194000023       23194         498       17867.914
       498023711000023       23711         498       35360.965
       500000097000535          97         500       2219.7500
       504000322000023         322         504       6524.7632
       504015313000053       15313         504       13483.804
       504015313000023       15313         504       35360.965
       506000340000023         340         506       3415.4286
       506007020000023        7020         506       13264.914
       510000767000023         767         510       6524.7632
