         499
               8000389           8           0       18198.446
              11002302          11           0       1934.3529
              18001464          18           0       5925.6452
            8117001514        8117           0       51690.532
         1000040000371          40           1       18198.446
         1000041000761          41           1       2875.3443
         1000438000075         438           1       18198.446
         2003107000038        3107           2       127.28125
         3000035009763          35           3       5925.6452
         4000278000038         278           4       5925.6452
         6000085000146          85           6       18198.446
         6000139000087         139           6       10522.956
         6020170000038       20170           6       4.1206897
         7014740000483       14740           7       18198.446
         8000028000038          28           8       4.1206897
         8012942002123       12942           8       10522.956
         9000017003937          17           9       127.28125
         9000030000973          30           9       10522.956
        11000233000226         233          11       18198.446
        12000053008512          53          12       1934.3529
        12014035000190       14035          12       10522.956
        16000007000038           7          16       127.28125
        16013162000137       13162          16       18198.446
        17000093000537          93          17       10522.956
        17014125002841       14125          17       2875.3443
        17015326000038       15326          17       18198.446
        19000063005295          63          19       18198.446
        20006261000359        6261          20       2875.3443
        20006316000216        6316          20       5925.6452
        20006402000309        6402          20       51690.532
        21000089000059          89          21       18198.446
        22003426000038        3426          22       44.913043
        25005675000131        5675          25       51690.532
        25005726000038        5726          25       5925.6452
        28002865000038        2865          28       51690.532
        29000071000038          71          29       44.913043
        30000076000323          76          30       18198.446
        32000063000148          63          32       18198.446
        32016130000083       16130          32       10522.956
        33000032014184          32          33       2875.3443
        33000769000038         769          33       10522.956
        33012994000038       12994          33       2875.3443
        34000015000038          15          34       4.1206897
        34010488000038       10488          34       127.28125
        35006883017186        6883          35       2034.6923
        35006884025539        6884          35       5925.6452
        39000556000050         556          39       51690.532
        40008116010789        8116          40       1543.3750
        44000324000212         324          44       10522.956
        45000846000113         846          45       18198.446
        46002096002339        2096          46       127.28125
        46002127000057        2127          46       5925.6452
        46002144000479        2144          46       5925.6452
        47000105003576         105          47       18198.446
        47002075000038        2075          47       4.1206897
        47004302000038        4302          47       51690.532
        51018164000038       18164          51       4.1206897
        52000038005392          38          52       2875.3443
        53000106001165         106          53       10522.956
        53000159000241         159          53       5925.6452
        54019358005192       19358          54       2034.6923
        55000138004989         138          55       43.000000
        55018158000038       18158          55       18198.446
        59000116000038         116          59       4.1206897
        59000120009416         120          59       51690.532
        59000164000272         164          59       10522.956
        59001380000066        1380          59       51690.532
        61000186000038         186          61       5925.6452
        62000071000038          71          62       4.1206897
        64019205000038       19205          64       5925.6452
        65000187000061         187          65       10522.956
        66003109000684        3109          66       51690.532
        66003348000038        3348          66       5925.6452
        67014767000218       14767          67       5925.6452
        68000006021037           6          68       10522.956
        68000235000038         235          68       2875.3443
        69009211000433        9211          69       2034.6923
        69009225001287        9225          69       18198.446
        71019698000485       19698          71       5925.6452
        72000020000038          20          72       127.28125
        73000059020796          59          73       2875.3443
        73014263000547       14263          73       10522.956
        73014264001416       14264          73       18198.446
        74004911000038        4911          74       4.1206897
        75000069000038          69          75       4.1206897
        75000069001331          69          75       4.1206897
        75000073004515          73          75       2875.3443
        75000098000038          98          75       2034.6923
        76000028037777          28          76       18198.446
        77000946000062         946          77       51690.532
        78000150005804         150          78       51690.532
        79000175010787         175          79       18198.446
        82000190000174         190          82       10522.956
        83000454000038         454          83       2875.3443
        84016830000038       16830          84       4.1206897
        86000097001612          97          86       5925.6452
        86000128000038         128          86       2875.3443
        87000493000038         493          87       5925.6452
        88004350000038        4350          88       4.1206897
        88004351000038        4351          88       4.1206897
        89003400000038        3400          89       44.913043
        89003403000038        3403          89       4.1206897
        89003435000038        3435          89       2034.6923
        93004781000077        4781          93       127.28125
        93022575015105       22575          93       2875.3443
        93023966000038       23966          93       51690.532
        95016982003008       16982          95       10522.956
        96000024001443          24          96       18198.446
        96000099000267          99          96       18198.446
        97019090000127       19090          97       10522.956
        99000238000038         238          99       2875.3443
        99011989000147       11989          99       2875.3443
        99012539000053       12539          99       560418.14
       101000204000103         204         101       18198.446
       102000105000208         105         102       2875.3443
       103000102000753         102         103       4.1206897
       104000040000573          40         104       2875.3443
       104000143000121         143         104       18198.446
       104006080000037        6080         104       1479084.5
       105006743002910        6743         105       5925.6452
       105006826000185        6826         105       2875.3443
       106000121000822         121         106       10522.956
       107000213000038         213         107       2875.3443
       108003428003008        3428         108       4.1206897
       108003428047306        3428         108       2034.6923
       108003927000038        3927         108       2875.3443
       110010590019515       10590         110       10522.956
       110010591003627       10591         110       127.28125
       112009215000038        9215         112       4.1206897
       113000057017665          57         113       44.913043
       113000057035598          57         113       127.28125
       114014937002815       14937         114       2034.6923
       115000113004939         113         115       2875.3443
       115013169000038       13169         115       18198.446
       116010319000038       10319         116       4.1206897
       116010330003703       10330         116       10522.956
       116010760000038       10760         116       10522.956
       120006008001318        6008         120       2875.3443
       122020171000038       20171         122       2034.6923
       123000156000038         156         123       2875.3443
       123000358000038         358         123       5925.6452
       126000087034269          87         126       51690.532
       126003757000038        3757         126       44.913043
       126005573000038        5573         126       18198.446
       127015935000038       15935         127       1934.3529
       129000025010311          25         129       18198.446
       130003557016545        3557         130       44.913043
       130003564002473        3564         130       127.28125
       131000145000158         145         131       51690.532
       131003562000186        3562         131       2875.3443
       131026309004663       26309         131       4.1206897
       132017506003117       17506         132       51690.532
       133000059000038          59         133       44.913043
       133000167000384         167         133       51690.532
       133000170000075         170         133       5925.6452
       136005575000038        5575         136       5925.6452
       137003903002190        3903         137       51690.532
       141005438002446        5438         141       2034.6923
       142000563000038         563         142       18198.446
       142009147034873        9147         142       1934.3529
       142009173000038        9173         142       127.28125
       144000079000503          79         144       10522.956
       144000137000038         137         144       18198.446
       144009980001198        9980         144       51690.532
       144010516000071       10516         144       18198.446
       145005357002470        5357         145       2875.3443
       146000114000073         114         146       18198.446
       146007596000038        7596         146       1934.3529
       147000178000038         178         147       5925.6452
       147000316000038         316         147       18198.446
       147012379000180       12379         147       10522.956
       148000039018120          39         148       127.28125
       148000043000038          43         148       4.1206897
       149000052007514          52         149       4.1206897
       149000053017589          53         149       5925.6452
       151001010000182        1010         151       18198.446
       153016340001374       16340         153       5925.6452
       158000052000065          52         158       18198.446
       158004197000485        4197         158       2034.6923
       160000020000038          20         160       44.913043
       161000039003456          39         161       1934.3529
       161000241000267         241         161       18198.446
       163000145000269         145         163       10522.956
       165012341000038       12341         165       4.1206897
       165012502000150       12502         165       560418.14
       166007862000038        7862         166       18198.446
       168008668013320        8668         168       1934.3529
       168008678000642        8678         168       127.28125
       168009053000038        9053         168       2875.3443
       170000065025325          65         170       1934.3529
       170000086001353          86         170       5925.6452
       171004110000038        4110         171       10522.956
       171004447000144        4447         171       51690.532
       172000373002313         373         172       5925.6452
       172000619000038         619         172       5925.6452
       172000653000038         653         172       2875.3443
       174000130001277         130         174       18198.446
       177000078001954          78         177       5925.6452
       178000475000038         475         178       5925.6452
       181022742000993       22742         181       10522.956
       182002072000038        2072         182       51690.532
       183011347000038       11347         183       2875.3443
       185015500000092       15500         185       51690.532
       187000202001698         202         187       10522.956
       187013281034655       13281         187       5925.6452
       188004390000038        4390         188       5925.6452
       193000116000038         116         193       1934.3529
       194000064000504          64         194       2034.6923
       194019441000422       19441         194       127.28125
       195008558000038        8558         195       44.913043
       196000231000038         231         196       10522.956
       197000050003428          50         197       2034.6923
       197000055001728          55         197       2875.3443
       199019440000038       19440         199       4.1206897
       199019444000038       19444         199       1543.3750
       199019473000038       19473         199       2034.6923
       200000070011195          70         200       2875.3443
       202015315000400       15315         202       44.913043
       203000134003714         134         203       10522.956
       203012955000548       12955         203       10522.956
       204011662000038       11662         204       4.1206897
       205000105000090         105         205       4.1206897
       206000107005959         107         206       18198.446
       208003519009425        3519         208       4.1206897
       208003528003988        3528         208       18198.446
       208003841000038        3841         208       5925.6452
       209000067000038          67         209       10522.956
       210007708021793        7708         210       1543.3750
       210007744000038        7744         210       127.28125
       210007847000038        7847         210       2875.3443
       211008922001693        8922         211       5925.6452
       213000142023627         142         213       2875.3443
       213014651001789       14651         213       2875.3443
       214000113000428         113         214       560418.14
       214009789000123        9789         214       5925.6452
       215000095005141          95         215       5925.6452
       215000428000038         428         215       10522.956
       215006864004514        6864         215       51690.532
       215006875000844        6875         215       5925.6452
       217004141000038        4141         217       2034.6923
       218000064010093          64         218       4.1206897
       218000066000038          66         218       127.28125
       218005814000404        5814         218       2875.3443
       219000374000081         374         219       2875.3443
       219021313000038       21313         219       4.1206897
       221000159010015         159         221       2034.6923
       224000121000474         121         224       5925.6452
       224000127001072         127         224       5925.6452
       226022131002765       22131         226       2034.6923
       226022313000740       22313         226       51690.532
       227011743000038       11743         227       4.1206897
       227011745003426       11745         227       10522.956
       228004994005524        4994         228       4.1206897
       228005004000038        5004         228       127.28125
       228005034001954        5034         228       18198.446
       231001038000038        1038         231       4.1206897
       231001045002506        1045         231       1934.3529
       231001321000038        1321         231       2875.3443
       232025276000038       25276         232       2034.6923
       233022795008123       22795         233       10522.956
       234000100006538         100         234       10522.956
       234000111000410         111         234       10522.956
       235000171001960         171         235       2034.6923
       235002455000038        2455         235       560418.14
       237014487000115       14487         237       2034.6923
       239022501000289       22501         239       10522.956
       239023372059460       23372         239       10522.956
       240000027013807          27         240       51690.532
       241008846002765        8846         241       2034.6923
       241009796000038        9796         241       10522.956
       242009795000038        9795         242       10522.956
       243012088000038       12088         243       10522.956
       244004946002512        4946         244       18198.446
       246000124031602         124         246       2875.3443
       247000143040309         143         247       44.913043
       247000152000038         152         247       4.1206897
       248000049019072          49         248       18198.446
       248000054001894          54         248       2034.6923
       252001317000038        1317         252       18198.446
       258001443000038        1443         258       18198.446
       263003239000038        3239         263       51690.532
       263003926001667        3926         263       4.1206897
       264000054026319          54         264       2875.3443
       264000060000038          60         264       1543.3750
       264000107000038         107         264       2875.3443
       265009397004384        9397         265       1934.3529
       265009584000038        9584         265       2875.3443
       267001719001357        1719         267       51690.532
       271000161000038         161         271       5925.6452
       271010830000038       10830         271       5925.6452
       273013750000038       13750         273       10522.956
       277020305008706       20305         277       10522.956
       277020308008879       20308         277       2034.6923
       278000094001737          94         278       10522.956
       278016687000038       16687         278       1934.3529
       279000195000548         195         279       18198.446
       284000217000038         217         284       2875.3443
       285006842005837        6842         285       44.913043
       286000034017388          34         286       4.1206897
       286000149000038         149         286       10522.956
       286006293063623        6293         286       5925.6452
       286007603000038        7603         286       560418.14
       291002957000125        2957         291       2875.3443
       294001097006145        1097         294       2034.6923
       294001115000038        1115         294       127.28125
       294004371000038        4371         294       51690.532
       295002404000038        2404         295       2034.6923
       296000030000038          30         296       4.1206897
       297000068000038          68         297       4.1206897
       298000805000100         805         298       18198.446
       299000139007787         139         299       10522.956
       299000193000113         193         299       18198.446
       300003679000326        3679         300       18198.446
       301000085000038          85         301       4.1206897
       301005098007793        5098         301       44.913043
       302000095001070          95         302       2875.3443
       304000433000038         433         304       18198.446
       305000063034414          63         305       1543.3750
       306000359000038         359         306       2875.3443
       306027102000038       27102         306       2875.3443
       307000104000790         104         307       2875.3443
       311001693000038        1693         311       4.1206897
       312000058004566          58         312       127.28125
       313000079000790          79         313       1543.3750
       317000123012439         123         317       127.28125
       317019933014200       19933         317       10522.956
       319000129001355         129         319       44.913043
       319025649000087       25649         319       4.1206897
       320000101000169         101         320       2034.6923
       324000018001401          18         324       5925.6452
       324000058000270          58         324       51690.532
       324000337000038         337         324       10522.956
       325010132007606       10132         325       18198.446
       325010146000178       10146         325       10522.956
       325010162000038       10162         325       2875.3443
       326000135000095         135         326       5925.6452
       327019928000038       19928         327       2875.3443
       330001320000056        1320         330       51690.532
       333009621000101        9621         333       51690.532
       336023207000253       23207         336       10522.956
       336023680000048       23680         336       51690.532
       338000062002707          62         338       127.28125
       338001291000038        1291         338       18198.446
       340000161000130         161         340       2875.3443
       341000117022154         117         341       4.1206897
       341000117001639         117         341       4.1206897
       341000117004856         117         341       127.28125
       341000125003270         125         341       1934.3529
       342000126000160         126         342       2875.3443
       342014304000038       14304         342       44.913043
       342014307000905       14307         342       51690.532
       345000309000264         309         345       51690.532
       346000060000038          60         346       18198.446
       347004144000038        4144         347       18198.446
       349011310001057       11310         349       5925.6452
       350009976000140        9976         350       18198.446
       351000147002530         147         351       51690.532
       352000051000038          51         352       1543.3750
       352012943000885       12943         352       51690.532
       356001064000038        1064         356       18198.446
       358000241000068         241         358       5925.6452
       359000107008554         107         359       10522.956
       359013791000038       13791         359       18198.446
       361009776057747        9776         361       18198.446
       361009850000038        9850         361       5925.6452
       361010322000038       10322         361       5925.6452
       362000119012653         119         362       18198.446
       362000120000038         120         362       4.1206897
       362003105000129        3105         362       44.913043
       363000166000145         166         363       10522.956
       363001138000052        1138         363       51690.532
       364000135000038         135         364       2034.6923
       365000165002695         165         365       51690.532
       366000088005587          88         366       2034.6923
       366000197001051         197         366       560418.14
       367000191000501         191         367       5925.6452
       367015111000198       15111         367       51690.532
       370004424001176        4424         370       18198.446
       373000142005150         142         373       18198.446
       375000399000051         399         375       18198.446
       376000061000038          61         376       2034.6923
       378000116000038         116         378       44.913043
       379000220000073         220         379       10522.956
       380000100000379         100         380       1479084.5
       380000123000038         123         380       127.28125
       380001741000038        1741         380       10522.956
       381000204000038         204         381       127.28125
       387000092005127          92         387       127.28125
       387000094006265          94         387       4.1206897
       390010681001251       10681         390       127.28125
       390011004000038       11004         390       51690.532
       392000079010112          79         392       4.1206897
       394000176000038         176         394       2875.3443
       394000640000038         640         394       51690.532
       395000154000276         154         395       2034.6923
       395000218000152         218         395       10522.956
       396000019000379          19         396       10522.956
       397000050000038          50         397       127.28125
       398000070013864          70         398       18198.446
       399011205005155       11205         399       2875.3443
       400000034000038          34         400       4.1206897
       400000034004372          34         400       127.28125
       400006306000038        6306         400       4.1206897
       404000207000253         207         404       18198.446
       404000482000038         482         404       10522.956
       406002066006996        2066         406       18198.446
       406002079000404        2079         406       2875.3443
       407000574007173         574         407       560418.14
       408018564017316       18564         408       18198.446
       411000165042064         165         411       18198.446
       411000165044687         165         411       5925.6452
       411000165033250         165         411       10522.956
       411016926000038       16926         411       10522.956
       413000086013766          86         413       18198.446
       413000125001188         125         413       18198.446
       413012983004468       12983         413       4.1206897
       413015852000038       15852         413       4.1206897
       416000057010466          57         416       51690.532
       418000197000331         197         418       18198.446
       419000136000698         136         419       51690.532
       420002697003757        2697         420       18198.446
       423009536001303        9536         423       2034.6923
       426017694000038       17694         426       1934.3529
       426017712001207       17712         426       51690.532
       429000104029902         104         429       2034.6923
       429000104019391         104         429       5925.6452
       429000109001192         109         429       10522.956
       430008535001143        8535         430       127.28125
       431000183000038         183         431       4.1206897
       431000283000038         283         431       2875.3443
       432000078002576          78         432       18198.446
       436017525000836       17525         436       2875.3443
       436017530000038       17530         436       2034.6923
       437005148000038        5148         437       4.1206897
       440000122001183         122         440       2034.6923
       442003055000179        3055         442       5925.6452
       442003420000038        3420         442       2875.3443
       443000276000038         276         443       2034.6923
       446000072000038          72         446       1934.3529
       447000250000173         250         447       5925.6452
       447022817000038       22817         447       127.28125
       449001508000645        1508         449       51690.532
       452002630000038        2630         452       51690.532
       455001301000038        1301         455       10522.956
       456012762003306       12762         456       127.28125
       458000135000160         135         458       5925.6452
       459001156000038        1156         459       4.1206897
       460000052014856          52         460       44.913043
       461000081000038          81         461       4.1206897
       461000764000038         764         461       10522.956
       462000226000038         226         462       2034.6923
       462000486000038         486         462       5925.6452
       465012256000078       12256         465       4.1206897
       467000098006006          98         467       2875.3443
       467001172000038        1172         467       5925.6452
       468001484001468        1484         468       1543.3750
       468001625000038        1625         468       10522.956
       471000192004047         192         471       1934.3529
       472000119000270         119         472       5925.6452
       473000102000038         102         473       127.28125
       475000322000038         322         475       5925.6452
       475020415000038       20415         475       4.1206897
       476001178001754        1178         476       4.1206897
       477004680010794        4680         477       5925.6452
       478003910000038        3910         478       2034.6923
       479002344001483        2344         479       2875.3443
       479002349000038        2349         479       44.913043
       480000068004824          68         480       51690.532
       481001568000038        1568         481       10522.956
       482000083000038          83         482       44.913043
       482000518000038         518         482       10522.956
       483000082009787          82         483       2034.6923
       483000162000359         162         483       5925.6452
       483016801000038       16801         483       18198.446
       484000309000091         309         484       10522.956
       487000143012216         143         487       18198.446
       487000154001078         154         487       1934.3529
       487015763000151       15763         487       5925.6452
       489020577000038       20577         489       2875.3443
       493009110000038        9110         493       10522.956
       494014736000657       14736         494       10522.956
       495000415000102         415         495       51690.532
       497003425035973        3425         497       4.1206897
       497003425068640        3425         497       10522.956
       497003430000038        3430         497       44.913043
       497003464000360        3464         497       2034.6923
       500000081008548          81         500       2875.3443
       500013362004724       13362         500       18198.446
       500013583000038       13583         500       5925.6452
       501000260000038         260         501       5925.6452
       501010163000038       10163         501       2875.3443
       502002260000313        2260         502       18198.446
       502028465000437       28465         502       5925.6452
       503000194000038         194         503       44.913043
       507000118000038         118         507       4.1206897
       508000125000038         125         508       4.1206897
       508000136000751         136         508       2034.6923
       508011902002629       11902         508       44.913043
       511000154025712         154         511       2875.3443
