         522
         4000879000005         879           4       22504.294
         6000038009402          38           6       39269.594
         6000038000005          38           6       36.307692
         6000038009143          38           6       20251.273
        13005969000005        5969          13       110600.64
        13013547000005       13547          13       9291.1333
        15009646000005        9646          15       4786.3333
        15018332000005       18332          15       20251.273
        17000083000005          83          17       4786.3333
        19001801000005        1801          19       49378.095
        20000000034673           0          20       49378.095
        20000000034597           0          20       39269.594
        20000000034625           0          20       39269.594
        20000000026796           0          20       39269.594
        20000000028138           0          20       39269.594
        20000000028170           0          20       39269.594
        20000000026849           0          20       39269.594
        20000000026877           0          20       39269.594
        20000000029707           0          20       39269.594
        20000000000005           0          20       4.2500000
        20000000032962           0          20       15681.425
        20000000028204           0          20       15681.425
        20000000029645           0          20       15681.425
        20000000026795           0          20       20251.273
        20000000029731           0          20       20251.273
        20000000029743           0          20       20251.273
        20000000029769           0          20       20251.273
        20000000029664           0          20       20251.273
        20000000029687           0          20       20251.273
        20000000026832           0          20       20251.273
        20000000026901           0          20       20251.273
        20000000034648           0          20       20251.273
        20000003007439           3          20       20251.273
        20000003006559           3          20       20251.273
        20000003006544           3          20       20251.273
        20000003000005           3          20       36.307692
        20001017000005        1017          20       49378.095
        23003330000005        3330          23       1.6666667
        24000167000005         167          24       6144.1250
        29000071000005          71          29       138.87500
        29000071004982          71          29       15681.425
        29000071005462          71          29       89587.211
        31002069000005        2069          31       110600.64
        31002069000037        2069          31       20251.273
        34001054000005        1054          34       49378.095
        34010727000005       10727          34       6968.4167
        37000056000005          56          37       1530.6667
        37000056001401          56          37       39269.594
        39002132000005        2132          39       110600.64
        46004578000005        4578          46       39671.250
        48000020022017          20          48       39269.594
        48000020020208          20          48       39269.594
        48000020020167          20          48       39269.594
        48000020020225          20          48       110600.64
        48000020000005          20          48       26.833333
        48000020020247          20          48       15681.425
        48000020022046          20          48       20251.273
        48000020020201          20          48       20251.273
        48000020020192          20          48       20251.273
        48015258000005       15258          48       17772.923
        53000305000005         305          53       9291.1333
        54000604000005         604          54       17772.923
        54008052000005        8052          54       110600.64
        54020844000005       20844          54       1530.6667
        60005390000005        5390          60       89587.211
        61005430000005        5430          61       9291.1333
        63002038000005        2038          63       49378.095
        63014474000005       14474          63       89587.211
        67000113000005         113          67       2725.3333
        69000361000005         361          69       17772.923
        76000028024154          28          76       20251.273
        76000028018297          28          76       138.87500
        78005959000005        5959          78       110600.64
        79001209000005        1209          79       22504.294
        82021101000005       21101          82       49378.095
        83003351000005        3351          83       89587.211
        85000081000005          81          85       306.37500
        87008903000005        8903          87       110600.64
        88009281000005        9281          88       89587.211
        89013039000005       13039          89       39269.594
        93000108021666         108          93       39269.594
        93000108021666         108          93       39269.594
        93000108021673         108          93       39269.594
        93000108021673         108          93       39269.594
        93000108018452         108          93       39269.594
        93000108018452         108          93       39269.594
        93000108020521         108          93       39269.594
        93000108020521         108          93       39269.594
        93000108018492         108          93       39269.594
        93000108018492         108          93       39269.594
        93000108000005         108          93       4.2500000
        93000108000005         108          93       4.2500000
        93000108020545         108          93       15681.425
        93000108020545         108          93       15681.425
        93000108021639         108          93       15681.425
        93000108021639         108          93       15681.425
        93000108018486         108          93       15681.425
        93000108018486         108          93       15681.425
        93000108019727         108          93       15681.425
        93000108019727         108          93       15681.425
        93000108020514         108          93       16522.750
        93000108020514         108          93       16522.750
        93000108018451         108          93       20251.273
        93000108018451         108          93       20251.273
        93000108018476         108          93       20251.273
        93000108018476         108          93       20251.273
        93000108022999         108          93       20251.273
        93000108023008         108          93       20251.273
        93000108021631         108          93       20251.273
        93000108021631         108          93       20251.273
        93000109023293         109          93       20251.273
        93000109023320         109          93       20251.273
        93000109028802         109          93       20251.273
        93000109029492         109          93       20251.273
        93000109022615         109          93       20251.273
        93000109022641         109          93       20251.273
        93000109022642         109          93       20251.273
        93000109000005         109          93       4.2500000
        93000109022662         109          93       39269.594
        94021381000005       21381          94       49378.095
        95000416000005         416          95       9291.1333
        97000059007625          59          97       15681.425
        97000059000005          59          97       36.307692
        97000059007629          59          97       39269.594
        97000059007660          59          97       39269.594
        97005263000005        5263          97       89587.211
       100013129000005       13129         100       20251.273
       101000106000005         106         101       36.307692
       101000106009014         106         101       110600.64
       101000106009010         106         101       39269.594
       103001723000005        1723         103       49378.095
       103019431000005       19431         103       49378.095
       104021634000005       21634         104       49378.095
       105000050007248          50         105       138.87500
       108003428000005        3428         108       4.2500000
       108003428033003        3428         108       20251.273
       108003428033031        3428         108       20251.273
       108003428034392        3428         108       20251.273
       108003428034447        3428         108       20251.273
       108003428034473        3428         108       20251.273
       108003428030352        3428         108       20251.273
       108003428030377        3428         108       20251.273
       108003428030401        3428         108       20251.273
       108003428031575        3428         108       20251.273
       108003428031579        3428         108       20251.273
       108003428032959        3428         108       20251.273
       108003428034490        3428         108       39269.594
       108003428037482        3428         108       39269.594
       108003428034370        3428         108       39269.594
       108003428032971        3428         108       39269.594
       108003428032976        3428         108       39269.594
       108003428037509        3428         108       110600.64
       108003428037442        3428         108       110600.64
       110011227000005       11227         110       17772.923
       111000034000005          34         111       6968.4167
       113014483000005       14483         113       39671.250
       118001342000005        1342         118       39671.250
       121001538000005        1538         121       49378.095
       123000085000041          85         123       138.87500
       123000085006930          85         123       20251.273
       124000072002118          72         124       20251.273
       124000072000005          72         124       617.87500
       131000102000005         102         131       2725.3333
       131000904000005         904         131       89587.211
       134009812000005        9812         134       39671.250
       142010352000005       10352         142       22504.294
       145006941000005        6941         145       39671.250
       150000092000005          92         150       138.87500
       150000092008611          92         150       15681.425
       150000092008624          92         150       20251.273
       155000356000005         356         155       9291.1333
       160000094000005          94         160       4786.3333
       160023296000062       23296         160       20251.273
       160023296000005       23296         160       39671.250
       160024499000005       24499         160       89587.211
       162021085000005       21085         162       22504.294
       166007104000005        7104         166       2725.3333
       172005261000005        5261         172       49378.095
       173000083006342          83         173       89587.211
       180000064010350          64         180       39269.594
       180000064010310          64         180       39269.594
       180000064000005          64         180       138.87500
       180000064010334          64         180       15681.425
       180000064010571          64         180       20251.273
       180000064010739          64         180       20251.273
       181000099000005          99         181       1530.6667
       185000235000005         235         185       6968.4167
       185015308000005       15308         185       617.87500
       186014842000005       14842         186       36.307692
       186014842010977       14842         186       20251.273
       186014842010263       14842         186       20251.273
       186014842010267       14842         186       39269.594
       186014842010121       14842         186       39269.594
       186014842011394       14842         186       49378.095
       189001995000005        1995         189       9291.1333
       194019438000005       19438         194       36.307692
       194019438006570       19438         194       20251.273
       194019438006656       19438         194       20251.273
       194019438006672       19438         194       20251.273
       194019438006558       19438         194       15681.425
       194019438006556       19438         194       39269.594
       194019438006681       19438         194       39269.594
       194019438006709       19438         194       39269.594
       194019438007564       19438         194       39269.594
       194019448000005       19448         194       306.37500
       194020182000005       20182         194       22504.294
       195010238000005       10238         195       39671.250
       195020322000005       20322         195       39269.594
       197000049000005          49         197       617.87500
       197000059003867          59         197       89587.211
       199000460000005         460         199       9291.1333
       201001102000005        1102         201       39671.250
       202013655000005       13655         202       2725.3333
       202013696000005       13696         202       4786.3333
       204011670000005       11670         204       306.37500
       206027421000005       27421         206       39671.250
       210021141000005       21141         210       39269.594
       211008907142599        8907         211       22504.294
       213015178000005       15178         213       17772.923
       214009788000005        9788         214       2725.3333
       218000064000005          64         218       26.833333
       218000064018950          64         218       15681.425
       218000064018916          64         218       20251.273
       218000064018917          64         218       16522.750
       218000064018921          64         218       39269.594
       223000420000005         420         223       6968.4167
       223020189000005       20189         223       39269.594
       225002077000005        2077         225       49378.095
       225011753000005       11753         225       39269.594
       226000354000005         354         226       6968.4167
       227000115014406         115         227       15681.425
       227000115000005         115         227       36.307692
       227000115014703         115         227       20251.273
       227000115014402         115         227       20251.273
       227011755000005       11755         227       617.87500
       229002732000005        2732         229       4.2500000
       229002732000005        2732         229       4.2500000
       229002732030568        2732         229       15681.425
       229002732030568        2732         229       15681.425
       229002732042711        2732         229       15681.425
       229002732042711        2732         229       15681.425
       229002732030536        2732         229       20251.273
       229002732030536        2732         229       20251.273
       229002732030537        2732         229       20251.273
       229002732030537        2732         229       20251.273
       229002732030539        2732         229       20251.273
       229002732030539        2732         229       20251.273
       229002732030555        2732         229       20251.273
       229002732030555        2732         229       20251.273
       229002732042767        2732         229       20251.273
       229002732042767        2732         229       20251.273
       229002732045900        2732         229       20251.273
       229002732045937        2732         229       20251.273
       229002732046012        2732         229       20251.273
       229002732030678        2732         229       20251.273
       229002732030678        2732         229       20251.273
       229002732039566        2732         229       20251.273
       229002732039566        2732         229       20251.273
       229002732039587        2732         229       20251.273
       229002732039587        2732         229       20251.273
       229002732042638        2732         229       20251.273
       229002732042638        2732         229       20251.273
       229002732030578        2732         229       20251.273
       229002732030578        2732         229       20251.273
       229002732030628        2732         229       20251.273
       229002732030628        2732         229       20251.273
       229002732030672        2732         229       20251.273
       229002732030672        2732         229       20251.273
       229002732030676        2732         229       20251.273
       229002732030676        2732         229       20251.273
       229002732030562        2732         229       39269.594
       229002732030562        2732         229       39269.594
       229002732030677        2732         229       39269.594
       229002732030677        2732         229       39269.594
       229002732030588        2732         229       39269.594
       229002732030588        2732         229       39269.594
       229002732030589        2732         229       39269.594
       229002732030589        2732         229       39269.594
       229002732030609        2732         229       39269.594
       229002732030609        2732         229       39269.594
       229002732042647        2732         229       39269.594
       229002732042647        2732         229       39269.594
       229002732042671        2732         229       39269.594
       229002732042671        2732         229       39269.594
       229002732030687        2732         229       39269.594
       229002732030687        2732         229       39269.594
       229002732030712        2732         229       39269.594
       229002732030712        2732         229       39269.594
       229002732039496        2732         229       39269.594
       229002732039496        2732         229       39269.594
       229002732044187        2732         229       39269.594
       229002732044210        2732         229       39269.594
       229002732045877        2732         229       39269.594
       229002732042716        2732         229       39269.594
       229002732042716        2732         229       39269.594
       229002732030511        2732         229       39269.594
       229002732030511        2732         229       39269.594
       229002732046127        2732         229       49378.095
       230006253000005        6253         230       49378.095
       231001073000005        1073         231       2725.3333
       231001147000333        1147         231       9291.1333
       231014015000005       14015         231       39269.594
       232000312000005         312         232       6968.4167
       234000372000005         372         234       9291.1333
       234000372000145         372         234       20251.273
       235014488002209       14488         235       15681.425
       235014488000005       14488         235       617.87500
       235014488002227       14488         235       20251.273
       235014488002229       14488         235       20251.273
       235017446000005       17446         235       49378.095
       237000162000005         162         237       6968.4167
       241009265000005        9265         241       17772.923
       244004995000427        4995         244       6968.4167
       248019444000005       19444         248       39671.250
       258000312000005         312         258       6968.4167
       263022997000005       22997         263       9291.1333
       265009395012726        9395         265       15681.425
       265009395000005        9395         265       36.307692
       265009395012730        9395         265       20251.273
       265009395013553        9395         265       20251.273
       265009395013559        9395         265       39269.594
       265009395012050        9395         265       39269.594
       265009395012026        9395         265       39269.594
       265024514000005       24514         265       15681.425
       271011443000005       11443         271       22504.294
       274011929000005       11929         274       110600.64
       279013408001044       13408         279       39269.594
       282004955003348        4955         282       20251.273
       282004955000005        4955         282       306.37500
       282004955003497        4955         282       20251.273
       282009844000005        9844         282       89587.211
       284000102008890         102         284       20251.273
       284000102008266         102         284       20251.273
       284000102008230         102         284       20251.273
       284000102000005         102         284       36.307692
       285006912000005        6912         285       6144.1250
       285007488000005        7488         285       17772.923
       291004576000005        4576         291       22504.294
       292002447000005        2447         292       9291.1333
       296000097000285          97         296       26.833333
       296000097012168          97         296       20251.273
       296004690000005        4690         296       17772.923
       296005285000005        5285         296       22504.294
       301005098017381        5098         301       20251.273
       301005098017375        5098         301       20251.273
       301005098018425        5098         301       39269.594
       301005098019548        5098         301       89587.211
       301005098020475        5098         301       110600.64
       301005098018447        5098         301       20251.273
       301005098018457        5098         301       20251.273
       301005098019098        5098         301       20251.273
       301005098019107        5098         301       20251.273
       301005098000679        5098         301       26.833333
       301005098017361        5098         301       15681.425
       304018598000005       18598         304       49378.095
       313000079000005          79         313       138.87500
       317000127000005         127         317       617.87500
       317000127002451         127         317       39269.594
       320001102000005        1102         320       22504.294
       324002349000005        2349         324       49378.095
       325010373000005       10373         325       9291.1333
       330004309000005        4309         330       89587.211
       330010314000005       10314         330       110600.64
       335029668000005       29668         335       9291.1333
       342014616000005       14616         342       17772.923
       347003575000005        3575         347       6144.1250
       351000142007998         142         351       15681.425
       351000142000005         142         351       36.307692
       351000142007142         142         351       20251.273
       351000142008213         142         351       39269.594
       351000142008244         142         351       39269.594
       351000142008400         142         351       39269.594
       353014407000005       14407         353       306.37500
       353014407004419       14407         353       15681.425
       355010839014690       10839         355       16522.750
       355010839000005       10839         355       26.833333
       355010839014697       10839         355       20251.273
       355010839014691       10839         355       20251.273
       355010839015146       10839         355       20251.273
       355010839015151       10839         355       20251.273
       355010839014701       10839         355       39269.594
       355010839014700       10839         355       39269.594
       356000094000005          94         356       6144.1250
       361009782000005        9782         361       138.87500
       361009782006633        9782         361       39269.594
       363004755000005        4755         363       89587.211
       365001516000005        1516         365       22504.294
       369006543011385        6543         369       39269.594
       369006543000299        6543         369       36.307692
       369006543009923        6543         369       20251.273
       369006543009908        6543         369       20251.273
       369006543010423        6543         369       20251.273
       371002678000005        2678         371       89587.211
       373000136009267         136         373       20251.273
       373000136000005         136         373       36.307692
       376021500000005       21500         376       39269.594
       377006491000005        6491         377       110600.64
       380000736000005         736         380       17772.923
       384000412000005         412         384       22504.294
       384014157000005       14157         384       110600.64
       387000118001198         118         387       39269.594
       387000118000005         118         387       1530.6667
       388000049000005          49         388       1.6666667
       388000049000005          49         388       1.6666667
       388000049057282          49         388       15681.425
       388000049057282          49         388       15681.425
       388000049059842          49         388       15681.425
       388000049059842          49         388       15681.425
       388000049064085          49         388       20251.273
       388000049057256          49         388       20251.273
       388000049057256          49         388       20251.273
       388000049057325          49         388       20251.273
       388000049057325          49         388       20251.273
       388000049057358          49         388       20251.273
       388000049057358          49         388       20251.273
       388000049058632          49         388       20251.273
       388000049058632          49         388       20251.273
       388000049058645          49         388       20251.273
       388000049058645          49         388       20251.273
       388000049058664          49         388       20251.273
       388000049058664          49         388       20251.273
       388000049059783          49         388       20251.273
       388000049059783          49         388       20251.273
       388000049059802          49         388       20251.273
       388000049059802          49         388       20251.273
       388000049057283          49         388       20251.273
       388000049057283          49         388       20251.273
       388000049059876          49         388       20251.273
       388000049059876          49         388       20251.273
       388000049063935          49         388       39269.594
       388000049064025          49         388       39269.594
       388000049064119          49         388       39269.594
       388000049064161          49         388       39671.250
       388000049059887          49         388       39269.594
       388000049059887          49         388       39269.594
       388000049059846          49         388       39269.594
       388000049059846          49         388       39269.594
       388000049064047          49         388       110600.64
       388000049057303          49         388       110600.64
       388000049057303          49         388       110600.64
       391001512000005        1512         391       39671.250
       394000621000005         621         394       9291.1333
       397011741000005       11741         397       17772.923
       406002078005191        2078         406       89587.211
       406011381000005       11381         406       110600.64
       408000229000005         229         408       6968.4167
       412013176000005       13176         412       89587.211
       413015852014155       15852         413       39269.594
       413015852000005       15852         413       26.833333
       413015852013927       15852         413       15681.425
       413015852014150       15852         413       20251.273
       413015852014651       15852         413       20251.273
       413015852015399       15852         413       20251.273
       413015852013925       15852         413       20251.273
       417002064000005        2064         417       49378.095
       419009930000005        9930         419       39269.594
       423009612000472        9612         423       6968.4167
       428017960000005       17960         428       49378.095
       430010070000005       10070         430       39671.250
       434004898000005        4898         434       110600.64
       436017494025502       17494         436       110600.64
       436017494023220       17494         436       39269.594
       436017494024725       17494         436       39269.594
       436017494024733       17494         436       39269.594
       436017494025408       17494         436       39269.594
       436017494027041       17494         436       39269.594
       436017494028500       17494         436       39269.594
       436017494028537       17494         436       39269.594
       436017494028484       17494         436       15681.425
       436017494000005       17494         436       4.2500000
       436017494028564       17494         436       20251.273
       436017494025535       17494         436       20251.273
       436017494023251       17494         436       20251.273
       436017494023177       17494         436       20251.273
       436017494023184       17494         436       20251.273
       436017494023188       17494         436       20251.273
       436017494023202       17494         436       20251.273
       436017494023217       17494         436       20251.273
       436017619000005       17619         436       6144.1250
       438025932000005       25932         438       39671.250
       439000201000005         201         439       1530.6667
       439000284000005         284         439       6144.1250
       440001471000005        1471         440       22504.294
       440005435000005        5435         440       89587.211
       441000158000005         158         441       4786.3333
       445006008000005        6008         445       22504.294
       454002894000005        2894         454       110600.64
       457000110001475         110         457       39269.594
       457000110000005         110         457       1530.6667
       457007049000005        7049         457       110600.64
       461000080000005          80         461       36.307692
       461000080011615          80         461       15681.425
       461000080011913          80         461       15681.425
       461000080010592          80         461       15681.425
       461000080010594          80         461       20251.273
       462010509000005       10509         462       110600.64
       465002609000005        2609         465       22504.294
       465009866000005        9866         465       110600.64
       466000113002508         113         466       20251.273
       466000113000005         113         466       617.87500
       470001600000005        1600         470       22504.294
       473001065000005        1065         473       39671.250
       474000105000005         105         474       306.37500
       474000105003346         105         474       20251.273
       474000937000005         937         474       22504.294
       474001187000005        1187         474       39671.250
       477005273000005        5273         477       17772.923
       480000063000005          63         480       306.37500
       480022693000005       22693         480       6968.4167
       480022806000005       22806         480       17772.923
       486000149000005         149         486       4786.3333
       492000101000005         101         492       617.87500
       492000101002547         101         492       15681.425
       494016502000005       16502         494       89587.211
       496001191000005        1191         496       6144.1250
       497003429004927        3429         497       15681.425
       497003429000005        3429         497       306.37500
       497003429004683        3429         497       20251.273
       497003429005078        3429         497       20251.273
       500013478000378       13478         500       20251.273
       500013478000005       13478         500       6144.1250
       502028522000005       28522         502       9291.1333
