        1207
              13005921          13           0       22.461538
              13008909          13           0       4907.1111
              13011280          13           0       6657.1985
              13008901          13           0       6657.1985
              13011311          13           0       10168.395
              13011328          13           0       10168.395
              13013778          13           0       10168.395
              13008883          13           0       10168.395
         2005023000015        5023           2       40558.882
         4003637000015        3637           4       47390.125
         6000041004197          41           6       6657.1985
         6000041000015          41           6       235.87500
         7005212000015        5212           7       53481.754
         7014660000015       14660           7       415.20000
         7014660002051       14660           7       6072.7867
         7014660002527       14660           7       6657.1985
        13000103000015         103          13       4505.2727
        13013265000015       13265          13       4006.4286
        13013455000015       13455          13       8163.0000
        15009616000015        9616          15       1019.2500
        18023333000015       23333          18       6657.1985
        20000000016748           0          20       6657.1985
        20000000019261           0          20       6657.1985
        20000000019298           0          20       6657.1985
        20000000016779           0          20       6657.1985
        20000000016788           0          20       6657.1985
        20000000017423           0          20       6657.1985
        20000000017442           0          20       6657.1985
        20000000000015           0          20       6.4444444
        20000000018604           0          20       4907.1111
        20000000020410           0          20       6072.7867
        20000000025597           0          20       6072.7867
        20000000029655           0          20       6072.7867
        20000000018584           0          20       6072.7867
        20000000034658           0          20       6657.1985
        20000000029753           0          20       6657.1985
        20000000029697           0          20       6657.1985
        20000000026842           0          20       6657.1985
        20000000026911           0          20       6657.1985
        20000000024476           0          20       6657.1985
        20000000025490           0          20       6657.1985
        20000000020386           0          20       6657.1985
        20000000019392           0          20       6657.1985
        20000000022352           0          20       53481.754
        20000000020288           0          20       53481.754
        20000000034683           0          20       47390.125
        20000000016762           0          20       10168.395
        20000000016737           0          20       10168.395
        20000000034607           0          20       10168.395
        20000000034635           0          20       10168.395
        20000000018527           0          20       10168.395
        20000000017440           0          20       10168.395
        20000000016804           0          20       10168.395
        20000000017400           0          20       10168.395
        20000000017418           0          20       10168.395
        20000000019383           0          20       10168.395
        20000000019277           0          20       10168.395
        20000000018591           0          20       10168.395
        20000000018614           0          20       10168.395
        20000000020277           0          20       10168.395
        20000000021305           0          20       10168.395
        20000000021328           0          20       10168.395
        20000000025539           0          20       10168.395
        20000000023367           0          20       10168.395
        20000000024440           0          20       10168.395
        20006492000015        6492          20       6650.0000
        20009356000061        9356          20       6657.1985
        20009356000015        9356          20       47390.125
        22007770000015        7770          22       75053.200
        23003330036062        3330          23       75053.200
        23003330037046        3330          23       10168.395
        23003330037102        3330          23       10168.395
        23003330039766        3330          23       10168.395
        23003330014566        3330          23       10168.395
        23003330014522        3330          23       10168.395
        23003330014542        3330          23       10168.395
        23003330014498        3330          23       10168.395
        23003330025359        3330          23       10168.395
        23003330025384        3330          23       10168.395
        23003330025407        3330          23       10168.395
        23003330027161        3330          23       10168.395
        23003330027175        3330          23       10168.395
        23003330027221        3330          23       10168.395
        23003330027248        3330          23       10168.395
        23003330015623        3330          23       10168.395
        23003330016753        3330          23       10168.395
        23003330016764        3330          23       10168.395
        23003330016780        3330          23       10168.395
        23003330015565        3330          23       10168.395
        23003330029277        3330          23       10168.395
        23003330029298        3330          23       10168.395
        23003330029317        3330          23       10168.395
        23003330016854        3330          23       10168.395
        23003330016789        3330          23       10168.395
        23003330034531        3330          23       10168.395
        23003330031375        3330          23       10168.395
        23003330032963        3330          23       10168.395
        23003330014516        3330          23       6657.1985
        23003330014560        3330          23       6657.1985
        23003330014561        3330          23       6657.1985
        23003330014476        3330          23       6657.1985
        23003330032913        3330          23       6072.7867
        23003330000015        3330          23       6.4444444
        23003330039792        3330          23       6657.1985
        23003330037028        3330          23       6657.1985
        23003330031311        3330          23       6657.1985
        23003330031364        3330          23       6657.1985
        23003330034501        3330          23       6657.1985
        23003330034570        3330          23       6657.1985
        23003330036045        3330          23       6657.1985
        23003330016784        3330          23       6657.1985
        23003330016841        3330          23       6657.1985
        23003330027288        3330          23       6657.1985
        23003330029235        3330          23       6657.1985
        23003330029253        3330          23       6657.1985
        23003330014574        3330          23       6657.1985
        23003330015549        3330          23       6657.1985
        23003330015553        3330          23       6657.1985
        23003330015555        3330          23       6657.1985
        23003330015586        3330          23       6657.1985
        23003330018002        3330          23       6657.1985
        23003330018050        3330          23       6657.1985
        23003330023180        3330          23       6657.1985
        28000064000015          64          28       235.87500
        28000064002275          64          28       6072.7867
        28000064002182          64          28       10168.395
        30012748000015       12748          30       53481.754
        31000917000015         917          31       47390.125
        32000235000015         235          32       8163.0000
        32016119000015       16119          32       6650.0000
        32016119000220       16119          32       6657.1985
        34001082000015        1082          34       47390.125
        35012174000015       12174          35       75053.200
        37014518004923       14518          37       10168.395
        37014518006139       14518          37       10168.395
        37014518007352       14518          37       10168.395
        37014518004087       14518          37       10168.395
        37014518004094       14518          37       10168.395
        37014518004095       14518          37       10168.395
        37014518004304       14518          37       10168.395
        37014518004086       14518          37       6657.1985
        37014518004402       14518          37       6657.1985
        37014518004663       14518          37       6657.1985
        37014518000015       14518          37       59.583333
        40000000024659           0          40       4006.4286
        40000812000015         812          40       47390.125
        45003746000015        3746          45       47390.125
        47002082000896        2082          47       10168.395
        47002082000015        2082          47       1019.2500
        47002082000821        2082          47       6657.1985
        47002082000888        2082          47       6657.1985
        48000019012204          19          48       6657.1985
        48000019013292          19          48       6657.1985
        48000019013544          19          48       6657.1985
        48000019012798          19          48       6657.1985
        48000019012810          19          48       6657.1985
        48000019002146          19          48       22.461538
        48000019012446          19          48       6072.7867
        48000019012814          19          48       6072.7867
        48000019012212          19          48       10168.395
        48000019012432          19          48       10168.395
        48000019013751          19          48       10168.395
        48000019016048          19          48       10168.395
        48000019012448          19          48       10168.395
        55000913000015         913          55       40558.882
        55023661000015       23661          55       6657.1985
        64001828000015        1828          64       40558.882
        68010999000180       10999          68       47390.125
        72001063000015        1063          72       40558.882
        77022334000015       22334          77       47390.125
        79016126003144       16126          79       53481.754
        79016126003584       16126          79       10168.395
        79016126005595       16126          79       10168.395
        79016126002741       16126          79       10168.395
        79016126003134       16126          79       10168.395
        79016126002738       16126          79       6657.1985
        79016126007123       16126          79       6657.1985
        79016126003807       16126          79       6657.1985
        79016126006237       16126          79       6072.7867
        79016126000015       16126          79       59.583333
        81010751000015       10751          81       8163.0000
        82000495000015         495          82       16439.800
        85000086001872          86          85       10168.395
        85000086000015          86          85       415.20000
        85022987000015       22987          85       53481.754
        90001127010524        1127          90       10168.395
        90001127010541        1127          90       10168.395
        90001127012021        1127          90       10168.395
        90001127012814        1127          90       10168.395
        90001127014183        1127          90       10168.395
        90001127014205        1127          90       10168.395
        90001127016314        1127          90       10168.395
        90001127016331        1127          90       10168.395
        90001127017061        1127          90       10168.395
        90001127011379        1127          90       10168.395
        90001127007152        1127          90       10168.395
        90001127007132        1127          90       10168.395
        90001127007105        1127          90       10168.395
        90001127007081        1127          90       10168.395
        90001127007059        1127          90       10168.395
        90001127007206        1127          90       10168.395
        90001127007178        1127          90       10168.395
        90001127000015        1127          90       22.461538
        90001127011361        1127          90       6072.7867
        90001127007176        1127          90       6072.7867
        90001127011395        1127          90       6657.1985
        90001127011405        1127          90       6657.1985
        90001127018556        1127          90       6657.1985
        90001127018572        1127          90       6657.1985
        90001127018597        1127          90       6657.1985
        90001127007210        1127          90       6657.1985
        90001127011370        1127          90       6657.1985
        90001127017041        1127          90       6657.1985
        90001127014132        1127          90       6657.1985
        90001127014144        1127          90       6657.1985
        90001127014156        1127          90       6657.1985
        90001127007057        1127          90       6657.1985
        90001130004558        1130          90       6657.1985
        90001130004592        1130          90       6657.1985
        90001130004613        1130          90       6657.1985
        90001130004805        1130          90       6657.1985
        90001130005421        1130          90       6657.1985
        90001130000015        1130          90       59.583333
        90001130004136        1130          90       10168.395
        90001130004113        1130          90       10168.395
        90001130004572        1130          90       10168.395
        90001130004099        1130          90       10168.395
        90025657000015       25657          90       16439.800
        92000567000113         567          92       6657.1985
        92000567000015         567          92       8163.0000
        92027894000015       27894          92       10168.395
        93000108009208         108          93       10168.395
        93000108009240         108          93       10168.395
        93000108009243         108          93       10168.395
        93000108020531         108          93       10168.395
        93000108009956         108          93       10168.395
        93000108009905         108          93       10168.395
        93000108009912         108          93       10168.395
        93000108010420         108          93       10168.395
        93000108010965         108          93       10168.395
        93000108014878         108          93       10168.395
        93000108011941         108          93       10168.395
        93000108012938         108          93       10168.395
        93000108009179         108          93       10168.395
        93000108009168         108          93       6657.1985
        93000108009147         108          93       6657.1985
        93000108009157         108          93       6657.1985
        93000108009159         108          93       6657.1985
        93000108010980         108          93       6657.1985
        93000108013946         108          93       6657.1985
        93000108010405         108          93       6657.1985
        93000108010410         108          93       6657.1985
        93000108009942         108          93       6657.1985
        93000108009239         108          93       6657.1985
        93000108009189         108          93       6657.1985
        93000108009865         108          93       6657.1985
        93000108009868         108          93       6657.1985
        93000108021683         108          93       6657.1985
        93000108018462         108          93       6657.1985
        93000108000015         108          93       6.4444444
        93000108009233         108          93       6072.7867
        93000108009895         108          93       6072.7867
        93000108009967         108          93       6072.7867
        93000108011022         108          93       6072.7867
        93000108011926         108          93       6072.7867
        93000108017126         108          93       6072.7867
        93000108009166         108          93       6072.7867
        96000101000015         101          96       6650.0000
       100000007002235           7         100       6072.7867
       100000007000015           7         100       415.20000
       100000007002015           7         100       10168.395
       100000007001988           7         100       10168.395
       102002573000015        2573         102       75053.200
       108003428037492        3428         108       10168.395
       108003428027089        3428         108       10168.395
       108003428034457        3428         108       10168.395
       108003428012224        3428         108       10168.395
       108003428012831        3428         108       10168.395
       108003428012849        3428         108       10168.395
       108003428012802        3428         108       6657.1985
       108003428012822        3428         108       6657.1985
       108003428013464        3428         108       6657.1985
       108003428027033        3428         108       6657.1985
       108003428034483        3428         108       6657.1985
       108003428027863        3428         108       6657.1985
       108003428028762        3428         108       6657.1985
       108003428028802        3428         108       6657.1985
       108003428028812        3428         108       6657.1985
       108003428030387        3428         108       6657.1985
       108003428032986        3428         108       6657.1985
       108003428034380        3428         108       6657.1985
       108003428034402        3428         108       6657.1985
       108003915000015        3915         108       16439.800
       111006845000015        6845         111       8163.0000
       111006997000015        6997         111       8163.0000
       111007322000015        7322         111       16439.800
       112009455000015        9455         112       8163.0000
       113000058001937          58         113       6657.1985
       113000058000015          58         113       1727.4444
       113000058000675          58         113       6072.7867
       113000058001592          58         113       10168.395
       113008900000015        8900         113       10168.395
       113013283000015       13283         113       8163.0000
       114015426000088       15426         114       10168.395
       114015426000015       15426         114       24340.765
       128021172000015       21172         128       10168.395
       130000151000015         151         130       24340.765
       133000059006351          59         133       10168.395
       133000059006387          59         133       10168.395
       133000059007262          59         133       10168.395
       133000059005138          59         133       10168.395
       133000059006041          59         133       6657.1985
       133000059006061          59         133       6657.1985
       133000059006076          59         133       6657.1985
       133000059006087          59         133       6657.1985
       133000059005105          59         133       6072.7867
       133000059000015          59         133       59.583333
       133000059005128          59         133       6657.1985
       133000059005104          59         133       6657.1985
       133000059010435          59         133       6657.1985
       133001040000015        1040         133       24340.765
       136005637000015        5637         136       16439.800
       137003957000015        3957         137       4006.4286
       137006017000015        6017         137       40558.882
       142009438000015        9438         142       8163.0000
       143004362000015        4362         143       16439.800
       144009946010398        9946         144       53481.754
       144009946009317        9946         144       53481.754
       144009946007169        9946         144       75053.200
       144009946007144        9946         144       10168.395
       144009946007156        9946         144       10168.395
       144009946009848        9946         144       10168.395
       144009946009861        9946         144       10168.395
       144009946007447        9946         144       10168.395
       144009946007451        9946         144       10168.395
       144009946009284        9946         144       10168.395
       144009946007789        9946         144       10168.395
       144009946012913        9946         144       10168.395
       144009946014541        9946         144       10168.395
       144009946016739        9946         144       10168.395
       144009946000015        9946         144       22.461538
       144009946007468        9946         144       6657.1985
       144009946007473        9946         144       6657.1985
       144009946008330        9946         144       6657.1985
       144009946007145        9946         144       6657.1985
       147002377000015        2377         147       75053.200
       150000093003146          93         150       10168.395
       150000093004772          93         150       10168.395
       150000093003428          93         150       10168.395
       150000093006424          93         150       10168.395
       150000093003200          93         150       10168.395
       150000093003184          93         150       10168.395
       150000093003171          93         150       6657.1985
       150000093004762          93         150       6657.1985
       150000093003528          93         150       6657.1985
       150000093006836          93         150       6657.1985
       150000093000015          93         150       59.583333
       150000093003445          93         150       6072.7867
       150000093004518          93         150       6072.7867
       156000065000015          65         156       4505.2727
       156000065000415          65         156       10168.395
       163000425000015         425         163       16439.800
       164012772002162       12772         164       16439.800
       165014025000015       14025         165       47390.125
       167009337000391        9337         167       10168.395
       167009337000015        9337         167       4006.4286
       168000168000015         168         168       8163.0000
       168001617000041        1617         168       6657.1985
       168001617000015        1617         168       75053.200
       169001343000015        1343         169       40558.882
       169001343000095        1343         169       10168.395
       169026157000015       26157         169       8163.0000
       174000100001835         100         174       6657.1985
       174000100001908         100         174       6657.1985
       174000100000015         100         174       415.20000
       174001417000015        1417         174       24340.765
       178015584000015       15584         178       47390.125
       179004505000015        4505         179       75053.200
       181022741002082       22741         181       53481.754
       181022741000015       22741         181       415.20000
       185015831002364       15831         185       415.20000
       185015831003909       15831         185       10168.395
       187013287000015       13287         187       1019.2500
       187013419000015       13419         187       8163.0000
       190009407000015        9407         190       53481.754
       191029368000015       29368         191       6657.1985
       192016668013640       16668         192       6657.1985
       192016668014504       16668         192       6657.1985
       192016668007679       16668         192       6657.1985
       192016668007061       16668         192       6657.1985
       192016668007130       16668         192       6657.1985
       192016668007064       16668         192       6657.1985
       192016668000015       16668         192       22.461538
       192016668013662       16668         192       6072.7867
       192016668007107       16668         192       53481.754
       192016668007062       16668         192       10168.395
       192016668007101       16668         192       10168.395
       192016668007083       16668         192       10168.395
       192016668016002       16668         192       10168.395
       192016668013678       16668         192       10168.395
       192016668007686       16668         192       10168.395
       192016668008080       16668         192       10168.395
       192016668008095       16668         192       10168.395
       192016668011755       16668         192       10168.395
       193019441000015       19441         193       53481.754
       194000331000015         331         194       6650.0000
       200018017000015       18017         200       47390.125
       202000062000015          62         202       1019.2500
       204011660000015       11660         204       6.4444444
       204011660015551       11660         204       6072.7867
       204011660021008       11660         204       6072.7867
       204011660008890       11660         204       4907.1111
       204011660008897       11660         204       6072.7867
       204011660008945       11660         204       6657.1985
       204011660008918       11660         204       6657.1985
       204011660008917       11660         204       6657.1985
       204011660015509       11660         204       6657.1985
       204011660016557       11660         204       6657.1985
       204011660019994       11660         204       6657.1985
       204011660020957       11660         204       6657.1985
       204011660016597       11660         204       6657.1985
       204011660016622       11660         204       6657.1985
       204011660022564       11660         204       6657.1985
       204011660008871       11660         204       6657.1985
       204011660008864       11660         204       6657.1985
       204011660015486       11660         204       6657.1985
       204011660009950       11660         204       6657.1985
       204011660018421       11660         204       75053.200
       204011660008962       11660         204       75053.200
       204011660008847       11660         204       10168.395
       204011660008837       11660         204       10168.395
       204011660008932       11660         204       10168.395
       204011660008901       11660         204       10168.395
       204011660008900       11660         204       10168.395
       204011660008891       11660         204       10168.395
       204011660008885       11660         204       10168.395
       204011660008904       11660         204       10168.395
       204011660008881       11660         204       10168.395
       204011660009956       11660         204       10168.395
       204011660009996       11660         204       10168.395
       204011660010007       11660         204       10168.395
       204011660010021       11660         204       10168.395
       204011660015490       11660         204       10168.395
       204011660009921       11660         204       10168.395
       204011660009933       11660         204       10168.395
       204011660021020       11660         204       10168.395
       204011660022003       11660         204       10168.395
       204011660016662       11660         204       10168.395
       204011660016681       11660         204       10168.395
       204011660016702       11660         204       10168.395
       204011660018340       11660         204       10168.395
       204011660018360       11660         204       10168.395
       204011660018399       11660         204       10168.395
       204011660020978       11660         204       10168.395
       204011660016587       11660         204       10168.395
       204011660015534       11660         204       10168.395
       204011660015585       11660         204       10168.395
       206000103001610         103         206       10168.395
       206000103001633         103         206       10168.395
       206000103003059         103         206       10168.395
       206000103001609         103         206       6657.1985
       206000103003998         103         206       6657.1985
       206000103000015         103         206       235.87500
       207000692000015         692         207       16439.800
       208003779000015        3779         208       6650.0000
       210015861000015       15861         210       10168.395
       213016157000015       16157         213       40558.882
       213022403000015       22403         213       53481.754
       217009778000015        9778         217       53481.754
       217010065000015       10065         217       75053.200
       218001650000015        1650         218       53481.754
       218005496004550        5496         218       10168.395
       218005496004054        5496         218       10168.395
       218005496003730        5496         218       10168.395
       218005496003920        5496         218       10168.395
       218005496000015        5496         218       59.583333
       218005496004784        5496         218       6657.1985
       218005496003942        5496         218       6657.1985
       218005496004296        5496         218       6657.1985
       218005496003635        5496         218       6657.1985
       219000102000015         102         219       75053.200
       219000138003409         138         219       6657.1985
       219000138003732         138         219       6657.1985
       219000138000015         138         219       235.87500
       221005603000015        5603         221       6650.0000
       223004095000220        4095         223       415.20000
       225000107000015         107         225       1727.4444
       225010679000015       10679         225       10168.395
       228004999000015        4999         228       415.20000
       229002732000015        2732         229       3.0000000
       229002732000015        2732         229       3.0000000
       229002732026017        2732         229       6072.7867
       229002732026017        2732         229       6072.7867
       229002732018104        2732         229       6072.7867
       229002732018104        2732         229       6072.7867
       229002732018163        2732         229       6072.7867
       229002732018163        2732         229       6072.7867
       229002732023311        2732         229       6072.7867
       229002732023311        2732         229       6072.7867
       229002732017403        2732         229       6657.1985
       229002732017403        2732         229       6657.1985
       229002732022312        2732         229       6657.1985
       229002732022312        2732         229       6657.1985
       229002732022331        2732         229       6657.1985
       229002732022331        2732         229       6657.1985
       229002732022386        2732         229       6657.1985
       229002732022386        2732         229       6657.1985
       229002732018204        2732         229       6657.1985
       229002732018204        2732         229       6657.1985
       229002732017375        2732         229       6657.1985
       229002732017375        2732         229       6657.1985
       229002732018106        2732         229       6657.1985
       229002732018106        2732         229       6657.1985
       229002732018111        2732         229       6657.1985
       229002732018111        2732         229       6657.1985
       229002732018114        2732         229       6657.1985
       229002732018114        2732         229       6657.1985
       229002732018123        2732         229       6657.1985
       229002732018123        2732         229       6657.1985
       229002732018137        2732         229       6657.1985
       229002732018137        2732         229       6657.1985
       229002732028043        2732         229       6657.1985
       229002732028043        2732         229       6657.1985
       229002732044197        2732         229       6657.1985
       229002732045887        2732         229       6657.1985
       229002732046022        2732         229       6657.1985
       229002732026712        2732         229       6657.1985
       229002732026712        2732         229       6657.1985
       229002732018159        2732         229       6657.1985
       229002732018159        2732         229       6657.1985
       229002732025979        2732         229       6657.1985
       229002732025979        2732         229       6657.1985
       229002732030549        2732         229       6657.1985
       229002732030549        2732         229       6657.1985
       229002732039576        2732         229       6657.1985
       229002732039576        2732         229       6657.1985
       229002732042681        2732         229       6657.1985
       229002732042681        2732         229       6657.1985
       229002732028063        2732         229       10168.395
       229002732028063        2732         229       10168.395
       229002732042726        2732         229       10168.395
       229002732042726        2732         229       10168.395
       229002732026886        2732         229       10168.395
       229002732026886        2732         229       10168.395
       229002732017360        2732         229       10168.395
       229002732017360        2732         229       10168.395
       229002732017413        2732         229       10168.395
       229002732017413        2732         229       10168.395
       229002732017424        2732         229       10168.395
       229002732017424        2732         229       10168.395
       229002732017446        2732         229       10168.395
       229002732017446        2732         229       10168.395
       229002732018097        2732         229       10168.395
       229002732018097        2732         229       10168.395
       229002732018143        2732         229       10168.395
       229002732018143        2732         229       10168.395
       229002732017390        2732         229       10168.395
       229002732017390        2732         229       10168.395
       229002732023226        2732         229       10168.395
       229002732023226        2732         229       10168.395
       229002732023266        2732         229       10168.395
       229002732023266        2732         229       10168.395
       229002732023814        2732         229       10168.395
       229002732023814        2732         229       10168.395
       229002732023865        2732         229       10168.395
       229002732023865        2732         229       10168.395
       229002732025243        2732         229       10168.395
       229002732025243        2732         229       10168.395
       229002732025956        2732         229       10168.395
       229002732025956        2732         229       10168.395
       229002732018208        2732         229       53481.754
       229002732018208        2732         229       53481.754
       231004368000015        4368         231       47390.125
       233000376000015         376         233       8163.0000
       234020024000015       20024         234       53481.754
       235020744000015       20744         235       53481.754
       236007041000015        7041         236       6650.0000
       237000097010653          97         237       6657.1985
       237000097017994          97         237       6657.1985
       237000097013189          97         237       6657.1985
       237000097013551          97         237       6657.1985
       237000097013563          97         237       6657.1985
       237000097013591          97         237       6657.1985
       237000097017415          97         237       6657.1985
       237000097010694          97         237       6657.1985
       237000097010701          97         237       6657.1985
       237000097011233          97         237       6657.1985
       237000097011247          97         237       6657.1985
       237000097011730          97         237       6657.1985
       237000097011820          97         237       6657.1985
       237000097012571          97         237       6657.1985
       237000097012587          97         237       6657.1985
       237000097018531          97         237       6657.1985
       237000097020679          97         237       6657.1985
       237000097012600          97         237       6072.7867
       237000097003150          97         237       6.4444444
       237000097010665          97         237       10168.395
       237000097010672          97         237       10168.395
       237000097011734          97         237       10168.395
       237000097011805          97         237       10168.395
       237000097011255          97         237       10168.395
       237000097017432          97         237       10168.395
       237000097017964          97         237       10168.395
       237000097018008          97         237       10168.395
       237000097018023          97         237       10168.395
       237000097013144          97         237       10168.395
       237000097013164          97         237       10168.395
       239022558000015       22558         239       4505.2727
       243011040000015       11040         243       4505.2727
       244000097000015          97         244       4505.2727
       247022378000015       22378         247       415.20000
       247022378002531       22378         247       6657.1985
       247022378002540       22378         247       10168.395
       247022378002451       22378         247       10168.395
       248000048154429          48         248       6657.1985
       248000048152505          48         248       10168.395
       248000048152521          48         248       10168.395
       248000048152128          48         248       10168.395
       248000048152131          48         248       10168.395
       248000048152147          48         248       6657.1985
       248000048152535          48         248       6657.1985
       248000048152879          48         248       6657.1985
       248000048152883          48         248       6657.1985
       248000048152901          48         248       6072.7867
       248000048143791          48         248       22.461538
       248000048152141          48         248       75053.200
       248000048154054          48         248       10168.395
       248000048154413          48         248       10168.395
       248018407000827       18407         248       10168.395
       248018407000015       18407         248       1727.4444
       248018407000888       18407         248       6657.1985
       248018407000926       18407         248       6657.1985
       249011807029689       11807         249       235.87500
       249011807031794       11807         249       10168.395
       252012801000015       12801         252       40558.882
       258000051007735          51         258       10168.395
       258000051007786          51         258       10168.395
       258000051007380          51         258       10168.395
       258000051007704          51         258       10168.395
       258000051006734          51         258       10168.395
       258000051006610          51         258       10168.395
       258000051008973          51         258       53481.754
       258000051000015          51         258       22.461538
       258000051007992          51         258       6072.7867
       258000051006728          51         258       6657.1985
       258000051007366          51         258       6657.1985
       258000051007725          51         258       6657.1985
       258000051009029          51         258       6657.1985
       261000162000015         162         261       8163.0000
       262015819000015       15819         262       53481.754
       263002258000015        2258         263       40558.882
       263024386000015       24386         263       47390.125
       263024386000056       24386         263       6657.1985
       266001321001249        1321         266       6072.7867
       266001321000015        1321         266       1019.2500
       271011571000015       11571         271       40558.882
       279000084003862          84         279       10168.395
       279000084004682          84         279       10168.395
       279000084005040          84         279       10168.395
       279000158000015         158         279       4505.2727
       281003834000015        3834         281       75053.200
       286000033016823          33         286       53481.754
       286000033009057          33         286       53481.754
       286000033014728          33         286       53481.754
       286000033015860          33         286       10168.395
       286000033015822          33         286       10168.395
       286000033011243          33         286       10168.395
       286000033011292          33         286       10168.395
       286000033014674          33         286       10168.395
       286000033009084          33         286       10168.395
       286000033009099          33         286       10168.395
       286000033010059          33         286       10168.395
       286000033010077          33         286       10168.395
       286000033010097          33         286       10168.395
       286000033010128          33         286       10168.395
       286000033010146          33         286       10168.395
       286000033009003          33         286       10168.395
       286000033008514          33         286       10168.395
       286000033008515          33         286       10168.395
       286000033008532          33         286       10168.395
       286000033008539          33         286       10168.395
       286000033008544          33         286       10168.395
       286000033008559          33         286       10168.395
       286000033017734          33         286       24340.765
       286000033000015          33         286       6.4444444
       286000033008507          33         286       6072.7867
       286000033008488          33         286       6072.7867
       286000033008497          33         286       6657.1985
       286000033009001          33         286       6657.1985
       286000033009026          33         286       6657.1985
       286000033012076          33         286       6657.1985
       286000033014656          33         286       6657.1985
       286000033011227          33         286       6657.1985
       286000033015805          33         286       6657.1985
       286000033015848          33         286       6657.1985
       286000033016900          33         286       6657.1985
       286000033017658          33         286       6657.1985
       286000034071142          34         286       4505.2727
       292002060000015        2060         292       22.461538
       292002060009581        2060         292       6657.1985
       292002060010904        2060         292       6657.1985
       292002060010912        2060         292       6657.1985
       292002060008863        2060         292       6657.1985
       292002060011742        2060         292       10168.395
       292002060009588        2060         292       10168.395
       292002060009604        2060         292       10168.395
       292002060009625        2060         292       10168.395
       292002060010554        2060         292       10168.395
       292002060010882        2060         292       10168.395
       292002060008870        2060         292       10168.395
       293000483000057         483         293       24340.765
       296003949000015        3949         296       4505.2727
       297008926000015        8926         297       53481.754
       300003566002756        3566         300       10168.395
       300003566002885        3566         300       10168.395
       300003566000015        3566         300       415.20000
       300003566002465        3566         300       6072.7867
       300003566002461        3566         300       6657.1985
       302009550000015        9550         302       47390.125
       305000252000015         252         305       6650.0000
       305001985000015        1985         305       40558.882
       306001919000015        1919         306       24340.765
       307002204000015        2204         307       40558.882
       309022243000015       22243         309       6657.1985
       311004740000015        4740         311       47390.125
       312000676000015         676         312       16439.800
       312004890000015        4890         312       75053.200
       313010088000015       10088         313       6650.0000
       319025649000064       25649         319       59.583333
       319025649004265       25649         319       6657.1985
       319025649004425       25649         319       6657.1985
       319025649008772       25649         319       6657.1985
       319025649009000       25649         319       6657.1985
       319025649009345       25649         319       6657.1985
       319025649009815       25649         319       6657.1985
       319025649010103       25649         319       6657.1985
       319025649004123       25649         319       6657.1985
       320001062000015        1062         320       24340.765
       320001657000015        1657         320       24340.765
       323007212000015        7212         323       1727.4444
       323007362000015        7362         323       8163.0000
       323010407000015       10407         323       75053.200
       324001392000015        1392         324       75053.200
       324014450003606       14450         324       10168.395
       324014450000015       14450         324       235.87500
       324014450002390       14450         324       6072.7867
       325010369000015       10369         325       16439.800
       328011818000015       11818         328       235.87500
       328011818003360       11818         328       6657.1985
       330000114000820         114         330       6657.1985
       330000114000015         114         330       1727.4444
       330002140000015        2140         330       40558.882
       331000142000015         142         331       16439.800
       338000062012022          62         338       10168.395
       338000062011476          62         338       53481.754
       338000062009017          62         338       10168.395
       338000062009307          62         338       10168.395
       338000062000015          62         338       22.461538
       338000062009296          62         338       6072.7867
       338000062013856          62         338       6657.1985
       338000062010580          62         338       6657.1985
       338000062010597          62         338       6657.1985
       338000062011185          62         338       6657.1985
       338000062008597          62         338       6657.1985
       338000062008596          62         338       6657.1985
       338000062008584          62         338       6657.1985
       338000062008581          62         338       6657.1985
       340000636000015         636         340       24340.765
       340014206000015       14206         340       10168.395
       340021257014393       21257         340       10168.395
       340021257014392       21257         340       10168.395
       340021257014365       21257         340       10168.395
       340021257014348       21257         340       10168.395
       340021257016723       21257         340       75053.200
       340021257014975       21257         340       10168.395
       340021257015002       21257         340       10168.395
       340021257019102       21257         340       10168.395
       340021257019119       21257         340       10168.395
       340021257016254       21257         340       10168.395
       340021257015037       21257         340       10168.395
       340021257015487       21257         340       10168.395
       340021257016646       21257         340       10168.395
       340021257014412       21257         340       6657.1985
       340021257014340       21257         340       6657.1985
       340021257014294       21257         340       6657.1985
       340021257014293       21257         340       6657.1985
       340021257016224       21257         340       6657.1985
       340021257018761       21257         340       6657.1985
       340021257018778       21257         340       6657.1985
       340021257016635       21257         340       6657.1985
       340021257019160       21257         340       6657.1985
       340021257015026       21257         340       6072.7867
       340021257004400       21257         340       6.4444444
       340021257014417       21257         340       4907.1111
       345000075004192          75         345       6650.0000
       346004769000015        4769         346       53481.754
       358002128004935        2128         358       53481.754
       358002128006116        2128         358       53481.754
       358002128004921        2128         358       10168.395
       358002128004948        2128         358       10168.395
       358002128006718        2128         358       10168.395
       358002128006092        2128         358       10168.395
       358002128005535        2128         358       10168.395
       358002128000104        2128         358       22.461538
       358002128005585        2128         358       6657.1985
       358002128004919        2128         358       6657.1985
       359000103025543         103         359       6650.0000
       359012431000015       12431         359       4505.2727
       360010812000015       10812         360       40558.882
       361000206000341         206         361       24340.765
       362000197000015         197         362       4006.4286
       363001625000015        1625         363       40558.882
       365000150000015         150         365       1019.2500
       367015105000015       15105         367       24340.765
       368012498000015       12498         368       47390.125
       368015725000015       15725         368       10168.395
       369000086010438          86         369       10168.395
       369000086010462          86         369       10168.395
       369000086010479          86         369       10168.395
       369000086012046          86         369       10168.395
       369000086012065          86         369       10168.395
       369000086011801          86         369       10168.395
       369000086019384          86         369       10168.395
       369000086012644          86         369       10168.395
       369000086012688          86         369       10168.395
       369000086013090          86         369       10168.395
       369000086013126          86         369       10168.395
       369000086009805          86         369       10168.395
       369000086009826          86         369       10168.395
       369000086011258          86         369       53481.754
       369000086011284          86         369       53481.754
       369000086012087          86         369       53481.754
       369000086000015          86         369       6.4444444
       369000086010494          86         369       4907.1111
       369000086011304          86         369       6072.7867
       369000086009832          86         369       6657.1985
       369000086009818          86         369       6657.1985
       369000086009801          86         369       6657.1985
       369000086012677          86         369       6657.1985
       369000086011217          86         369       6657.1985
       369000086011223          86         369       6657.1985
       369000086011231          86         369       6657.1985
       369000086012035          86         369       6657.1985
       369000086018103          86         369       6657.1985
       369006542007110        6542         369       6657.1985
       369006542008782        6542         369       6657.1985
       369006542006869        6542         369       6657.1985
       369006542006162        6542         369       6657.1985
       369006542006141        6542         369       6657.1985
       369006542006505        6542         369       6072.7867
       369006542000015        6542         369       22.461538
       369006542006142        6542         369       10168.395
       369006542006172        6542         369       10168.395
       369006542006898        6542         369       10168.395
       369006542007100        6542         369       10168.395
       369006542009854        6542         369       10168.395
       373000167000015         167         373       1727.4444
       373000167000635         167         373       6657.1985
       373000167000631         167         373       6657.1985
       373000562000015         562         373       16439.800
       376015921000015       15921         376       47390.125
       378004368000015        4368         378       75053.200
       380000084006386          84         380       10168.395
       380000084006718          84         380       10168.395
       380000084004367          84         380       10168.395
       380000084004365          84         380       6657.1985
       380000084007454          84         380       6657.1985
       380000084000015          84         380       59.583333
       380000084005046          84         380       6072.7867
       381001475000015        1475         381       24340.765
       384000085000015          85         384       6650.0000
       387000091000015          91         387       59.583333
       387000091013388          91         387       6657.1985
       387000091006528          91         387       6657.1985
       387000091007260          91         387       6657.1985
       387000091007753          91         387       6657.1985
       387000091010509          91         387       6657.1985
       387000091006509          91         387       10168.395
       387000091006581          91         387       10168.395
       387000091006558          91         387       10168.395
       387000091006546          91         387       10168.395
       387000091006536          91         387       10168.395
       387000091010808          91         387       10168.395
       387000091006868          91         387       10168.395
       387000091006875          91         387       10168.395
       387000091007255          91         387       10168.395
       387016159006732       16159         387       10168.395
       387016159007044       16159         387       10168.395
       387016159007761       16159         387       10168.395
       387016159008104       16159         387       6657.1985
       387016159004919       16159         387       6657.1985
       387016159004917       16159         387       6657.1985
       387016159004907       16159         387       6657.1985
       387016159004901       16159         387       6657.1985
       387016159006136       16159         387       6657.1985
       387016159006307       16159         387       6657.1985
       387016159000015       16159         387       59.583333
       387016159007367       16159         387       4006.4286
       387020109000015       20109         387       53481.754
       388000049041075          49         388       53481.754
       388000049041075          49         388       53481.754
       388000049041127          49         388       53481.754
       388000049041127          49         388       53481.754
       388000049041156          49         388       53481.754
       388000049041156          49         388       53481.754
       388000049053806          49         388       53481.754
       388000049053806          49         388       53481.754
       388000049038613          49         388       53481.754
       388000049038613          49         388       53481.754
       388000049035111          49         388       53481.754
       388000049035111          49         388       53481.754
       388000049035151          49         388       53481.754
       388000049035151          49         388       53481.754
       388000049064057          49         388       53481.754
       388000049034990          49         388       10168.395
       388000049034990          49         388       10168.395
       388000049034992          49         388       10168.395
       388000049034992          49         388       10168.395
       388000049034945          49         388       10168.395
       388000049034945          49         388       10168.395
       388000049034995          49         388       10168.395
       388000049034995          49         388       10168.395
       388000049035004          49         388       10168.395
       388000049035004          49         388       10168.395
       388000049035015          49         388       10168.395
       388000049035015          49         388       10168.395
       388000049035016          49         388       10168.395
       388000049055537          49         388       10168.395
       388000049055537          49         388       10168.395
       388000049035016          49         388       10168.395
       388000049035024          49         388       10168.395
       388000049035024          49         388       10168.395
       388000049035036          49         388       10168.395
       388000049035036          49         388       10168.395
       388000049035100          49         388       10168.395
       388000049035100          49         388       10168.395
       388000049036842          49         388       10168.395
       388000049036842          49         388       10168.395
       388000049036856          49         388       10168.395
       388000049036856          49         388       10168.395
       388000049036743          49         388       10168.395
       388000049036743          49         388       10168.395
       388000049036819          49         388       10168.395
       388000049036819          49         388       10168.395
       388000049036868          49         388       10168.395
       388000049036868          49         388       10168.395
       388000049038635          49         388       10168.395
       388000049038635          49         388       10168.395
       388000049051154          49         388       10168.395
       388000049051154          49         388       10168.395
       388000049051193          49         388       10168.395
       388000049051193          49         388       10168.395
       388000049053769          49         388       10168.395
       388000049053769          49         388       10168.395
       388000049053782          49         388       10168.395
       388000049053782          49         388       10168.395
       388000049045123          49         388       10168.395
       388000049045123          49         388       10168.395
       388000049043073          49         388       10168.395
       388000049043073          49         388       10168.395
       388000049038643          49         388       10168.395
       388000049038643          49         388       10168.395
       388000049041178          49         388       10168.395
       388000049041178          49         388       10168.395
       388000049042974          49         388       10168.395
       388000049042974          49         388       10168.395
       388000049042991          49         388       10168.395
       388000049042991          49         388       10168.395
       388000049036765          49         388       10168.395
       388000049036765          49         388       10168.395
       388000049036781          49         388       10168.395
       388000049036781          49         388       10168.395
       388000049036788          49         388       10168.395
       388000049036788          49         388       10168.395
       388000049035129          49         388       10168.395
       388000049035129          49         388       10168.395
       388000049035170          49         388       10168.395
       388000049035170          49         388       10168.395
       388000049036717          49         388       10168.395
       388000049036717          49         388       10168.395
       388000049058655          49         388       10168.395
       388000049058655          49         388       10168.395
       388000049059793          49         388       10168.395
       388000049059793          49         388       10168.395
       388000049059856          49         388       10168.395
       388000049059856          49         388       10168.395
       388000049064035          49         388       10168.395
       388000049000015          49         388       2.0000000
       388000049000015          49         388       2.0000000
       388000049034965          49         388       6072.7867
       388000049034965          49         388       6072.7867
       388000049035064          49         388       6072.7867
       388000049035064          49         388       6072.7867
       388000049036804          49         388       6072.7867
       388000049036804          49         388       6072.7867
       388000049036809          49         388       6072.7867
       388000049036809          49         388       6072.7867
       388000049036811          49         388       6072.7867
       388000049036811          49         388       6072.7867
       388000049038601          49         388       6072.7867
       388000049038601          49         388       6072.7867
       388000049038663          49         388       6072.7867
       388000049038663          49         388       6072.7867
       388000049034954          49         388       6657.1985
       388000049034954          49         388       6657.1985
       388000049034964          49         388       6657.1985
       388000049034964          49         388       6657.1985
       388000049034994          49         388       6657.1985
       388000049034994          49         388       6657.1985
       388000049036761          49         388       6657.1985
       388000049036761          49         388       6657.1985
       388000049038639          49         388       6657.1985
       388000049038639          49         388       6657.1985
       388000049043011          49         388       6657.1985
       388000049043011          49         388       6657.1985
       388000049045097          49         388       6657.1985
       388000049045097          49         388       6657.1985
       388000049046669          49         388       6657.1985
       388000049046669          49         388       6657.1985
       388000049057313          49         388       6657.1985
       388000049057313          49         388       6657.1985
       388000049034934          49         388       6657.1985
       388000049034934          49         388       6657.1985
       388000049034935          49         388       6657.1985
       388000049034935          49         388       6657.1985
       388000049034969          49         388       6657.1985
       388000049034969          49         388       6657.1985
       388000049034975          49         388       6657.1985
       388000049034975          49         388       6657.1985
       388000049038608          49         388       6657.1985
       388000049038608          49         388       6657.1985
       388000049036865          49         388       6657.1985
       388000049036865          49         388       6657.1985
       388000049038574          49         388       6657.1985
       388000049038574          49         388       6657.1985
       388000049038587          49         388       6657.1985
       388000049038587          49         388       6657.1985
       388000049036817          49         388       6657.1985
       388000049036817          49         388       6657.1985
       388000049036730          49         388       6657.1985
       388000049036730          49         388       6657.1985
       388000049036834          49         388       6657.1985
       388000049036834          49         388       6657.1985
       388000049035069          49         388       6657.1985
       388000049035069          49         388       6657.1985
       388000049035074          49         388       6657.1985
       388000049035074          49         388       6657.1985
       388000049035089          49         388       6657.1985
       388000049035089          49         388       6657.1985
       393000688000119         688         393       10168.395
       393000688000015         688         393       16439.800
       393002802000015        2802         393       47390.125
       393003721000015        3721         393       75053.200
       403001090000015        1090         403       24340.765
       407000581002930         581         407       53481.754
       407000581002699         581         407       10168.395
       407000581002717         581         407       10168.395
       407000581002795         581         407       10168.395
       407000581002912         581         407       6657.1985
       407000581000015         581         407       235.87500
       408000707000015         707         408       24340.765
       408018565005362       18565         408       53481.754
       408018565005362       18565         408       53481.754
       408018565005578       18565         408       10168.395
       408018565005578       18565         408       10168.395
       408018565000015       18565         408       59.583333
       408018565000015       18565         408       59.583333
       408018565009934       18565         408       4907.1111
       408018565009934       18565         408       4907.1111
       408018565009944       18565         408       6072.7867
       408018565009944       18565         408       6072.7867
       408018565005561       18565         408       6657.1985
       408018565005561       18565         408       6657.1985
       408018565005324       18565         408       6657.1985
       408018565005324       18565         408       6657.1985
       408018565005325       18565         408       6657.1985
       408018565005325       18565         408       6657.1985
       408018565005352       18565         408       6657.1985
       408018565005352       18565         408       6657.1985
       408018565005596       18565         408       6657.1985
       408018565005596       18565         408       6657.1985
       408018565005658       18565         408       6657.1985
       408018565005658       18565         408       6657.1985
       410000082001308          82         410       8163.0000
       423012646000015       12646         423       75053.200
       425005045000015        5045         425       53481.754
       428018884000015       18884         428       47390.125
       429004673000015        4673         429       75053.200
       431022068002011       22068         431       6657.1985
       431022068001368       22068         431       6657.1985
       431022068001389       22068         431       6657.1985
       431022068001387       22068         431       6072.7867
       431022068000015       22068         431       1019.2500
       434021023000015       21023         434       1727.4444
       436017494000015       17494         436       6.4444444
       436017494022205       17494         436       6072.7867
       436017494011207       17494         436       6072.7867
       436017494009873       17494         436       6072.7867
       436017494012026       17494         436       4907.1111
       436017494009877       17494         436       6657.1985
       436017494009836       17494         436       6657.1985
       436017494009847       17494         436       6657.1985
       436017494009850       17494         436       6657.1985
       436017494009862       17494         436       6657.1985
       436017494010537       17494         436       6657.1985
       436017494011189       17494         436       6657.1985
       436017494011195       17494         436       6657.1985
       436017494019701       17494         436       6657.1985
       436017494012035       17494         436       6657.1985
       436017494011992       17494         436       6657.1985
       436017494023198       17494         436       6657.1985
       436017494028547       17494         436       6657.1985
       436017494028574       17494         436       6657.1985
       436017494011248       17494         436       6657.1985
       436017494017545       17494         436       6657.1985
       436017494011274       17494         436       53481.754
       436017494009890       17494         436       53481.754
       436017494025418       17494         436       10168.395
       436017494025512       17494         436       10168.395
       436017494025545       17494         436       10168.395
       436017494028510       17494         436       10168.395
       436017494012059       17494         436       10168.395
       436017494022225       17494         436       10168.395
       436017494017555       17494         436       10168.395
       436017494017581       17494         436       10168.395
       436017494018654       17494         436       10168.395
       436017494019276       17494         436       10168.395
       436017494011261       17494         436       10168.395
       436017494009826       17494         436       10168.395
       436017494010559       17494         436       10168.395
       436017494010515       17494         436       10168.395
       436017494010520       17494         436       10168.395
       436017494009857       17494         436       10168.395
       436017494009878       17494         436       10168.395
       436019383000015       19383         436       47390.125
       438001302000015        1302         438       24340.765
       438009652000015        9652         438       10168.395
       441000129001186         129         441       6657.1985
       441000129000015         129         441       1019.2500
       442006315000015        6315         442       75053.200
       449000088000015          88         449       16439.800
       452015400000015       15400         452       47390.125
       456000150000015         150         456       6650.0000
       456000150000159         150         456       6657.1985
       457000095005869          95         457       1727.4444
       458000532000015         532         458       8163.0000
       463000583000015         583         463       8163.0000
       463000583000152         583         463       6657.1985
       466000219000320         219         466       6657.1985
       466000219000015         219         466       4505.2727
       466010525000015       10525         466       53481.754
       467018772000015       18772         467       6657.1985
       471002548000015        2548         471       40558.882
       473000111004540         111         473       4006.4286
       474015397000015       15397         474       40558.882
       475003269000015        3269         475       75053.200
       481000792000015         792         481       24340.765
       484004050000015        4050         484       75053.200
       490000164000015         164         490       4505.2727
       495000142000015         142         495       1727.4444
       495000142001209         142         495       10168.395
       496003519000015        3519         496       47390.125
       498000151008008         151         498       10168.395
       498000151014130         151         498       10168.395
       498000151008945         151         498       10168.395
       498000151000015         151         498       22.461538
       498000151010508         151         498       4907.1111
       498000151008528         151         498       6072.7867
       498000151008931         151         498       6072.7867
       498000151012130         151         498       6072.7867
       498000151007668         151         498       6072.7867
       498000151013126         151         498       6657.1985
       498000151010516         151         498       6657.1985
       498000151010529         151         498       6657.1985
       498000151010549         151         498       6657.1985
       498000151015236         151         498       6657.1985
       498000151008024         151         498       6657.1985
       498000151008035         151         498       6657.1985
       498022284000015       22284         498       47390.125
       500000080015586          80         500       53481.754
       500000080008803          80         500       53481.754
       500000080009870          80         500       10168.395
       500000080010449          80         500       10168.395
       500000080008827          80         500       10168.395
       500000080009254          80         500       10168.395
       500000080015537          80         500       10168.395
       500000080008329          80         500       10168.395
       500000080008347          80         500       10168.395
       500000080008350          80         500       10168.395
       500000080008299          80         500       10168.395
       500000080008312          80         500       6657.1985
       500000080008324          80         500       6657.1985
       500000080012992          80         500       6657.1985
       500000080014396          80         500       6657.1985
       500000080011051          80         500       6657.1985
       500000080011075          80         500       6657.1985
       500000080011816          80         500       6657.1985
       500000080008351          80         500       6657.1985
       500000080008746          80         500       6657.1985
       500000080008757          80         500       6657.1985
       500000080008761          80         500       6657.1985
       500000080008765          80         500       6657.1985
       500000080008779          80         500       6657.1985
       500000080009268          80         500       6657.1985
       500000080010461          80         500       6072.7867
       500000080012981          80         500       6072.7867
       500000080000015          80         500       22.461538
