        1505
              13007378          13           0       5521.9497
              13007377          13           0       5521.9497
              13007363          13           0       5521.9497
              13008904          13           0       5521.9497
              13007732          13           0       5521.9497
              13007741          13           0       5521.9497
              13008360          13           0       5521.9497
              13007803          13           0       6035.6712
              13008374          13           0       7365.6475
              13008414          13           0       7365.6475
              13008886          13           0       7365.6475
              13007751          13           0       7365.6475
              13007763          13           0       7365.6475
              13011283          13           0       7365.6475
              13011314          13           0       7365.6475
              13011331          13           0       7365.6475
              13013781          13           0       7365.6475
              13007344          13           0       7365.6475
              13007331          13           0       7365.6475
              13007318          13           0       7365.6475
              13007300          13           0       7365.6475
              13008396          13           0       31781.485
         2005023000018        5023           2       45030.962
         4003637000018        3637           4       45030.962
         6000041003471          41           6       7365.6475
         6000041003507          41           6       7365.6475
         6000041003760          41           6       7365.6475
         6000041003479          41           6       5521.9497
         6000041003754          41           6       5521.9497
         6000041004200          41           6       5521.9497
         6000041000018          41           6       194.25000
         7005212000018        5212           7       31781.485
         7014660000018       14660           7       332.63636
        13000103000018         103          13       5049.1176
        13013265000018       13265          13       4089.5000
        13013265000205       13265          13       7365.6475
        13013455000018       13455          13       10520.071
        15009616000018        9616          15       1231.5000
        20000000000018           0          20       6.8000000
        20000000013710           0          20       5521.9497
        20000000013719           0          20       5521.9497
        20000000013764           0          20       5521.9497
        20000000013800           0          20       5521.9497
        20000000017421           0          20       5521.9497
        20000000017426           0          20       5521.9497
        20000000019386           0          20       5521.9497
        20000000025493           0          20       5521.9497
        20000000034661           0          20       5521.9497
        20000000019264           0          20       5521.9497
        20000000026914           0          20       5521.9497
        20000000029700           0          20       5521.9497
        20000000029756           0          20       5521.9497
        20000000014500           0          20       5521.9497
        20000000014508           0          20       5521.9497
        20000000014514           0          20       5521.9497
        20000000014563           0          20       5521.9497
        20000000016024           0          20       5521.9497
        20000000016037           0          20       5521.9497
        20000000016751           0          20       5521.9497
        20000000016765           0          20       5521.9497
        20000000016782           0          20       5521.9497
        20000000014523           0          20       5521.9497
        20000000016053           0          20       7365.6475
        20000000016064           0          20       7365.6475
        20000000016087           0          20       7365.6475
        20000000015954           0          20       7365.6475
        20000000015976           0          20       7365.6475
        20000000015997           0          20       7365.6475
        20000000014516           0          20       7365.6475
        20000000014533           0          20       7365.6475
        20000000017403           0          20       7365.6475
        20000000020389           0          20       7365.6475
        20000000021308           0          20       7365.6475
        20000000021331           0          20       7365.6475
        20000000018530           0          20       7365.6475
        20000000018594           0          20       7365.6475
        20000000018617           0          20       7365.6475
        20000000013828           0          20       7365.6475
        20000000014462           0          20       7365.6475
        20000000014470           0          20       7365.6475
        20000000013731           0          20       7365.6475
        20000000013750           0          20       7365.6475
        20000000034638           0          20       7365.6475
        20000000019280           0          20       7365.6475
        20000000019301           0          20       7365.6475
        20000000023370           0          20       7365.6475
        20000000024479           0          20       7365.6475
        20000000025542           0          20       7365.6475
        20000000022355           0          20       31781.485
        20000000034686           0          20       45030.962
        20000000013783           0          20       31781.485
        20006492000018        6492          20       5049.1176
        20009356000064        9356          20       7365.6475
        20009356000018        9356          20       45030.962
        22007770000018        7770          22       92135.429
        23003330036065        3330          23       92135.429
        23003330012602        3330          23       31781.485
        23003330032966        3330          23       31781.485
        23003330011905        3330          23       31781.485
        23003330011917        3330          23       31781.485
        23003330018053        3330          23       7365.6475
        23003330016767        3330          23       7365.6475
        23003330014564        3330          23       7365.6475
        23003330014569        3330          23       7365.6475
        23003330015626        3330          23       7365.6475
        23003330029280        3330          23       7365.6475
        23003330029301        3330          23       7365.6475
        23003330029320        3330          23       7365.6475
        23003330031314        3330          23       7365.6475
        23003330031378        3330          23       7365.6475
        23003330025387        3330          23       7365.6475
        23003330027164        3330          23       7365.6475
        23003330027178        3330          23       7365.6475
        23003330027224        3330          23       7365.6475
        23003330027251        3330          23       7365.6475
        23003330027291        3330          23       7365.6475
        23003330013534        3330          23       7365.6475
        23003330013541        3330          23       7365.6475
        23003330013562        3330          23       7365.6475
        23003330013583        3330          23       7365.6475
        23003330013588        3330          23       7365.6475
        23003330012639        3330          23       7365.6475
        23003330012577        3330          23       7365.6475
        23003330011815        3330          23       7365.6475
        23003330011929        3330          23       7365.6475
        23003330011941        3330          23       7365.6475
        23003330011961        3330          23       7365.6475
        23003330011857        3330          23       7365.6475
        23003330011875        3330          23       7365.6475
        23003330011780        3330          23       7365.6475
        23003330037105        3330          23       7365.6475
        23003330039769        3330          23       7365.6475
        23003330034534        3330          23       7365.6475
        23003330000018        3330          23       6.8000000
        23003330034504        3330          23       5521.9497
        23003330034573        3330          23       5521.9497
        23003330037031        3330          23       5521.9497
        23003330037049        3330          23       5521.9497
        23003330011757        3330          23       5521.9497
        23003330011768        3330          23       5521.9497
        23003330011770        3330          23       5521.9497
        23003330011772        3330          23       5521.9497
        23003330011836        3330          23       5521.9497
        23003330011849        3330          23       5521.9497
        23003330011808        3330          23       5521.9497
        23003330012548        3330          23       5521.9497
        23003330012555        3330          23       5521.9497
        23003330012560        3330          23       5521.9497
        23003330012564        3330          23       5521.9497
        23003330012571        3330          23       5521.9497
        23003330012591        3330          23       5521.9497
        23003330012624        3330          23       5521.9497
        23003330012662        3330          23       5521.9497
        23003330012693        3330          23       5521.9497
        23003330013530        3330          23       5521.9497
        23003330013618        3330          23       5521.9497
        23003330014519        3330          23       5521.9497
        23003330023183        3330          23       5521.9497
        23003330029238        3330          23       6035.6712
        23003330016756        3330          23       6035.6712
        23003330018005        3330          23       6035.6712
        23003330012553        3330          23       6035.6712
        23003330011901        3330          23       6035.6712
        27015609000018       15609          27       3852.8571
        28000064000018          64          28       332.63636
        28000064001366          64          28       5521.9497
        28000064001845          64          28       7365.6475
        28000064002185          64          28       7365.6475
        30012748000018       12748          30       31781.485
        31000917000018         917          31       45030.962
        32000235000018         235          32       10520.071
        32016119000223       16119          32       6035.6712
        32016119000018       16119          32       5049.1176
        34001082000018        1082          34       45030.962
        35012174000018       12174          35       92135.429
        37014518000018       14518          37       194.25000
        37014518006142       14518          37       5521.9497
        37014518003906       14518          37       7365.6475
        37014518004666       14518          37       7365.6475
        40000000024662           0          40       3852.8571
        40000812000018         812          40       45030.962
        45003746000018        3746          45       92135.429
        47002082000018        2082          47       1231.5000
        47002082000899        2082          47       7365.6475
        48000019011119          19          48       7365.6475
        48000019011133          19          48       7365.6475
        48000019011153          19          48       7365.6475
        48000019013754          19          48       7365.6475
        48000019011576          19          48       7365.6475
        48000019011591          19          48       7365.6475
        48000019011917          19          48       7365.6475
        48000019002149          19          48       15.692308
        48000019011163          19          48       5521.9497
        48000019011529          19          48       5521.9497
        48000019011543          19          48       5521.9497
        48000019011548          19          48       5521.9497
        48000019011555          19          48       5521.9497
        48000019011563          19          48       5521.9497
        48000019011112          19          48       5521.9497
        48000019011117          19          48       5521.9497
        48000019011934          19          48       5521.9497
        48000019012435          19          48       5521.9497
        48000019012801          19          48       5521.9497
        48000019012817          19          48       5521.9497
        48000019013547          19          48       5521.9497
        48000019016051          19          48       5521.9497
        48000019013295          19          48       6035.6712
        55000913000018         913          55       37189.947
        55023661000018       23661          55       7365.6475
        64001828000018        1828          64       37189.947
        68010999000183       10999          68       45030.962
        72001063000018        1063          72       37189.947
        77022334000018       22334          77       45030.962
        79016126003137       16126          79       31781.485
        79016126003147       16126          79       31781.485
        79016126002133       16126          79       7365.6475
        79016126002142       16126          79       7365.6475
        79016126002121       16126          79       7365.6475
        79016126003192       16126          79       7365.6475
        79016126003587       16126          79       7365.6475
        79016126005598       16126          79       7365.6475
        79016126002131       16126          79       5521.9497
        79016126002614       16126          79       5521.9497
        79016126002744       16126          79       5521.9497
        79016126000018       16126          79       194.25000
        81010751000018       10751          81       10520.071
        82000495000018         495          82       12512.850
        85000086001875          86          85       7365.6475
        85000086000018          86          85       332.63636
        85000086001708          86          85       5521.9497
        85000086001850          86          85       5521.9497
        85000086001862          86          85       5521.9497
        85022987000018       22987          85       31781.485
        90001127006021        1127          90       92135.429
        90001127000018        1127          90       46.666667
        90001127017044        1127          90       5521.9497
        90001127017064        1127          90       5521.9497
        90001127007181        1127          90       5521.9497
        90001127007209        1127          90       5521.9497
        90001127014135        1127          90       5521.9497
        90001127014147        1127          90       5521.9497
        90001127014186        1127          90       5521.9497
        90001127014208        1127          90       5521.9497
        90001127016317        1127          90       5521.9497
        90001127005791        1127          90       5521.9497
        90001127010544        1127          90       5521.9497
        90001127011364        1127          90       5521.9497
        90001127011382        1127          90       5521.9497
        90001127006008        1127          90       6035.6712
        90001127018559        1127          90       6035.6712
        90001127018575        1127          90       6035.6712
        90001127018600        1127          90       6035.6712
        90001127016334        1127          90       7365.6475
        90001127014159        1127          90       7365.6475
        90001127010527        1127          90       7365.6475
        90001127006016        1127          90       7365.6475
        90001127005770        1127          90       7365.6475
        90001127005815        1127          90       7365.6475
        90001127005816        1127          90       7365.6475
        90001127005982        1127          90       7365.6475
        90001127005990        1127          90       7365.6475
        90001127011398        1127          90       7365.6475
        90001127012024        1127          90       7365.6475
        90001127006553        1127          90       7365.6475
        90001127006558        1127          90       7365.6475
        90001127007062        1127          90       7365.6475
        90001127007084        1127          90       7365.6475
        90001127007108        1127          90       7365.6475
        90001130004575        1130          90       7365.6475
        90001130004116        1130          90       7365.6475
        90001130003671        1130          90       7365.6475
        90001130003860        1130          90       7365.6475
        90001130003377        1130          90       7365.6475
        90001130003383        1130          90       7365.6475
        90001130004102        1130          90       5521.9497
        90001130004561        1130          90       5521.9497
        90001130004595        1130          90       5521.9497
        90001130000018        1130          90       46.666667
        90001130003662        1130          90       5521.9497
        90025657000018       25657          90       12512.850
        92000567000018         567          92       12512.850
        92000567000078         567          92       13963.333
        92027894000018       27894          92       7365.6475
        93000108009908         108          93       7365.6475
        93000108009915         108          93       7365.6475
        93000108009182         108          93       7365.6475
        93000108008597         108          93       7365.6475
        93000108008610         108          93       7365.6475
        93000108007788         108          93       7365.6475
        93000108007803         108          93       7365.6475
        93000108007817         108          93       7365.6475
        93000108007857         108          93       7365.6475
        93000108007869         108          93       7365.6475
        93000108006656         108          93       7365.6475
        93000108006671         108          93       7365.6475
        93000108006707         108          93       7365.6475
        93000108006717         108          93       7365.6475
        93000108006726         108          93       7365.6475
        93000108006751         108          93       7365.6475
        93000108011944         108          93       7365.6475
        93000108012941         108          93       7365.6475
        93000108009959         108          93       7365.6475
        93000108010413         108          93       7365.6475
        93000108014881         108          93       7365.6475
        93000108018465         108          93       7365.6475
        93000108020534         108          93       7365.6475
        93000108010968         108          93       7365.6475
        93000108010983         108          93       7365.6475
        93000108021686         108          93       5521.9497
        93000108013949         108          93       5521.9497
        93000108009945         108          93       5521.9497
        93000108011025         108          93       5521.9497
        93000108000018         108          93       15.692308
        93000108007834         108          93       5521.9497
        93000108007842         108          93       5521.9497
        93000108008586         108          93       5521.9497
        93000108009150         108          93       5521.9497
        93000108009162         108          93       5521.9497
        93000108009171         108          93       5521.9497
        93000108009898         108          93       5521.9497
        93000108006630         108          93       5521.9497
        93000108006638         108          93       5521.9497
        93000108006641         108          93       5521.9497
        93000108008627         108          93       6035.6712
        93000108011929         108          93       6035.6712
        93000108006766         108          93       31781.485
        93000108006690         108          93       31781.485
        93000108010423         108          93       31781.485
        96000101000018         101          96       5049.1176
       100000007000018           7         100       1231.5000
       100000007000865           7         100       7365.6475
       100000007002018           7         100       7365.6475
       102002573000018        2573         102       31781.485
       108003428028815        3428         108       7365.6475
       108003428030390        3428         108       7365.6475
       108003428034383        3428         108       7365.6475
       108003428034460        3428         108       7365.6475
       108003428012227        3428         108       7365.6475
       108003428012805        3428         108       5521.9497
       108003428027036        3428         108       5521.9497
       108003428027092        3428         108       5521.9497
       108003428027866        3428         108       5521.9497
       108003428012825        3428         108       6035.6712
       108003915000018        3915         108       12512.850
       111006845000018        6845         111       12512.850
       111006997000018        6997         111       10520.071
       111007322000018        7322         111       12512.850
       112009455000018        9455         112       10520.071
       112009455000125        9455         112       5521.9497
       113000058000018          58         113       1128.8462
       113000058000601          58         113       7365.6475
       113008900000018        8900         113       7365.6475
       113013283000018       13283         113       12512.850
       114015426000018       15426         114       23445.333
       128021172000018       21172         128       7365.6475
       130000151000018         151         130       23445.333
       133000059005141          59         133       7365.6475
       133000059006044          59         133       7365.6475
       133000059004918          59         133       7365.6475
       133000059005108          59         133       7365.6475
       133000059007265          59         133       7365.6475
       133000059000018          59         133       46.666667
       133000059005131          59         133       5521.9497
       133000059004097          59         133       5521.9497
       133000059004108          59         133       5521.9497
       133000059006064          59         133       5521.9497
       133000059006079          59         133       5521.9497
       133000059006090          59         133       5521.9497
       133000059004915          59         133       6035.6712
       133001040000018        1040         133       23445.333
       136005637000018        5637         136       12512.850
       137003957000018        3957         137       3852.8571
       137006017000018        6017         137       37189.947
       142009438000018        9438         142       10520.071
       143004362000018        4362         143       12512.850
       144009946010401        9946         144       7365.6475
       144009946012916        9946         144       7365.6475
       144009946014544        9946         144       7365.6475
       144009946007454        9946         144       7365.6475
       144009946007159        9946         144       7365.6475
       144009946005869        9946         144       7365.6475
       144009946000018        9946         144       15.692308
       144009946007148        9946         144       5521.9497
       144009946005883        9946         144       5521.9497
       144009946005884        9946         144       5521.9497
       144009946005885        9946         144       5521.9497
       144009946016742        9946         144       5521.9497
       144009946008333        9946         144       5521.9497
       144009946009851        9946         144       5521.9497
       144009946009864        9946         144       5521.9497
       144009946006780        9946         144       6035.6712
       144009946007172        9946         144       31781.485
       146008064000018        8064         146       23445.333
       147002377000018        2377         147       92135.429
       150000093003187          93         150       7365.6475
       150000093004765          93         150       7365.6475
       150000093006427          93         150       5521.9497
       150000093002689          93         150       5521.9497
       150000093002706          93         150       5521.9497
       150000093002710          93         150       5521.9497
       150000093000018          93         150       194.25000
       156000065000018          65         156       4089.5000
       156000065000418          65         156       7365.6475
       163000425000018         425         163       12512.850
       164012772002165       12772         164       12512.850
       165014025000042       14025         165       7365.6475
       165014025000018       14025         165       92135.429
       167009337000018        9337         167       4089.5000
       167009337000394        9337         167       5521.9497
       168000168000018         168         168       10520.071
       168001617000044        1617         168       5521.9497
       168001617000018        1617         168       92135.429
       169001343000018        1343         169       37189.947
       169001343000098        1343         169       5521.9497
       169026157000141       26157         169       5521.9497
       169026157000018       26157         169       12512.850
       169026157000133       26157         169       7365.6475
       174000100001838         100         174       7365.6475
       174000100001911         100         174       5521.9497
       174000100000018         100         174       332.63636
       174001417000018        1417         174       23445.333
       178015584000018       15584         178       45030.962
       179004505000018        4505         179       92135.429
       181022741002085       22741         181       31781.485
       181022741001540       22741         181       7365.6475
       181022741000018       22741         181       1231.5000
       181022741001587       22741         181       6035.6712
       185015831002367       15831         185       332.63636
       185015831003382       15831         185       5521.9497
       185015831003359       15831         185       7365.6475
       185015831003912       15831         185       7365.6475
       187013287000018       13287         187       332.63636
       187013419000166       13419         187       5521.9497
       187013419000018       13419         187       10520.071
       190009407000018        9407         190       31781.485
       191029368000018       29368         191       5521.9497
       192016668006214       16668         192       5521.9497
       192016668006205       16668         192       5521.9497
       192016668008083       16668         192       5521.9497
       192016668013643       16668         192       5521.9497
       192016668000018       16668         192       15.692308
       192016668013665       16668         192       6035.6712
       192016668008098       16668         192       6035.6712
       192016668011758       16668         192       7365.6475
       192016668006471       16668         192       7365.6475
       192016668006493       16668         192       7365.6475
       192016668016005       16668         192       7365.6475
       192016668006240       16668         192       7365.6475
       192016668006221       16668         192       7365.6475
       192016668006215       16668         192       7365.6475
       192016668006193       16668         192       7365.6475
       193019441000018       19441         193       31781.485
       194000331000018         331         194       10520.071
       200018017000018       18017         200       92135.429
       202000062000901          62         202       7365.6475
       202000062000018          62         202       1128.8462
       204011660007373       11660         204       5521.9497
       204011660008874       11660         204       5521.9497
       204011660008884       11660         204       5521.9497
       204011660009999       11660         204       5521.9497
       204011660019997       11660         204       5521.9497
       204011660016600       11660         204       5521.9497
       204011660016625       11660         204       5521.9497
       204011660006754       11660         204       6035.6712
       204011660009936       11660         204       7365.6475
       204011660009959       11660         204       7365.6475
       204011660016665       11660         204       7365.6475
       204011660016684       11660         204       7365.6475
       204011660016705       11660         204       7365.6475
       204011660018343       11660         204       7365.6475
       204011660018363       11660         204       7365.6475
       204011660018402       11660         204       7365.6475
       204011660020960       11660         204       7365.6475
       204011660022006       11660         204       7365.6475
       204011660022567       11660         204       7365.6475
       204011660021023       11660         204       7365.6475
       204011660005988       11660         204       7365.6475
       204011660005978       11660         204       7365.6475
       204011660005977       11660         204       7365.6475
       204011660005963       11660         204       7365.6475
       204011660006740       11660         204       7365.6475
       204011660007394       11660         204       7365.6475
       204011660008867       11660         204       7365.6475
       204011660007356       11660         204       7365.6475
       204011660007364       11660         204       7365.6475
       204011660010010       11660         204       7365.6475
       204011660015588       11660         204       7365.6475
       204011660016590       11660         204       7365.6475
       204011660008894       11660         204       7365.6475
       204011660008907       11660         204       7365.6475
       204011660008935       11660         204       7365.6475
       204011660006756       11660         204       13963.333
       204011660008965       11660         204       92135.429
       206000103001208         103         206       7365.6475
       206000103001613         103         206       5521.9497
       206000103001636         103         206       5521.9497
       206000103003062         103         206       5521.9497
       206000103000018         103         206       332.63636
       207000692000018         692         207       12512.850
       208003779000018        3779         208       5049.1176
       210015861000018       15861         210       5521.9497
       213016157000018       16157         213       37189.947
       213022403000018       22403         213       31781.485
       217009778000018        9778         217       31781.485
       217010065000018       10065         217       92135.429
       218001650000018        1650         218       31781.485
       218005496004057        5496         218       5521.9497
       218005496004299        5496         218       5521.9497
       218005496004553        5496         218       5521.9497
       218005496003237        5496         218       5521.9497
       218005496002960        5496         218       5521.9497
       218005496000018        5496         218       46.666667
       218005496003493        5496         218       6035.6712
       218005496004787        5496         218       6035.6712
       218005496002967        5496         218       7365.6475
       219000102000041         102         219       7365.6475
       219000102000018         102         219       92135.429
       219000138003144         138         219       7365.6475
       219000138000018         138         219       194.25000
       219000138003160         138         219       5521.9497
       219000138002789         138         219       5521.9497
       219000138002922         138         219       5521.9497
       219000138003136         138         219       5521.9497
       221005603000018        5603         221       5049.1176
       221005603000246        5603         221       7365.6475
       223004095001462        4095         223       7365.6475
       223004095001444        4095         223       7365.6475
       223004095000223        4095         223       332.63636
       225000107000018         107         225       1128.8462
       225000107000790         107         225       13963.333
       225010679000018       10679         225       5521.9497
       228004999000018        4999         228       332.63636
       228004999001293        4999         228       7365.6475
       229002732013260        2732         229       7365.6475
       229002732013260        2732         229       7365.6475
       229002732013225        2732         229       7365.6475
       229002732013225        2732         229       7365.6475
       229002732013232        2732         229       7365.6475
       229002732013232        2732         229       7365.6475
       229002732012283        2732         229       7365.6475
       229002732012283        2732         229       7365.6475
       229002732013379        2732         229       7365.6475
       229002732013379        2732         229       7365.6475
       229002732013330        2732         229       7365.6475
       229002732013330        2732         229       7365.6475
       229002732013349        2732         229       7365.6475
       229002732013349        2732         229       7365.6475
       229002732013354        2732         229       7365.6475
       229002732013354        2732         229       7365.6475
       229002732014705        2732         229       7365.6475
       229002732014705        2732         229       7365.6475
       229002732017363        2732         229       7365.6475
       229002732017363        2732         229       7365.6475
       229002732017393        2732         229       7365.6475
       229002732017393        2732         229       7365.6475
       229002732017427        2732         229       7365.6475
       229002732017427        2732         229       7365.6475
       229002732018211        2732         229       7365.6475
       229002732018211        2732         229       7365.6475
       229002732018225        2732         229       7365.6475
       229002732018225        2732         229       7365.6475
       229002732018117        2732         229       7365.6475
       229002732018117        2732         229       7365.6475
       229002732014581        2732         229       7365.6475
       229002732014581        2732         229       7365.6475
       229002732012331        2732         229       7365.6475
       229002732012331        2732         229       7365.6475
       229002732012343        2732         229       7365.6475
       229002732012343        2732         229       7365.6475
       229002732012361        2732         229       7365.6475
       229002732012361        2732         229       7365.6475
       229002732012381        2732         229       7365.6475
       229002732012381        2732         229       7365.6475
       229002732012397        2732         229       7365.6475
       229002732012397        2732         229       7365.6475
       229002732012414        2732         229       7365.6475
       229002732012414        2732         229       7365.6475
       229002732012457        2732         229       7365.6475
       229002732012457        2732         229       7365.6475
       229002732012467        2732         229       7365.6475
       229002732012467        2732         229       7365.6475
       229002732042729        2732         229       7365.6475
       229002732042729        2732         229       7365.6475
       229002732023817        2732         229       7365.6475
       229002732023817        2732         229       7365.6475
       229002732023868        2732         229       7365.6475
       229002732023868        2732         229       7365.6475
       229002732025246        2732         229       7365.6475
       229002732025246        2732         229       7365.6475
       229002732025959        2732         229       7365.6475
       229002732025959        2732         229       7365.6475
       229002732025982        2732         229       7365.6475
       229002732025982        2732         229       7365.6475
       229002732000018        2732         229       3.0000000
       229002732000018        2732         229       3.0000000
       229002732012280        2732         229       5521.9497
       229002732012280        2732         229       5521.9497
       229002732012428        2732         229       5521.9497
       229002732012428        2732         229       5521.9497
       229002732012429        2732         229       5521.9497
       229002732012429        2732         229       5521.9497
       229002732012300        2732         229       5521.9497
       229002732012300        2732         229       5521.9497
       229002732012307        2732         229       5521.9497
       229002732012307        2732         229       5521.9497
       229002732012330        2732         229       5521.9497
       229002732012330        2732         229       5521.9497
       229002732012483        2732         229       5521.9497
       229002732012483        2732         229       5521.9497
       229002732013248        2732         229       5521.9497
       229002732013248        2732         229       5521.9497
       229002732014632        2732         229       5521.9497
       229002732014632        2732         229       5521.9497
       229002732014642        2732         229       5521.9497
       229002732014642        2732         229       5521.9497
       229002732014666        2732         229       5521.9497
       229002732014666        2732         229       5521.9497
       229002732013386        2732         229       5521.9497
       229002732013386        2732         229       5521.9497
       229002732018100        2732         229       5521.9497
       229002732018100        2732         229       5521.9497
       229002732018109        2732         229       5521.9497
       229002732018109        2732         229       5521.9497
       229002732018126        2732         229       5521.9497
       229002732018126        2732         229       5521.9497
       229002732018166        2732         229       5521.9497
       229002732018166        2732         229       5521.9497
       229002732022315        2732         229       5521.9497
       229002732022315        2732         229       5521.9497
       229002732022334        2732         229       5521.9497
       229002732022334        2732         229       5521.9497
       229002732023314        2732         229       5521.9497
       229002732023314        2732         229       5521.9497
       229002732028046        2732         229       5521.9497
       229002732028046        2732         229       5521.9497
       229002732030552        2732         229       5521.9497
       229002732030552        2732         229       5521.9497
       229002732039579        2732         229       5521.9497
       229002732039579        2732         229       5521.9497
       229002732044200        2732         229       5521.9497
       229002732045890        2732         229       5521.9497
       229002732046025        2732         229       5521.9497
       229002732026715        2732         229       6035.6712
       229002732026715        2732         229       6035.6712
       229002732018140        2732         229       6035.6712
       229002732018140        2732         229       6035.6712
       229002732013371        2732         229       6035.6712
       229002732013371        2732         229       6035.6712
       229002732012438        2732         229       6035.6712
       229002732012438        2732         229       6035.6712
       229002732014607        2732         229       31781.485
       229002732014607        2732         229       31781.485
       229002732013280        2732         229       31781.485
       229002732013280        2732         229       31781.485
       231004368000018        4368         231       45030.962
       233000376000018         376         233       10520.071
       234020024000018       20024         234       31781.485
       235020744000018       20744         235       31781.485
       236007041000018        7041         236       5049.1176
       237000097003153          97         237       15.692308
       237000097017435          97         237       6035.6712
       237000097009079          97         237       5521.9497
       237000097009040          97         237       5521.9497
       237000097009092          97         237       5521.9497
       237000097009107          97         237       5521.9497
       237000097009123          97         237       5521.9497
       237000097009517          97         237       5521.9497
       237000097009527          97         237       5521.9497
       237000097009530          97         237       5521.9497
       237000097010288          97         237       5521.9497
       237000097010668          97         237       5521.9497
       237000097011236          97         237       5521.9497
       237000097011808          97         237       5521.9497
       237000097012590          97         237       5521.9497
       237000097013554          97         237       5521.9497
       237000097017418          97         237       5521.9497
       237000097018534          97         237       5521.9497
       237000097020682          97         237       5521.9497
       237000097017967          97         237       7365.6475
       237000097013594          97         237       7365.6475
       237000097013167          97         237       7365.6475
       237000097011823          97         237       7365.6475
       237000097012574          97         237       7365.6475
       237000097011250          97         237       7365.6475
       237000097011737          97         237       7365.6475
       237000097010675          97         237       7365.6475
       237000097010656          97         237       7365.6475
       237000097009539          97         237       7365.6475
       237000097009564          97         237       7365.6475
       237000097010272          97         237       7365.6475
       237000097009509          97         237       7365.6475
       237000097009093          97         237       7365.6475
       237000097009043          97         237       7365.6475
       237000097009071          97         237       7365.6475
       237000097009072          97         237       7365.6475
       237000097009084          97         237       7365.6475
       239022558000018       22558         239       4089.5000
       243011040000018       11040         243       5049.1176
       244000097000018          97         244       4089.5000
       247022378000018       22378         247       332.63636
       247022378002058       22378         247       5521.9497
       247022378002340       22378         247       5521.9497
       247022378002454       22378         247       5521.9497
       247022378002534       22378         247       5521.9497
       247022378002543       22378         247       5521.9497
       248000048150599          48         248       5521.9497
       248000048150607          48         248       5521.9497
       248000048151663          48         248       5521.9497
       248000048152134          48         248       5521.9497
       248000048152538          48         248       5521.9497
       248000048150615          48         248       6035.6712
       248000048152904          48         248       5521.9497
       248000048143794          48         248       15.692308
       248000048150617          48         248       7365.6475
       248000048151055          48         248       7365.6475
       248000048151636          48         248       7365.6475
       248000048151655          48         248       7365.6475
       248000048151684          48         248       7365.6475
       248000048152886          48         248       7365.6475
       248000048152508          48         248       7365.6475
       248000048154057          48         248       7365.6475
       248000048154416          48         248       7365.6475
       248018407000018       18407         248       1128.8462
       248018407000929       18407         248       6035.6712
       248018407000802       18407         248       5521.9497
       248018407000891       18407         248       5521.9497
       249011807031671       11807         249       5521.9497
       249011807031565       11807         249       5521.9497
       249011807029692       11807         249       332.63636
       249011807031643       11807         249       7365.6475
       249011807031797       11807         249       7365.6475
       252012801000018       12801         252       37189.947
       258000051005605          51         258       31781.485
       258000051005886          51         258       7365.6475
       258000051005424          51         258       7365.6475
       258000051005438          51         258       7365.6475
       258000051005447          51         258       7365.6475
       258000051005581          51         258       7365.6475
       258000051005603          51         258       7365.6475
       258000051006737          51         258       7365.6475
       258000051007369          51         258       7365.6475
       258000051007383          51         258       7365.6475
       258000051007738          51         258       7365.6475
       258000051000018          51         258       15.692308
       258000051005402          51         258       5521.9497
       258000051005417          51         258       5521.9497
       258000051007728          51         258       5521.9497
       258000051006613          51         258       6035.6712
       258000051007995          51         258       5521.9497
       261000162000018         162         261       10520.071
       262015819000018       15819         262       31781.485
       263002258000018        2258         263       37189.947
       263024386000018       24386         263       45030.962
       263024386000059       24386         263       5521.9497
       266001321000018        1321         266       1231.5000
       271011571000018       11571         271       37189.947
       279000084004685          84         279       5521.9497
       279000084003865          84         279       7365.6475
       279000158000018         158         279       4089.5000
       281003834000018        3834         281       92135.429
       286000033006424          33         286       45030.962
       286000033016826          33         286       31781.485
       286000033006953          33         286       31781.485
       286000033000018          33         286       15.692308
       286000033011246          33         286       5521.9497
       286000033012079          33         286       5521.9497
       286000033006924          33         286       5521.9497
       286000033006928          33         286       5521.9497
       286000033006943          33         286       5521.9497
       286000033008500          33         286       5521.9497
       286000033009006          33         286       5521.9497
       286000033006370          33         286       5521.9497
       286000033006378          33         286       5521.9497
       286000033006392          33         286       5521.9497
       286000033015851          33         286       5521.9497
       286000033017661          33         286       5521.9497
       286000033006406          33         286       6035.6712
       286000033006939          33         286       6035.6712
       286000033007676          33         286       6035.6712
       286000033015808          33         286       6035.6712
       286000033006410          33         286       7365.6475
       286000033006413          33         286       7365.6475
       286000033006381          33         286       7365.6475
       286000033015863          33         286       7365.6475
       286000033015825          33         286       7365.6475
       286000033014659          33         286       7365.6475
       286000033014677          33         286       7365.6475
       286000033011295          33         286       7365.6475
       286000033007663          33         286       7365.6475
       286000033007681          33         286       7365.6475
       286000033007696          33         286       7365.6475
       286000033008491          33         286       7365.6475
       286000033009087          33         286       7365.6475
       286000033010080          33         286       7365.6475
       286000033010149          33         286       7365.6475
       286000033011230          33         286       7365.6475
       286000033008510          33         286       7365.6475
       286000033008518          33         286       7365.6475
       286000033008562          33         286       7365.6475
       286000033017737          33         286       23445.333
       286000034071145          34         286       5049.1176
       291000047003555          47         291       3852.8571
       292002060000018        2060         292       15.692308
       292002060007410        2060         292       6035.6712
       292002060007413        2060         292       5521.9497
       292002060007429        2060         292       5521.9497
       292002060007442        2060         292       5521.9497
       292002060007802        2060         292       5521.9497
       292002060008361        2060         292       5521.9497
       292002060008866        2060         292       5521.9497
       292002060009584        2060         292       5521.9497
       292002060009591        2060         292       5521.9497
       292002060009607        2060         292       7365.6475
       292002060010885        2060         292       7365.6475
       292002060010915        2060         292       7365.6475
       292002060011745        2060         292       7365.6475
       292002060007805        2060         292       7365.6475
       292002060007812        2060         292       7365.6475
       292002060008323        2060         292       7365.6475
       292002060008337        2060         292       7365.6475
       292002060008345        2060         292       7365.6475
       292002060007444        2060         292       7365.6475
       292002060007465        2060         292       7365.6475
       292002060007433        2060         292       7365.6475
       293000483000060         483         293       37189.947
       296003949000018        3949         296       5049.1176
       297008926000018        8926         297       31781.485
       300003566000018        3566         300       1231.5000
       300003566000817        3566         300       5521.9497
       300003566001822        3566         300       5521.9497
       300003566002759        3566         300       7365.6475
       302009550000018        9550         302       45030.962
       305000252000282         252         305       5521.9497
       305000252000018         252         305       5049.1176
       305001985000018        1985         305       37189.947
       306001919000018        1919         306       23445.333
       307002204000018        2204         307       37189.947
       309022243000018       22243         309       5521.9497
       311004740000018        4740         311       45030.962
       312000676000018         676         312       12512.850
       312004890000018        4890         312       92135.429
       313010088000018       10088         313       5049.1176
       319025649000067       25649         319       46.666667
       319025649009818       25649         319       5521.9497
       319025649003027       25649         319       5521.9497
       319025649004428       25649         319       5521.9497
       319025649002702       25649         319       7365.6475
       319025649009003       25649         319       7365.6475
       319025649009348       25649         319       7365.6475
       320001062000018        1062         320       12512.850
       320001657000018        1657         320       23445.333
       323007212000452        7212         323       7365.6475
       323007212000449        7212         323       5521.9497
       323007212000018        7212         323       1128.8462
       323007212000140        7212         323       31781.485
       323007362000018        7362         323       10520.071
       323010407000018       10407         323       92135.429
       324001392000018        1392         324       45030.962
       324014450000018       14450         324       194.25000
       325010369000018       10369         325       12512.850
       328011818002624       11818         328       7365.6475
       328011818000018       11818         328       194.25000
       328011818002610       11818         328       5521.9497
       330000114000477         114         330       5521.9497
       330000114000491         114         330       5521.9497
       330000114000018         114         330       1128.8462
       330002140000018        2140         330       37189.947
       331000142000018         142         331       23445.333
       338000062012025          62         338       7365.6475
       338000062009020          62         338       7365.6475
       338000062006311          62         338       7365.6475
       338000062006218          62         338       7365.6475
       338000062006281          62         338       7365.6475
       338000062005626          62         338       7365.6475
       338000062005590          62         338       7365.6475
       338000062005606          62         338       7365.6475
       338000062005562          62         338       7365.6475
       338000062000018          62         338       15.692308
       338000062005579          62         338       5521.9497
       338000062005619          62         338       5521.9497
       338000062005621          62         338       5521.9497
       338000062006198          62         338       5521.9497
       338000062006209          62         338       5521.9497
       338000062010600          62         338       6035.6712
       338000062005639          62         338       6035.6712
       338000062011188          62         338       5521.9497
       338000062013859          62         338       5521.9497
       338000062006302          62         338       5521.9497
       338000062006658          62         338       5521.9497
       338000062008587          62         338       5521.9497
       338000062010583          62         338       5521.9497
       338000062006665          62         338       31781.485
       338000111000018         111         338       4089.5000
       340000636000018         636         340       23445.333
       340014206000018       14206         340       7365.6475
       340021257015490       21257         340       7365.6475
       340021257016649       21257         340       7365.6475
       340021257016257       21257         340       7365.6475
       340021257014297       21257         340       7365.6475
       340021257014351       21257         340       7365.6475
       340021257014368       21257         340       7365.6475
       340021257012540       21257         340       7365.6475
       340021257013174       21257         340       7365.6475
       340021257013759       21257         340       7365.6475
       340021257019163       21257         340       7365.6475
       340021257012472       21257         340       7365.6475
       340021257004403       21257         340       6.8000000
       340021257012494       21257         340       5521.9497
       340021257012514       21257         340       5521.9497
       340021257012533       21257         340       5521.9497
       340021257012534       21257         340       5521.9497
       340021257013785       21257         340       5521.9497
       340021257015040       21257         340       5521.9497
       340021257016227       21257         340       5521.9497
       340021257012465       21257         340       6035.6712
       340021257016638       21257         340       6035.6712
       340021257015029       21257         340       6035.6712
       340021257019122       21257         340       5521.9497
       342014450000018       14450         342       10520.071
       345000075004195          75         345       5049.1176
       346004769000018        4769         346       31781.485
       358002128004938        2128         358       31781.485
       358002128006119        2128         358       31781.485
       358002128000107        2128         358       46.666667
       358002128003701        2128         358       5521.9497
       358002128006721        2128         358       5521.9497
       358002128005588        2128         358       5521.9497
       358002128006095        2128         358       5521.9497
       358002128003691        2128         358       7365.6475
       358002128005538        2128         358       7365.6475
       358002128003716        2128         358       7365.6475
       358002128004577        2128         358       7365.6475
       358002128004924        2128         358       7365.6475
       359000103025733         103         359       5521.9497
       359000103025546         103         359       5049.1176
       359012431000018       12431         359       4089.5000
       360010812000018       10812         360       23445.333
       361000206000344         206         361       23445.333
       362000197000018         197         362       4089.5000
       363001625000018        1625         363       37189.947
       365000150000018         150         365       1128.8462
       365000150000304         150         365       5521.9497
       367015105000018       15105         367       23445.333
       368012498000018       12498         368       45030.962
       368015725000018       15725         368       6035.6712
       369000086007344          86         369       6035.6712
       369000086008101          86         369       6035.6712
       369000086007219          86         369       5521.9497
       369000086007261          86         369       5521.9497
       369000086012038          86         369       5521.9497
       369000086012680          86         369       5521.9497
       369000086013129          86         369       5521.9497
       369000086018106          86         369       5521.9497
       369000086007341          86         369       5521.9497
       369000086008924          86         369       5521.9497
       369000086009808          86         369       5521.9497
       369000086010482          86         369       5521.9497
       369000086011226          86         369       5521.9497
       369000086009829          86         369       5521.9497
       369000086000018          86         369       6.8000000
       369000086012691          86         369       7365.6475
       369000086013093          86         369       7365.6475
       369000086012049          86         369       7365.6475
       369000086007281          86         369       7365.6475
       369000086007299          86         369       7365.6475
       369000086007310          86         369       7365.6475
       369000086007241          86         369       7365.6475
       369000086007251          86         369       7365.6475
       369000086007260          86         369       7365.6475
       369000086008889          86         369       7365.6475
       369000086008911          86         369       7365.6475
       369000086008079          86         369       7365.6475
       369000086009821          86         369       7365.6475
       369000086008931          86         369       7365.6475
       369000086008967          86         369       7365.6475
       369000086011804          86         369       7365.6475
       369000086010441          86         369       7365.6475
       369000086010465          86         369       7365.6475
       369000086011234          86         369       7365.6475
       369000086019387          86         369       7365.6475
       369000086007264          86         369       31781.485
       369000086012090          86         369       31781.485
       369000086011261          86         369       31781.485
       369000086011287          86         369       31781.485
       369006542005654        6542         369       31781.485
       369006542004957        6542         369       31781.485
       369006542005311        6542         369       7365.6475
       369006542005322        6542         369       7365.6475
       369006542005339        6542         369       7365.6475
       369006542004942        6542         369       7365.6475
       369006542006145        6542         369       7365.6475
       369006542006165        6542         369       7365.6475
       369006542006175        6542         369       7365.6475
       369006542006872        6542         369       7365.6475
       369006542000018        6542         369       15.692308
       369006542005364        6542         369       5521.9497
       369006542005304        6542         369       5521.9497
       369006542004928        6542         369       5521.9497
       369006542004935        6542         369       5521.9497
       369006542008785        6542         369       5521.9497
       369006542005681        6542         369       5521.9497
       373000167000471         167         373       6035.6712
       373000167000638         167         373       6035.6712
       373000167000018         167         373       1128.8462
       373000562000018         562         373       12512.850
       376015921000018       15921         376       37189.947
       378004368000018        4368         378       45030.962
       380000084004370          84         380       7365.6475
       380000084003837          84         380       7365.6475
       380000084000018          84         380       46.666667
       380000084003597          84         380       5521.9497
       380000084006389          84         380       5521.9497
       380000084007457          84         380       5521.9497
       380000084003833          84         380       5521.9497
       380000084003926          84         380       5521.9497
       381001475000018        1475         381       23445.333
       384000085000018          85         384       5049.1176
       385008853000018        8853         385       37189.947
       387000091005492          91         387       31781.485
       387000091005268          91         387       31781.485
       387000091000018          91         387       46.666667
       387000091010512          91         387       5521.9497
       387000091010811          91         387       5521.9497
       387000091005955          91         387       5521.9497
       387000091005969          91         387       5521.9497
       387000091006539          91         387       5521.9497
       387000091005266          91         387       5521.9497
       387000091005975          91         387       6035.6712
       387000091005297          91         387       7365.6475
       387000091005287          91         387       7365.6475
       387000091013391          91         387       7365.6475
       387000091005488          91         387       7365.6475
       387000091006512          91         387       7365.6475
       387000091006549          91         387       7365.6475
       387000091006584          91         387       7365.6475
       387000091006871          91         387       7365.6475
       387016159004273       16159         387       7365.6475
       387016159003649       16159         387       7365.6475
       387016159006735       16159         387       7365.6475
       387016159008107       16159         387       7365.6475
       387016159004910       16159         387       6035.6712
       387016159004285       16159         387       5521.9497
       387016159004904       16159         387       5521.9497
       387016159003661       16159         387       5521.9497
       387016159003636       16159         387       5521.9497
       387016159003634       16159         387       5521.9497
       387016159003633       16159         387       5521.9497
       387016159003632       16159         387       5521.9497
       387016159007764       16159         387       5521.9497
       387016159006139       16159         387       5521.9497
       387016159006310       16159         387       5521.9497
       387016159007047       16159         387       5521.9497
       387016159000018       16159         387       46.666667
       387016159007370       16159         387       4089.5000
       387020109000018       20109         387       31781.485
       388000049025803          49         388       31781.485
       388000049025803          49         388       31781.485
       388000049025847          49         388       31781.485
       388000049025847          49         388       31781.485
       388000049025957          49         388       31781.485
       388000049025957          49         388       31781.485
       388000049025913          49         388       31781.485
       388000049025913          49         388       31781.485
       388000049025934          49         388       31781.485
       388000049025934          49         388       31781.485
       388000049030027          49         388       31781.485
       388000049030027          49         388       31781.485
       388000049030087          49         388       31781.485
       388000049030087          49         388       31781.485
       388000049030222          49         388       31781.485
       388000049030222          49         388       31781.485
       388000049025982          49         388       31781.485
       388000049025982          49         388       31781.485
       388000049030121          49         388       31781.485
       388000049030121          49         388       31781.485
       388000049064060          49         388       31781.485
       388000049041078          49         388       31781.485
       388000049041078          49         388       31781.485
       388000049041130          49         388       31781.485
       388000049041130          49         388       31781.485
       388000049041159          49         388       31781.485
       388000049041159          49         388       31781.485
       388000049053809          49         388       31781.485
       388000049053809          49         388       31781.485
       388000049035154          49         388       31781.485
       388000049035154          49         388       31781.485
       388000049036871          49         388       31781.485
       388000049036871          49         388       31781.485
       388000049025981          49         388       45030.962
       388000049025981          49         388       45030.962
       388000049035077          49         388       5521.9497
       388000049035077          49         388       5521.9497
       388000049035092          49         388       5521.9497
       388000049035092          49         388       5521.9497
       388000049035103          49         388       5521.9497
       388000049035103          49         388       5521.9497
       388000049036720          49         388       5521.9497
       388000049036720          49         388       5521.9497
       388000049036733          49         388       5521.9497
       388000049036733          49         388       5521.9497
       388000049036746          49         388       5521.9497
       388000049036746          49         388       5521.9497
       388000049036768          49         388       5521.9497
       388000049036768          49         388       5521.9497
       388000049032952          49         388       5521.9497
       388000049032952          49         388       5521.9497
       388000049036837          49         388       5521.9497
       388000049036837          49         388       5521.9497
       388000049036845          49         388       5521.9497
       388000049036845          49         388       5521.9497
       388000049036859          49         388       5521.9497
       388000049036859          49         388       5521.9497
       388000049038577          49         388       5521.9497
       388000049038577          49         388       5521.9497
       388000049038590          49         388       5521.9497
       388000049038590          49         388       5521.9497
       388000049043014          49         388       5521.9497
       388000049043014          49         388       5521.9497
       388000049046672          49         388       5521.9497
       388000049046672          49         388       5521.9497
       388000049058658          49         388       5521.9497
       388000049058658          49         388       5521.9497
       388000049059796          49         388       5521.9497
       388000049059796          49         388       5521.9497
       388000049000018          49         388      0.50000000
       388000049000018          49         388      0.50000000
       388000049064038          49         388       5521.9497
       388000049025607          49         388       5521.9497
       388000049025607          49         388       5521.9497
       388000049025610          49         388       5521.9497
       388000049025610          49         388       5521.9497
       388000049025616          49         388       5521.9497
       388000049025616          49         388       5521.9497
       388000049025704          49         388       5521.9497
       388000049025704          49         388       5521.9497
       388000049025764          49         388       5521.9497
       388000049025764          49         388       5521.9497
       388000049025821          49         388       5521.9497
       388000049025821          49         388       5521.9497
       388000049025829          49         388       5521.9497
       388000049025829          49         388       5521.9497
       388000049025894          49         388       5521.9497
       388000049025894          49         388       5521.9497
       388000049029807          49         388       5521.9497
       388000049029807          49         388       5521.9497
       388000049029793          49         388       5521.9497
       388000049029793          49         388       5521.9497
       388000049029983          49         388       5521.9497
       388000049029983          49         388       5521.9497
       388000049030150          49         388       5521.9497
       388000049030150          49         388       5521.9497
       388000049030111          49         388       5521.9497
       388000049030111          49         388       5521.9497
       388000049032694          49         388       5521.9497
       388000049032694          49         388       5521.9497
       388000049032789          49         388       5521.9497
       388000049032789          49         388       5521.9497
       388000049032877          49         388       5521.9497
       388000049032877          49         388       5521.9497
       388000049033010          49         388       5521.9497
       388000049033010          49         388       5521.9497
       388000049032675          49         388       6035.6712
       388000049032675          49         388       6035.6712
       388000049051157          49         388       6035.6712
       388000049051157          49         388       6035.6712
       388000049036807          49         388       6035.6712
       388000049036807          49         388       6035.6712
       388000049035067          49         388       6035.6712
       388000049035067          49         388       6035.6712
       388000049032712          49         388       7365.6475
       388000049032712          49         388       7365.6475
       388000049032731          49         388       7365.6475
       388000049032731          49         388       7365.6475
       388000049032771          49         388       7365.6475
       388000049032771          49         388       7365.6475
       388000049030161          49         388       7365.6475
       388000049030161          49         388       7365.6475
       388000049030197          49         388       7365.6475
       388000049030197          49         388       7365.6475
       388000049030045          49         388       7365.6475
       388000049030045          49         388       7365.6475
       388000049030057          49         388       7365.6475
       388000049030057          49         388       7365.6475
       388000049030079          49         388       7365.6475
       388000049030079          49         388       7365.6475
       388000049033021          49         388       7365.6475
       388000049033021          49         388       7365.6475
       388000049033057          49         388       7365.6475
       388000049033057          49         388       7365.6475
       388000049033087          49         388       7365.6475
       388000049033087          49         388       7365.6475
       388000049034972          49         388       7365.6475
       388000049034972          49         388       7365.6475
       388000049034978          49         388       7365.6475
       388000049034978          49         388       7365.6475
       388000049034998          49         388       7365.6475
       388000049034998          49         388       7365.6475
       388000049035007          49         388       7365.6475
       388000049035007          49         388       7365.6475
       388000049035027          49         388       7365.6475
       388000049035027          49         388       7365.6475
       388000049035039          49         388       7365.6475
       388000049035039          49         388       7365.6475
       388000049032886          49         388       7365.6475
       388000049032886          49         388       7365.6475
       388000049032909          49         388       7365.6475
       388000049032909          49         388       7365.6475
       388000049032925          49         388       7365.6475
       388000049032925          49         388       7365.6475
       388000049032814          49         388       7365.6475
       388000049032814          49         388       7365.6475
       388000049032829          49         388       7365.6475
       388000049032829          49         388       7365.6475
       388000049032850          49         388       7365.6475
       388000049032850          49         388       7365.6475
       388000049029996          49         388       7365.6475
       388000049029996          49         388       7365.6475
       388000049030005          49         388       7365.6475
       388000049030005          49         388       7365.6475
       388000049029796          49         388       7365.6475
       388000049029796          49         388       7365.6475
       388000049029803          49         388       7365.6475
       388000049029803          49         388       7365.6475
       388000049026002          49         388       7365.6475
       388000049026002          49         388       7365.6475
       388000049029783          49         388       7365.6475
       388000049029783          49         388       7365.6475
       388000049029819          49         388       7365.6475
       388000049029819          49         388       7365.6475
       388000049029835          49         388       7365.6475
       388000049029835          49         388       7365.6475
       388000049029848          49         388       7365.6475
       388000049029848          49         388       7365.6475
       388000049029864          49         388       7365.6475
       388000049029864          49         388       7365.6475
       388000049029886          49         388       7365.6475
       388000049029886          49         388       7365.6475
       388000049029890          49         388       7365.6475
       388000049029890          49         388       7365.6475
       388000049029909          49         388       7365.6475
       388000049029909          49         388       7365.6475
       388000049029922          49         388       7365.6475
       388000049029922          49         388       7365.6475
       388000049029943          49         388       7365.6475
       388000049029943          49         388       7365.6475
       388000049025955          49         388       7365.6475
       388000049025955          49         388       7365.6475
       388000049025868          49         388       7365.6475
       388000049025868          49         388       7365.6475
       388000049025872          49         388       7365.6475
       388000049025872          49         388       7365.6475
       388000049025767          49         388       7365.6475
       388000049025767          49         388       7365.6475
       388000049025775          49         388       7365.6475
       388000049025775          49         388       7365.6475
       388000049025783          49         388       7365.6475
       388000049025783          49         388       7365.6475
       388000049025706          49         388       7365.6475
       388000049025706          49         388       7365.6475
       388000049025721          49         388       7365.6475
       388000049025721          49         388       7365.6475
       388000049025737          49         388       7365.6475
       388000049025737          49         388       7365.6475
       388000049025746          49         388       7365.6475
       388000049025746          49         388       7365.6475
       388000049025623          49         388       7365.6475
       388000049025623          49         388       7365.6475
       388000049025641          49         388       7365.6475
       388000049025641          49         388       7365.6475
       388000049025646          49         388       7365.6475
       388000049025646          49         388       7365.6475
       388000049025655          49         388       7365.6475
       388000049025655          49         388       7365.6475
       388000049025670          49         388       7365.6475
       388000049025670          49         388       7365.6475
       388000049025681          49         388       7365.6475
       388000049025681          49         388       7365.6475
       388000049025696          49         388       7365.6475
       388000049025696          49         388       7365.6475
       388000049036822          49         388       7365.6475
       388000049036822          49         388       7365.6475
       388000049032980          49         388       7365.6475
       388000049032980          49         388       7365.6475
       388000049032993          49         388       7365.6475
       388000049032993          49         388       7365.6475
       388000049036784          49         388       7365.6475
       388000049036784          49         388       7365.6475
       388000049036791          49         388       7365.6475
       388000049036791          49         388       7365.6475
       388000049035114          49         388       7365.6475
       388000049035114          49         388       7365.6475
       388000049051196          49         388       7365.6475
       388000049051196          49         388       7365.6475
       388000049053785          49         388       7365.6475
       388000049053785          49         388       7365.6475
       388000049059859          49         388       7365.6475
       388000049059859          49         388       7365.6475
       388000049055540          49         388       7365.6475
       388000049055540          49         388       7365.6475
       388000049057316          49         388       7365.6475
       388000049057316          49         388       7365.6475
       388000049045126          49         388       7365.6475
       388000049045126          49         388       7365.6475
       388000049041181          49         388       7365.6475
       388000049041181          49         388       7365.6475
       388000049042977          49         388       7365.6475
       388000049042977          49         388       7365.6475
       388000049042994          49         388       7365.6475
       388000049042994          49         388       7365.6475
       388000049038616          49         388       7365.6475
       388000049038616          49         388       7365.6475
       388000049038646          49         388       7365.6475
       388000049038646          49         388       7365.6475
       392000900000018         900         392       12512.850
       393000688000018         688         393       23445.333
       393000688000088         688         393       7365.6475
       393002802000018        2802         393       45030.962
       393003721000018        3721         393       92135.429
       403001090000018        1090         403       23445.333
       407000581002499         581         407       7365.6475
       407000581002149         581         407       6035.6712
       407000581002134         581         407       5521.9497
       407000581002141         581         407       5521.9497
       407000581002513         581         407       5521.9497
       407000581002702         581         407       5521.9497
       407000581002720         581         407       5521.9497
       407000581002798         581         407       5521.9497
       407000581002915         581         407       5521.9497
       407000581000018         581         407       194.25000
       407000581002151         581         407       31781.485
       407000581002933         581         407       31781.485
       408000707000018         707         408       23445.333
       408018565005581       18565         408       7365.6475
       408018565005581       18565         408       7365.6475
       408018565005599       18565         408       7365.6475
       408018565005599       18565         408       7365.6475
       408018565002780       18565         408       7365.6475
       408018565002780       18565         408       7365.6475
       408018565002785       18565         408       7365.6475
       408018565002785       18565         408       7365.6475
       408018565002899       18565         408       7365.6475
       408018565002899       18565         408       7365.6475
       408018565004877       18565         408       7365.6475
       408018565004877       18565         408       7365.6475
       408018565004895       18565         408       7365.6475
       408018565004895       18565         408       7365.6475
       408018565005355       18565         408       7365.6475
       408018565005355       18565         408       7365.6475
       408018565000018       18565         408       46.666667
       408018565000018       18565         408       46.666667
       408018565005661       18565         408       5521.9497
       408018565005661       18565         408       5521.9497
       408018565002762       18565         408       5521.9497
       408018565002762       18565         408       5521.9497
       408018565002764       18565         408       5521.9497
       408018565002764       18565         408       5521.9497
       408018565005365       18565         408       31781.485
       408018565005365       18565         408       31781.485
       408018565002883       18565         408       31781.485
       408018565002883       18565         408       31781.485
       410000082001311          82         410       5049.1176
       423012646000018       12646         423       45030.962
       425005045000018        5045         425       31781.485
       428018884000018       18884         428       92135.429
       429000104002766         104         429       5521.9497
       429000104000018         104         429       46.666667
       429000104002782         104         429       7365.6475
       429000104002759         104         429       7365.6475
       429004673000018        4673         429       92135.429
       431022068000018       22068         431       1128.8462
       431022068001392       22068         431       5521.9497
       434021023000018       21023         434       1128.8462
       436017494000018       17494         436       6.8000000
       436017494007785       17494         436       5521.9497
       436017494007795       17494         436       5521.9497
       436017494007803       17494         436       5521.9497
       436017494007812       17494         436       5521.9497
       436017494007838       17494         436       5521.9497
       436017494007841       17494         436       5521.9497
       436017494008300       17494         436       5521.9497
       436017494008312       17494         436       5521.9497
       436017494009261       17494         436       5521.9497
       436017494009267       17494         436       5521.9497
       436017494012062       17494         436       5521.9497
       436017494017548       17494         436       5521.9497
       436017494028550       17494         436       5521.9497
       436017494018657       17494         436       5521.9497
       436017494019279       17494         436       5521.9497
       436017494019704       17494         436       5521.9497
       436017494009313       17494         436       5521.9497
       436017494009829       17494         436       5521.9497
       436017494009853       17494         436       5521.9497
       436017494009881       17494         436       5521.9497
       436017494011198       17494         436       5521.9497
       436017494011251       17494         436       5521.9497
       436017494008328       17494         436       6035.6712
       436017494007805       17494         436       6035.6712
       436017494007811       17494         436       6035.6712
       436017494008346       17494         436       7365.6475
       436017494009270       17494         436       7365.6475
       436017494009281       17494         436       7365.6475
       436017494009289       17494         436       7365.6475
       436017494010518       17494         436       6035.6712
       436017494008348       17494         436       6035.6712
       436017494012029       17494         436       6035.6712
       436017494009330       17494         436       6035.6712
       436017494023201       17494         436       6035.6712
       436017494028577       17494         436       6035.6712
       436017494025421       17494         436       7365.6475
       436017494025515       17494         436       7365.6475
       436017494025548       17494         436       7365.6475
       436017494028513       17494         436       7365.6475
       436017494022208       17494         436       7365.6475
       436017494009343       17494         436       7365.6475
       436017494007778       17494         436       7365.6475
       436017494009865       17494         436       7365.6475
       436017494010523       17494         436       7365.6475
       436017494017584       17494         436       7365.6475
       436017494010540       17494         436       31781.485
       436017494011277       17494         436       31781.485
       436017494011995       17494         436       31781.485
       436017494009893       17494         436       31781.485
       436019383000018       19383         436       45030.962
       438001302000018        1302         438       37189.947
       438009652000018        9652         438       7365.6475
       441000129000786         129         441       7365.6475
       441000129000820         129         441       7365.6475
       441000129000841         129         441       7365.6475
       441000129000846         129         441       7365.6475
       441000129001189         129         441       7365.6475
       441000129000836         129         441       5521.9497
       441000129000767         129         441       5521.9497
       441000129000018         129         441       1128.8462
       442006315000018        6315         442       92135.429
       449000088000018          88         449       12512.850
       452015400000018       15400         452       45030.962
       456000150000162         150         456       5521.9497
       456000150000018         150         456       5049.1176
       457000095005872          95         457       1128.8462
       457000163000018         163         457       3852.8571
       458000532000018         532         458       12512.850
       463000583000018         583         463       10520.071
       463000583000155         583         463       5521.9497
       466000219000018         219         466       4089.5000
       466000219000323         219         466       7365.6475
       466010525000018       10525         466       31781.485
       467018772000018       18772         467       5521.9497
       471002548000018        2548         471       37189.947
       473000111004543         111         473       3852.8571
       474015397000018       15397         474       37189.947
       475003269000018        3269         475       92135.429
       481000792000018         792         481       23445.333
       484004050000018        4050         484       31781.485
       490000164000018         164         490       4089.5000
       495000142000018         142         495       1128.8462
       495000142000785         142         495       7365.6475
       495000142000888         142         495       7365.6475
       495000142001212         142         495       7365.6475
       496003519000018        3519         496       45030.962
       498000151007513         151         498       7365.6475
       498000151008011         151         498       7365.6475
       498000151014133         151         498       7365.6475
       498000151010552         151         498       7365.6475
       498000151006793         151         498       7365.6475
       498000151007187         151         498       31781.485
       498000151006807         151         498       31781.485
       498000151000018         151         498       15.692308
       498000151006774         151         498       5521.9497
       498000151006782         151         498       5521.9497
       498000151008934         151         498       5521.9497
       498000151010519         151         498       5521.9497
       498000151010532         151         498       5521.9497
       498000151012133         151         498       5521.9497
       498000151013129         151         498       5521.9497
       498000151007182         151         498       6035.6712
       498022284000018       22284         498       45030.962
       500000080010464          80         500       6035.6712
       500000080007193          80         500       6035.6712
       500000080007555          80         500       5521.9497
       500000080008315          80         500       5521.9497
       500000080008327          80         500       5521.9497
       500000080008768          80         500       5521.9497
       500000080009873          80         500       5521.9497
       500000080010452          80         500       5521.9497
       500000080011078          80         500       5521.9497
       500000080012995          80         500       5521.9497
       500000080007187          80         500       5521.9497
       500000080007189          80         500       5521.9497
       500000080007214          80         500       5521.9497
       500000080000018          80         500       15.692308
       500000080008806          80         500       31781.485
       500000080015589          80         500       31781.485
       500000080007215          80         500       31781.485
       500000080011054          80         500       7365.6475
       500000080014399          80         500       7365.6475
       500000080008332          80         500       7365.6475
       500000080007560          80         500       7365.6475
       500000080008302          80         500       7365.6475
       500000080007226          80         500       7365.6475
       500000080007534          80         500       7365.6475
       500000080008830          80         500       7365.6475
       500000080009257          80         500       7365.6475
       500000080007195          80         500       7365.6475
       503000202002983         202         503       3852.8571
       503000202003419         202         503       5521.9497
