         628
         1000064000006          64           1       4801.5000
         1003441000006        3441           1       54995.579
         1013778000006       13778           1       29749.348
         2010276000006       10276           2       139499.95
         3006571000006        6571           3       13683.661
         9000007006380           7           9       13683.661
         9000007000006           7           9       134.62500
         9000007007491           7           9       29749.348
         9000007006949           7           9       13683.661
        10000036027060          36          10       15344.410
        10000036028434          36          10       29749.348
        10000036027061          36          10       29749.348
        10000036027078          36          10       90315.263
        10000036004458          36          10       25.666667
        10000036027057          36          10       13683.661
        10000036027054          36          10       13683.661
        12000053009633          53          12       13683.661
        12000053005657          53          12       13683.661
        12000053000006          53          12       35.384615
        14012979000006       12979          14       54995.579
        17014231000006       14231          17       6156.6250
        17016472000006       16472          17       37632.000
        20000000034674           0          20       54995.579
        20000000028171           0          20       29749.348
        20000000028171           0          20       29749.348
        20000000034598           0          20       29749.348
        20000000034626           0          20       29749.348
        20000000034649           0          20       29749.348
        20000000029708           0          20       29749.348
        20000000025530           0          20       29749.348
        20000000025530           0          20       29749.348
        20000000025599           0          20       29749.348
        20000000025599           0          20       29749.348
        20000000026833           0          20       29749.348
        20000000026833           0          20       29749.348
        20000000026850           0          20       29749.348
        20000000026850           0          20       29749.348
        20000000025443           0          20       29749.348
        20000000025443           0          20       29749.348
        20000000025588           0          20       15344.410
        20000000025588           0          20       15344.410
        20000000025529           0          20       15344.410
        20000000025529           0          20       15344.410
        20000000025507           0          20       15344.410
        20000000025507           0          20       15344.410
        20000000000006           0          20       3.2000000
        20000000000006           0          20       3.2000000
        20000000026902           0          20       13683.661
        20000000026902           0          20       13683.661
        20000000028205           0          20       13683.661
        20000000028205           0          20       13683.661
        20000000029646           0          20       13683.661
        20000000029665           0          20       13683.661
        20000000029688           0          20       13683.661
        20000000029732           0          20       13683.661
        20000000029744           0          20       13683.661
        20000000029770           0          20       13683.661
        20000000025481           0          20       13683.661
        20000000025481           0          20       13683.661
        20000000025496           0          20       13683.661
        20000000025496           0          20       13683.661
        20000000025515           0          20       13683.661
        20000000025515           0          20       13683.661
        20000000025555           0          20       13683.661
        20000000025555           0          20       13683.661
        20002337000006        2337          20       29749.348
        23003330032842        3330          23       15542.250
        23003330032874        3330          23       29749.348
        23003330032904        3330          23       29749.348
        23003330032843        3330          23       13683.661
        23003330032915        3330          23       13683.661
        23003330032919        3330          23       13683.661
        23003330032954        3330          23       13683.661
        23003330032976        3330          23       13683.661
        23003330000006        3330          23       1.3333333
        24001491000006        1491          24       19262.400
        26000031002489          31          26       90315.263
        28000262000006         262          28       6440.9231
        33000030000006          30          33       35.384615
        33000030011473          30          33       13683.661
        33000030011990          30          33       13683.661
        33000030010988          30          33       13683.661
        33000030010640          30          33       13683.661
        33000030012263          30          33       29749.348
        33000030010634          30          33       15344.410
        33013544000006       13544          33       19262.400
        35006966000444        6966          35       13683.661
        35006966000006        6966          35       4801.5000
        36007257000006        7257          36       1818.0000
        38016210000006       16210          38       37632.000
        41013156000006       13156          41       54995.579
        47002069009470        2069          47       29749.348
        47002069009452        2069          47       29749.348
        47002069009432        2069          47       29749.348
        47002069009420        2069          47       29749.348
        47002069009854        2069          47       13683.661
        47002069000006        2069          47       35.384615
        49013053000006       13053          49       37632.000
        50014974000006       14974          50       6440.9231
        53000143000006         143          53       4801.5000
        53006955000006        6955          53       139499.95
        60001276000006        1276          60       19262.400
        71004033000006        4033          71       139499.95
        73003362000006        3362          73       139499.95
        77021737000006       21737          77       612.62500
        78019504000006       19504          78       13683.661
        80010244001075       10244          80       13683.661
        80010244000006       10244          80       1813.3333
        81001142000006        1142          81       54995.579
        83022381000006       22381          83       90315.263
        88004902000006        4902          88       10004.000
        90001151000006        1151          90       1818.0000
        90001470000006        1470          90       10004.000
        92017789000021       17789          92       54995.579
        93000108018453         108          93       29749.348
        93000108020522         108          93       29749.348
        93000108021640         108          93       29749.348
        93000108021674         108          93       29749.348
        93000108017117         108          93       15344.410
        93000108020515         108          93       15344.410
        93000108017128         108          93       15344.410
        93000108020546         108          93       15344.410
        93000108000006         108          93       3.2000000
        93000108017114         108          93       13683.661
        93000108021632         108          93       13683.661
        93000108023000         108          93       13683.661
        93000108023009         108          93       13683.661
        93000108017127         108          93       13683.661
        93000108017140         108          93       13683.661
        93000108018477         108          93       13683.661
        93000108019728         108          93       13683.661
        97016127000006       16127          97       13683.661
        97018899011952       18899          97       13683.661
        97018899011564       18899          97       13683.661
        97018899013947       18899          97       13683.661
        97018899000100       18899          97       35.384615
        97018899013490       18899          97       15344.410
        97018899012296       18899          97       29749.348
        97018899013499       18899          97       29749.348
        97018899011554       18899          97       29749.348
       100000496000006         496         100       19262.400
       104019766096978       19766         104       270.77778
       104019766100798       19766         104       13683.661
       105006803000006        6803         105       1813.3333
       107002620000006        2620         107       37632.000
       108000112000006         112         108       6440.9231
       108003428000006        3428         108       3.2000000
       108003428000006        3428         108       3.2000000
       108003428028748        3428         108       13683.661
       108003428028748        3428         108       13683.661
       108003428028750        3428         108       13683.661
       108003428028750        3428         108       13683.661
       108003428028866        3428         108       13683.661
       108003428028866        3428         108       13683.661
       108003428030378        3428         108       13683.661
       108003428030378        3428         108       13683.661
       108003428032960        3428         108       13683.661
       108003428032960        3428         108       13683.661
       108003428034371        3428         108       13683.661
       108003428034393        3428         108       13683.661
       108003428034448        3428         108       13683.661
       108003428028765        3428         108       13683.661
       108003428028765        3428         108       13683.661
       108003428028793        3428         108       13683.661
       108003428028793        3428         108       13683.661
       108003428028824        3428         108       13683.661
       108003428028824        3428         108       13683.661
       108003428028838        3428         108       13683.661
       108003428028838        3428         108       13683.661
       108003428037510        3428         108       90315.263
       108003428034474        3428         108       29749.348
       108003428034491        3428         108       29749.348
       108003428037483        3428         108       29749.348
       108003428028803        3428         108       29749.348
       108003428028803        3428         108       29749.348
       108003428028753        3428         108       29749.348
       108003428028753        3428         108       29749.348
       108003428028842        3428         108       29749.348
       108003428028842        3428         108       29749.348
       108003428032977        3428         108       29749.348
       108003428032977        3428         108       29749.348
       108003428033004        3428         108       29749.348
       108003428033004        3428         108       29749.348
       108003428028835        3428         108       15344.410
       108003428028835        3428         108       15344.410
       108003428028751        3428         108       15344.410
       108003428028751        3428         108       15344.410
       108003428037443        3428         108       139499.95
       109000144066357         144         109       139499.95
       109000144066353         144         109       15344.410
       109000144065973         144         109       13683.661
       109000144066335         144         109       29749.348
       109000144053662         144         109       35.384615
       110010591000006       10591         110       35.384615
       110010591012421       10591         110       29749.348
       110010591011755       10591         110       13683.661
       110010591012437       10591         110       15344.410
       114014934009994       14934         114       13683.661
       114014934007179       14934         114       13683.661
       114014934007149       14934         114       13683.661
       114014934009801       14934         114       29749.348
       114014934000006       14934         114       35.384615
       114014934009798       14934         114       13683.661
       115012808000006       12808         115       10004.000
       118021499000006       21499         118       6440.9231
       118021499000241       21499         118       29749.348
       119000397000006         397         119       10004.000
       121000308000006         308         121       17913.077
       123000628000006         628         123       17913.077
       128026903000006       26903         128       29749.348
       130003564003144        3564         130       13683.661
       130003564002745        3564         130       15344.410
       130003564002747        3564         130       13683.661
       130003564000006        3564         130       270.77778
       130003804000006        3804         130       10004.000
       131004281000006        4281         131       17913.077
       135012337000006       12337         135       139499.95
       137000702000006         702         137       54995.579
       137012169000006       12169         137       139499.95
       141011083000006       11083         141       139499.95
       141011083000035       11083         141       13683.661
       143004218000006        4218         143       10004.000
       152000346000006         346         152       6440.9231
       152019433000006       19433         152       1818.0000
       158011251000006       11251         158       139499.95
       159000627000006         627         159       17913.077
       160000241000006         241         160       6440.9231
       165012344000006       12344         165       270.77778
       165012344003787       12344         165       29749.348
       169000182000277         182         169       13683.661
       169000182000006         182         169       6156.6250
       177008326000126        8326         177       134.62500
       177008326006482        8326         177       13683.661
       177008326006764        8326         177       29749.348
       177008326005965        8326         177       29749.348
       180000132000006         132         180       4801.5000
       181022796000006       22796         181       6440.9231
       182002041000006        2041         182       37632.000
       183011472000006       11472         183       10004.000
       187015061000006       15061         187       37632.000
       187015474000006       15474         187       54995.579
       190028704000006       28704         190       37632.000
       193003719000006        3719         193       90315.263
       195000114000006         114         195       1813.3333
       198000093000006          93         198       35.384615
       198000093007028          93         198       29749.348
       198000093006643          93         198       15344.410
       198000093006636          93         198       15344.410
       198000093006632          93         198       13683.661
       198000093007017          93         198       13683.661
       200016262000006       16262         200       6156.6250
       201001546000006        1546         201       90315.263
       204033117000006       33117         204       139499.95
       206027569000006       27569         206       54995.579
       207002108000006        2108         207       37632.000
       208003720000006        3720         208       6440.9231
       210004472000903        4472         210       25.666667
       210004472017766        4472         210       13683.661
       210004472017126        4472         210       29749.348
       210004472015371        4472         210       29749.348
       210004472015353        4472         210       13683.661
       216006160000006        6160         216       37632.000
       217000092001646          92         217       15344.410
       217000092001627          92         217       13683.661
       217000092000006          92         217       1818.0000
       218030191000006       30191         218       90315.263
       219000405000006         405         219       6440.9231
       225015643000072       15643         225       19262.400
       228004994014843        4994         228       270.77778
       228005063000006        5063         228       4801.5000
       229002732000006        2732         229       3.2000000
       229002732000006        2732         229       3.2000000
       229002732029139        2732         229       13683.661
       229002732029139        2732         229       13683.661
       229002732029200        2732         229       13683.661
       229002732029200        2732         229       13683.661
       229002732030540        2732         229       13683.661
       229002732030540        2732         229       13683.661
       229002732030556        2732         229       13683.661
       229002732030556        2732         229       13683.661
       229002732030579        2732         229       13683.661
       229002732030579        2732         229       13683.661
       229002732042768        2732         229       13683.661
       229002732042768        2732         229       13683.661
       229002732045878        2732         229       13683.661
       229002732045938        2732         229       13683.661
       229002732046013        2732         229       13683.661
       229002732030629        2732         229       13683.661
       229002732030629        2732         229       13683.661
       229002732030688        2732         229       13683.661
       229002732030688        2732         229       13683.661
       229002732039497        2732         229       13683.661
       229002732039497        2732         229       13683.661
       229002732039567        2732         229       13683.661
       229002732039567        2732         229       13683.661
       229002732042672        2732         229       13683.661
       229002732042672        2732         229       13683.661
       229002732030569        2732         229       15344.410
       229002732030569        2732         229       15344.410
       229002732046128        2732         229       90315.263
       229002732045901        2732         229       29749.348
       229002732044188        2732         229       29749.348
       229002732044188        2732         229       29749.348
       229002732044211        2732         229       29749.348
       229002732044211        2732         229       29749.348
       229002732030590        2732         229       29749.348
       229002732030590        2732         229       29749.348
       229002732030563        2732         229       29749.348
       229002732030563        2732         229       29749.348
       229002732029206        2732         229       29749.348
       229002732029206        2732         229       29749.348
       229002732030512        2732         229       29749.348
       229002732030512        2732         229       29749.348
       229002732029171        2732         229       29749.348
       229002732029171        2732         229       29749.348
       229002732029172        2732         229       29749.348
       229002732029172        2732         229       29749.348
       229002732042717        2732         229       29749.348
       229002732042717        2732         229       29749.348
       229002732030679        2732         229       29749.348
       229002732030679        2732         229       29749.348
       229002732029122        2732         229       29749.348
       229002732029122        2732         229       29749.348
       229003678000006        3678         229       19262.400
       230002870000006        2870         230       1813.3333
       230003341000006        3341         230       17913.077
       231002131000006        2131         231       17913.077
       233004777000006        4777         233       90315.263
       233023774000006       23774         233       54995.579
       234016490000006       16490         234       6440.9231
       235000166000006         166         235       35.384615
       235000166010605         166         235       13683.661
       235000166011402         166         235       13683.661
       235000166010604         166         235       29749.348
       235000878000006         878         235       19262.400
       237000234000006         234         237       10004.000
       239000142000006         142         239       612.62500
       244006847000006        6847         244       37632.000
       252003052000006        3052         252       139499.95
       255000502000006         502         255       10004.000
       257000103000006         103         257       1813.3333
       257000103000691         103         257       29749.348
       261007318007130        7318         261       17913.077
       264000220000006         220         264       6440.9231
       264001768000006        1768         264       54995.579
       265016813000006       16813         265       139499.95
       275000093000006          93         275       6440.9231
       282004986002072        4986         282       17913.077
       283001592005781        1592         283       270.77778
       283001592009375        1592         283       13683.661
       285006967000006        6967         285       6156.6250
       285021055000006       21055         285       13683.661
       286007484000006        7484         286       19262.400
       288000010002043          10         288       29749.348
       288000010002019          10         288       13683.661
       288000010000006          10         288       612.62500
       291002838000006        2838         291       134.62500
       291002838004243        2838         291       13683.661
       291002838003524        2838         291       13683.661
       292002060046311        2060         292       612.62500
       292002060048925        2060         292       29749.348
       297000068004322          68         297       29749.348
       297000068005249          68         297       29749.348
       297000068000006          68         297       270.77778
       297000068004490          68         297       13683.661
       301000200000006         200         301       6156.6250
       309001194000006        1194         309       4801.5000
       313000086000006          86         313       1818.0000
       313000086000999          86         313       15344.410
       314012991009236       12991         314       29749.348
       314012991000006       12991         314       35.384615
       314012991007732       12991         314       13683.661
       314012991007749       12991         314       13683.661
       314012991008220       12991         314       13683.661
       314012991008845       12991         314       13683.661
       314012991007305       12991         314       13683.661
       314012991009246       12991         314       13683.661
       314012991007300       12991         314       13683.661
       317000123000006         123         317       134.62500
       317000123004949         123         317       29749.348
       319000120009290         120         319       29749.348
       319000120000006         120         319       35.384615
       319000120008897         120         319       13683.661
       319000120008901         120         319       13683.661
       319000120009142         120         319       13683.661
       321002152000006        2152         321       612.62500
       321002152002654        2152         321       15344.410
       324000379000006         379         324       10004.000
       328011816000006       11816         328       25.666667
       328011816010388       11816         328       13683.661
       328011816010356       11816         328       13683.661
       328011816010357       11816         328       13683.661
       328011816017628       11816         328       13683.661
       328011816010892       11816         328       13683.661
       328011816016968       11816         328       13683.661
       328011816010365       11816         328       29749.348
       328011816017343       11816         328       29749.348
       328011860000006       11860         328       1813.3333
       331008905000006        8905         331       139499.95
       332014959000006       14959         332       29749.348
       340024238000006       24238         340       90315.263
       341001160000006        1160         341       37632.000
       343023732000006       23732         343       13683.661
       346000080003421          80         346       13683.661
       346000080000006          80         346       270.77778
       346000515000006         515         346       17913.077
       348000060000006          60         348       612.62500
       348011015000006       11015         348       37632.000
       349000127000006         127         349       1813.3333
       349000127000789         127         349       13683.661
       350015757000006       15757         350       139499.95
       351000142000006         142         351       35.384615
       351000142007999         142         351       15344.410
       352000114000006         114         352       6156.6250
       352000114000348         114         352       13683.661
       358018342002761       18342         358       13683.661
       358018342000006       18342         358       270.77778
       358018868000006       18868         358       19262.400
       358020096000006       20096         358       54995.579
       359015589000006       15589         359       90315.263
       362000136000006         136         362       612.62500
       362000136001931         136         362       13683.661
       362000914000006         914         362       19262.400
       366000360000263         360         366       17913.077
       367022560000006       22560         367       29749.348
       369000086018133          86         369       29749.348
       369000086019375          86         369       29749.348
       369000086014901          86         369       13683.661
       369000086015261          86         369       13683.661
       369000086018094          86         369       13683.661
       369000086018123          86         369       13683.661
       369000086014146          86         369       13683.661
       369000086014144          86         369       13683.661
       369000086000006          86         369       25.666667
       369012341000006       12341         369       90315.263
       377000548000006         548         377       17913.077
       381000155002085         155         381       15542.250
       381000155002086         155         381       29749.348
       381000155000006         155         381       612.62500
       381000155002376         155         381       13683.661
       382001355000006        1355         382       19262.400
       384012993000006       12993         384       90315.263
       387000893000006         893         387       19262.400
       387003867000006        3867         387       90315.263
       388000049064162          49         388       37632.000
       388000049064026          49         388       29749.348
       388000049064120          49         388       29749.348
       388000049055496          49         388       29749.348
       388000049055496          49         388       29749.348
       388000049055613          49         388       29749.348
       388000049055613          49         388       29749.348
       388000049057257          49         388       29749.348
       388000049057257          49         388       29749.348
       388000049057304          49         388       29749.348
       388000049057304          49         388       29749.348
       388000049057326          49         388       29749.348
       388000049057326          49         388       29749.348
       388000049059847          49         388       29749.348
       388000049059847          49         388       29749.348
       388000049063936          49         388       29749.348
       388000049055642          49         388       15542.250
       388000049055642          49         388       15542.250
       388000049055649          49         388       15344.410
       388000049055649          49         388       15344.410
       388000049055577          49         388       15344.410
       388000049055577          49         388       15344.410
       388000049055630          49         388       15344.410
       388000049055630          49         388       15344.410
       388000049055610          49         388       13683.661
       388000049055610          49         388       13683.661
       388000049055612          49         388       13683.661
       388000049055612          49         388       13683.661
       388000049055528          49         388       13683.661
       388000049055528          49         388       13683.661
       388000049055545          49         388       13683.661
       388000049055545          49         388       13683.661
       388000049055641          49         388       13683.661
       388000049055641          49         388       13683.661
       388000049064086          49         388       13683.661
       388000049057359          49         388       13683.661
       388000049057359          49         388       13683.661
       388000049058633          49         388       13683.661
       388000049058633          49         388       13683.661
       388000049058646          49         388       13683.661
       388000049058646          49         388       13683.661
       388000049059784          49         388       13683.661
       388000049059784          49         388       13683.661
       388000049057284          49         388       13683.661
       388000049057284          49         388       13683.661
       388000049000006          49         388       1.3333333
       388000049000006          49         388       1.3333333
       388000049064048          49         388       139499.95
       394004152000006        4152         394       90315.263
       398018194000006       18194         398       139499.95
       401014893000006       14893         401       90315.263
       402020107000006       20107         402       37632.000
       403001465000006        1465         403       19262.400
       403001465000048        1465         403       13683.661
       406002066010417        2066         406       13683.661
       406002066004876        2066         406       134.62500
       406002066010453        2066         406       15344.410
       406023538000006       23538         406       13683.661
       407003240000006        3240         407       54995.579
       409000108000006         108         409       1813.3333
       410000070004384          70         410       54995.579
       411000259000006         259         411       6156.6250
       411000793000006         793         411       19262.400
       415016679000006       16679         415       19262.400
       416000056019937          56         416       90315.263
       416001406000006        1406         416       19262.400
       417002100000006        2100         417       37632.000
       420002691000006        2691         420       134.62500
       420002691005413        2691         420       13683.661
       421006405000006        6405         421       1813.3333
       426000068000006          68         426       134.62500
       426000068005836          68         426       13683.661
       426000068005797          68         426       29749.348
       427000070000006          70         427       17913.077
       427001420000006        1420         427       54995.579
       429000104010199         104         429       13683.661
       429000104010209         104         429       13683.661
       429000104000006         104         429       35.384615
       429000181000006         181         429       6156.6250
       436017494000006       17494         436       3.2000000
       436017494025536       17494         436       13683.661
       436017494022161       17494         436       13683.661
       436017494022181       17494         436       13683.661
       436017494023203       17494         436       13683.661
       436017494023252       17494         436       13683.661
       436017494024726       17494         436       13683.661
       436017494028485       17494         436       13683.661
       436017494022196       17494         436       29749.348
       436017494022216       17494         436       29749.348
       436017494022239       17494         436       29749.348
       436017494028501       17494         436       29749.348
       436017494028538       17494         436       29749.348
       436017494028565       17494         436       29749.348
       436017494025409       17494         436       29749.348
       436017494025503       17494         436       29749.348
       436017494027042       17494         436       29749.348
       436017494023185       17494         436       15344.410
       436017494023189       17494         436       15344.410
       437005148030025        5148         437       15344.410
       437005148031176        5148         437       29749.348
       437005148031084        5148         437       29749.348
       437005148031105        5148         437       29749.348
       437005148028952        5148         437       29749.348
       437005148026828        5148         437       29749.348
       437005148026096        5148         437       29749.348
       437005148026126        5148         437       29749.348
       437005148026154        5148         437       29749.348
       437005148026263        5148         437       29749.348
       437005148031243        5148         437       90315.263
       437005148028982        5148         437       13683.661
       437005148031066        5148         437       13683.661
       437005148031165        5148         437       13683.661
       437005148000006        5148         437       3.2000000
       437005148026257        5148         437       13683.661
       437005148026090        5148         437       13683.661
       437005148026183        5148         437       13683.661
       437005148026217        5148         437       13683.661
       437005148026273        5148         437       13683.661
       437005148026287        5148         437       13683.661
       437005148026799        5148         437       13683.661
       437005148026813        5148         437       13683.661
       437005148026822        5148         437       13683.661
       437005148027738        5148         437       13683.661
       437005148027745        5148         437       13683.661
       437005148027756        5148         437       13683.661
       437005148027767        5148         437       13683.661
       437005148027834        5148         437       13683.661
       437005148026223        5148         437       139499.95
       444000515000006         515         444       10004.000
       444004179000006        4179         444       54995.579
       457004706000006        4706         457       90315.263
       459001153020315        1153         459       29749.348
       459001153023551        1153         459       29749.348
       459001153023592        1153         459       29749.348
       459001153019220        1153         459       15344.410
       459001153019222        1153         459       13683.661
       459001153019681        1153         459       13683.661
       459001153019671        1153         459       13683.661
       459001153000006        1153         459       25.666667
       465006205000006        6205         465       54995.579
       467000742000006         742         467       10004.000
       469003768000006        3768         469       10004.000
       469003768000109        3768         469       13683.661
       469018922000006       18922         469       13683.661
       470000877000006         877         470       17913.077
       473000104000006         104         473       134.62500
       473022274000006       22274         473       139499.95
       476000302000239         302         476       19262.400
       477005859000006        5859         477       19262.400
       479006653000006        6653         479       54995.579
       481000106002826         106         481       37632.000
       482006950000006        6950         482       139499.95
       484000288000006         288         484       6440.9231
       484000288000171         288         484       13683.661
       486000810000006         810         486       19262.400
       487000198001125         198         487       37632.000
       497003425039074        3425         497       29749.348
       497003425040387        3425         497       29749.348
       497003425033082        3425         497       13683.661
       497003425033091        3425         497       13683.661
       497003425033093        3425         497       13683.661
       497003425039086        3425         497       13683.661
       497003425034247        3425         497       13683.661
       497003425034120        3425         497       13683.661
       497003425035047        3425         497       13683.661
       497003425035065        3425         497       13683.661
       497003425035083        3425         497       13683.661
       497003425035232        3425         497       13683.661
       497003425037904        3425         497       13683.661
       497003425037929        3425         497       13683.661
       497003425037938        3425         497       13683.661
       497003425008536        3425         497       3.2000000
       501000888000214         888         501       25.666667
       501000888016524         888         501       13683.661
       501000888017065         888         501       13683.661
       501000888017044         888         501       29749.348
       501000888016529         888         501       29749.348
       501000888016556         888         501       29749.348
       501000888016481         888         501       29749.348
       503022645000006       22645         503       10004.000
       503022645000146       22645         503       13683.661
       505000086000006          86         505       270.77778
       510002513000006        2513         510       54995.579
       511003795000006        3795         511       19262.400
