        1362
           25711000038       25711           0       24485.182
         4000019000038          19           4       2348.8571
         4000019000095          19           4       6430.0000
         4000019000091          19           4       7663.6503
         4000879000038         879           4       19913.566
         6000038000135          38           6       7663.6503
         6000038000038          38           6       617.35000
         6000038000215          38           6       7663.6503
         6000038000140          38           6       8698.2860
         6000038000149          38           6       8698.2860
         6000038000154          38           6       8698.2860
         6000889000038         889           6       12668.621
         7014800000099       14800           7       16640.953
        11000080000236          80          11       8698.2860
        11000080000239          80          11       8698.2860
        11000080000242          80          11       8698.2860
        11000080000285          80          11       8698.2860
        11000080001074          80          11       8698.2860
        11000080000720          80          11       8698.2860
        11000080000388          80          11       8698.2860
        11000080001754          80          11       8698.2860
        11000080000231          80          11       6430.0000
        11000080001294          80          11       6430.0000
        11000080000038          80          11       36.892857
        11000080001302          80          11       6619.5826
        11000080001084          80          11       6619.5826
        11000080000235          80          11       6619.5826
        11000080001286          80          11       7663.6503
        11000080003218          80          11       7663.6503
        11000080001310          80          11       7663.6503
        11000080001506          80          11       7663.6503
        11000080000502          80          11       7663.6503
        11000080000730          80          11       7663.6503
        11000080000232          80          11       7663.6503
        11000080000491          80          11       19913.566
        11000080000292          80          11       19913.566
        11000080000300          80          11       24485.182
        11000080000521          80          11       24485.182
        13013547000038       13547          13       12668.621
        15009646000038        9646          15       12668.621
        15009646000048        9646          15       8698.2860
        15009646000052        9646          15       7663.6503
        15009646000060        9646          15       7663.6503
        17000083000079          83          17       6619.5826
        17000083000038          83          17       4408.5000
        17000083000067          83          17       8698.2860
        17000083000082          83          17       8698.2860
        17014121000038       14121          17       36.892857
        17014121000202       14121          17       7663.6503
        17014121000237       14121          17       7663.6503
        17014121000272       14121          17       19913.566
        20000000000677           0          20       24485.182
        20000000000677           0          20       24485.182
        20000000001137           0          20       24485.182
        20000000001137           0          20       24485.182
        20000000002675           0          20       24485.182
        20000000002675           0          20       24485.182
        20000000004383           0          20       19913.566
        20000000004383           0          20       19913.566
        20000000000432           0          20       19913.566
        20000000000432           0          20       19913.566
        20000000000479           0          20       7663.6503
        20000000000479           0          20       7663.6503
        20000000000807           0          20       7663.6503
        20000000000807           0          20       7663.6503
        20000000000816           0          20       7663.6503
        20000000000816           0          20       7663.6503
        20000000008144           0          20       7663.6503
        20000000008144           0          20       7663.6503
        20000000008694           0          20       7663.6503
        20000000002646           0          20       7663.6503
        20000000002646           0          20       7663.6503
        20000000000430           0          20       7663.6503
        20000000000430           0          20       7663.6503
        20000000000427           0          20       7663.6503
        20000000000427           0          20       7663.6503
        20000000000424           0          20       7663.6503
        20000000000424           0          20       7663.6503
        20000000000938           0          20       7663.6503
        20000000000938           0          20       7663.6503
        20000000001304           0          20       7663.6503
        20000000001304           0          20       7663.6503
        20000000000038           0          20       10.391304
        20000000000038           0          20       10.391304
        20000000000564           0          20       4408.5000
        20000000000564           0          20       4408.5000
        20000000000513           0          20       6619.5826
        20000000000513           0          20       6619.5826
        20000000003280           0          20       6619.5826
        20000000003280           0          20       6619.5826
        20000000000930           0          20       8698.2860
        20000000000930           0          20       8698.2860
        20000000000670           0          20       8698.2860
        20000000000670           0          20       8698.2860
        20000000000515           0          20       8698.2860
        20000000000515           0          20       8698.2860
        20000000000537           0          20       8698.2860
        20000000000537           0          20       8698.2860
        20000000000542           0          20       8698.2860
        20000000000542           0          20       8698.2860
        20000000000484           0          20       8698.2860
        20000000000484           0          20       8698.2860
        20000000000490           0          20       8698.2860
        20000000000490           0          20       8698.2860
        20000000000496           0          20       8698.2860
        20000000000496           0          20       8698.2860
        20000000001585           0          20       8698.2860
        20000000001585           0          20       8698.2860
        20000000002615           0          20       8698.2860
        20000000002615           0          20       8698.2860
        20000000001082           0          20       8698.2860
        20000000001082           0          20       8698.2860
        20000000000422           0          20       8698.2860
        20000000000422           0          20       8698.2860
        20000000003239           0          20       8698.2860
        20000000003239           0          20       8698.2860
        20000000009344           0          20       8698.2860
        20000000034706           0          20       8698.2860
        20000000006310           0          20       16640.953
        20000000006310           0          20       16640.953
        20000003000672           3          20       8698.2860
        20000003000367           3          20       6619.5826
        20001017000038        1017          20       7663.6503
        20001017000045        1017          20       7663.6503
        21000063000320          63          21       7663.6503
        21000063001247          63          21       7663.6503
        21000063001273          63          21       7663.6503
        21000063001343          63          21       7663.6503
        21000063000679          63          21       8698.2860
        21000063000309          63          21       8698.2860
        21000063000307          63          21       6619.5826
        21000063000414          63          21       6619.5826
        21000063000518          63          21       6430.0000
        21000063000267          63          21       19913.566
        23003330001043        3330          23       19913.566
        23003330002458        3330          23       7663.6503
        23003330004484        3330          23       7663.6503
        23003330008747        3330          23       7663.6503
        23003330010124        3330          23       8698.2860
        23003330001018        3330          23       8698.2860
        23003330001070        3330          23       8698.2860
        23003330000697        3330          23       7663.6503
        23003330000709        3330          23       7663.6503
        28000070000923          70          28       2348.8571
        29000071000038          71          29       36.892857
        29000071000542          71          29       6619.5826
        29000071000270          71          29       6619.5826
        29000071000599          71          29       6619.5826
        29000071001131          71          29       6619.5826
        29000071001258          71          29       7663.6503
        29000071001098          71          29       7663.6503
        29000071000275          71          29       7663.6503
        29000071000276          71          29       7663.6503
        29000071000635          71          29       8698.2860
        29000071005495          71          29       8698.2860
        29000071000373          71          29       8698.2860
        29000071000557          71          29       19913.566
        29000071000604          71          29       24485.182
        30004711000441        4711          30       12668.621
        34010727000047       10727          34       7663.6503
        34010727000038       10727          34       19913.566
        35000043000355          43          35       24485.182
        35000043000218          43          35       7663.6503
        35000043000223          43          35       7663.6503
        35000043000404          43          35       7663.6503
        35000043000418          43          35       7663.6503
        35000043000340          43          35       6619.5826
        35000043000189          43          35       6619.5826
        35000043000038          43          35       36.892857
        35000043000424          43          35       8698.2860
        35000043000409          43          35       8698.2860
        35000043000346          43          35       8698.2860
        35000043000193          43          35       8698.2860
        37000056000038          56          37       7015.8400
        46004578000038        4578          46       24485.182
        48000019002952          19          48       24485.182
        48000019002283          19          48       24485.182
        48000019002440          19          48       19913.566
        48000019002169          19          48       617.35000
        48000019002344          19          48       7663.6503
        48000019002392          19          48       7663.6503
        48000019002395          19          48       7663.6503
        48000019005300          19          48       7663.6503
        48000019002941          19          48       7663.6503
        48000019002497          19          48       8698.2860
        48000019003258          19          48       8698.2860
        48000019002400          19          48       8698.2860
        48000019002281          19          48       8698.2860
        48000019002292          19          48       16640.953
        48000020000293          20          48       8698.2860
        48000020000038          20          48       254.56250
        48000020000210          20          48       19913.566
        48000020000340          20          48       19913.566
        48015258000038       15258          48       24485.182
        48015258000050       15258          48       7663.6503
        50014895000179       14895          50       7663.6503
        50014895000038       14895          50       2348.8571
        50014895000086       14895          50       8698.2860
        53000305000038         305          53       19913.566
        54000604000038         604          54       24485.182
        54008052000038        8052          54       7663.6503
        54020844000038       20844          54       617.35000
        54020844000117       20844          54       8698.2860
        55000150000120         150          55       8698.2860
        55000150000162         150          55       8698.2860
        55000150000038         150          55       617.35000
        58000077004120          77          58       12668.621
        59000174000092         174          59       8698.2860
        59000174000038         174          59       4408.5000
        61005430000038        5430          61       7015.8400
        61005430000052        5430          61       8698.2860
        63002038000041        2038          63       8698.2860
        63002038000038        2038          63       7663.6503
        63014474000038       14474          63       7663.6503
        67000113000038         113          67       617.35000
        69000028000038          28          69       2348.8571
        69000028000129          28          69       6619.5826
        69000361000038         361          69       19913.566
        69000557000097         557          69       7663.6503
        69000557000085         557          69       8698.2860
        71021050001563       21050          71       8698.2860
        71021050001781       21050          71       8698.2860
        71021050001802       21050          71       8698.2860
        71021050001822       21050          71       8698.2860
        71021050002353       21050          71       8698.2860
        71021050001497       21050          71       8698.2860
        71021050001639       21050          71       8698.2860
        71021050001624       21050          71       8698.2860
        71021050001502       21050          71       19913.566
        71021050001634       21050          71       7663.6503
        71021050002368       21050          71       6619.5826
        71021050001645       21050          71       6619.5826
        71021050001230       21050          71       36.892857
        71021050001569       21050          71       19913.566
        73014235074302       14235          73       4408.5000
        73014249002421       14249          73       2348.8571
        73014249002476       14249          73       8698.2860
        73014863000038       14863          73       16640.953
        76000028018680          28          76       8698.2860
        76000028018750          28          76       7663.6503
        76000028019641          28          76       24485.182
        76000049001390          49          76       7015.8400
        76000049001414          49          76       8698.2860
        76000049001421          49          76       8698.2860
        76001684000574        1684          76       8698.2860
        76001684001344        1684          76       8698.2860
        76001684001367        1684          76       8698.2860
        76001684002463        1684          76       8698.2860
        76001684002512        1684          76       8698.2860
        76001684002981        1684          76       8698.2860
        76001684001385        1684          76       8698.2860
        76001684003589        1684          76       8698.2860
        76001684000428        1684          76       8698.2860
        76001684000512        1684          76       6619.5826
        76001684003294        1684          76       6619.5826
        76001684000087        1684          76       10.391304
        76001684001745        1684          76       7663.6503
        76001684000509        1684          76       7663.6503
        76001684001378        1684          76       7663.6503
        76001684001768        1684          76       7663.6503
        76001684000438        1684          76       7663.6503
        76001684000436        1684          76       7663.6503
        76001684000426        1684          76       7663.6503
        76001684001763        1684          76       19913.566
        78005959000038        5959          78       7663.6503
        79001209000038        1209          79       16640.953
        82021101000038       21101          82       8698.2860
        83003351000038        3351          83       7663.6503
        84001987000038        1987          84       7663.6503
        88009281000038        9281          88       8698.2860
        91000885000038         885          91       16640.953
        92000365000038         365          92       12668.621
        93000108000438         108          93       8698.2860
        93000108000438         108          93       8698.2860
        93000108000215         108          93       8698.2860
        93000108000215         108          93       8698.2860
        93000108000536         108          93       7663.6503
        93000108000536         108          93       7663.6503
        93000108000581         108          93       7663.6503
        93000108000581         108          93       7663.6503
        93000108000424         108          93       7663.6503
        93000108000424         108          93       7663.6503
        93000108000432         108          93       7663.6503
        93000108000432         108          93       7663.6503
        93000108000685         108          93       7663.6503
        93000108000685         108          93       7663.6503
        93000108000038         108          93       36.892857
        93000108000038         108          93       36.892857
        93000108000588         108          93       6619.5826
        93000108000588         108          93       6619.5826
        93000108000446         108          93       19913.566
        93000108000446         108          93       19913.566
        93000109002013         109          93       19913.566
        93000109000380         109          93       19913.566
        93000109000464         109          93       24485.182
        93000109000369         109          93       6619.5826
        93000109000375         109          93       6619.5826
        93000109001282         109          93       6619.5826
        93000109000038         109          93       36.892857
        93000109000345         109          93       7663.6503
        93000109000348         109          93       7663.6503
        93000109001297         109          93       7663.6503
        93000109001277         109          93       7663.6503
        93000109002945         109          93       7663.6503
        93000109003557         109          93       7663.6503
        93000109000291         109          93       7663.6503
        93000109000795         109          93       7663.6503
        93000109000286         109          93       8698.2860
        93000109000353         109          93       8698.2860
        93000109000360         109          93       8698.2860
        93000109000760         109          93       8698.2860
        93000109003622         109          93       8698.2860
        93000109000785         109          93       16640.953
        93000109000295         109          93       19913.566
        93000818000038         818          93       24485.182
        94021381000038       21381          94       8698.2860
        95000130002416         130          95       7015.8400
        95000416000061         416          95       6619.5826
        97000059000038          59          97       36.892857
        97000059002455          59          97       7663.6503
        97000059000397          59          97       8698.2860
        97000059000895          59          97       8698.2860
        97000059000580          59          97       19913.566
        97005263000038        5263          97       8698.2860
        98000921000038         921          98       7663.6503
        98000921000051         921          98       6619.5826
       101000106000681         106         101       6619.5826
       101000106000237         106         101       6619.5826
       101000106000038         106         101       36.892857
       101000106000396         106         101       7663.6503
       101000106000402         106         101       7663.6503
       101000106000242         106         101       7663.6503
       101000106000949         106         101       8698.2860
       101000106000963         106         101       8698.2860
       101000106000357         106         101       8698.2860
       101000106000413         106         101       16640.953
       101000106000230         106         101       19913.566
       101000106000405         106         101       19913.566
       103001723000038        1723         103       6619.5826
       103019431000038       19431         103       8698.2860
       104021634000038       21634         104       8698.2860
       105000050007715          50         105       8698.2860
       105000050007783          50         105       8698.2860
       105000050007608          50         105       8698.2860
       105000050009472          50         105       8698.2860
       105000050007959          50         105       8698.2860
       105000050007946          50         105       6619.5826
       105000050008700          50         105       6619.5826
       105000050007488          50         105       6619.5826
       105000050007281          50         105       10.391304
       105000050009390          50         105       617.35000
       105000050007039          50         105       4408.5000
       105000050009477          50         105       7663.6503
       105000050009518          50         105       7663.6503
       105000050007940          50         105       7663.6503
       105000050008238          50         105       7663.6503
       105000050007616          50         105       7663.6503
       108003428018687        3428         108       10.391304
       110011227000038       11227         110       16640.953
       111000034000038          34         111       12668.621
       113014483000038       14483         113       24485.182
       115012614061504       12614         115       24485.182
       115012712000334       12712         115       16640.953
       118001342000042        1342         118       8698.2860
       118001342000038        1342         118       24485.182
       121001538000038        1538         121       19913.566
       124000072000116          72         124       19913.566
       124000072000088          72         124       8698.2860
       124000072000038          72         124       2348.8571
       124000072000142          72         124       7663.6503
       125010247008668       10247         125       7663.6503
       125010247008670       10247         125       6619.5826
       125010247008642       10247         125       7015.8400
       125010247008674       10247         125       8698.2860
       127000159000038         159         127       4408.5000
       128008543000078        8543         128       8698.2860
       128008543000053        8543         128       19913.566
       128008543000038        8543         128       12668.621
       131000102000069         102         131       8698.2860
       131000102000038         102         131       4408.5000
       131003578000038        3578         131       254.56250
       131003578000148        3578         131       6619.5826
       131003578000144        3578         131       8698.2860
       131003578000190        3578         131       19913.566
       131026616000038       26616         131       7663.6503
       134009812000038        9812         134       24485.182
       142009151000266        9151         142       7663.6503
       142009151000038        9151         142       36.892857
       142009151000264        9151         142       8698.2860
       142009151000357        9151         142       8698.2860
       142009157000038        9157         142       10.391304
       142010352000038       10352         142       24485.182
       145006941000038        6941         145       24485.182
       146008087000038        8087         146       24485.182
       149005096000043        5096         149       7663.6503
       149005096000038        5096         149       8698.2860
       150000092002309          92         150       7663.6503
       152001755000038        1755         152       7663.6503
       154000073001844          73         154       6619.5826
       154000073001810          73         154       8698.2860
       154000073001793          73         154       12668.621
       154000073001825          73         154       12668.621
       155000356000038         356         155       16640.953
       155000356000067         356         155       7663.6503
       156010090000038       10090         156       8698.2860
       156010090000047       10090         156       8698.2860
       160000094000151          94         160       7663.6503
       160023296000057       23296         160       6619.5826
       160023296000038       23296         160       24485.182
       162021085000038       21085         162       19913.566
       162021085000054       21085         162       8698.2860
       166007104000360        7104         166       6619.5826
       168008668000038        8668         168       36.892857
       168008668000194        8668         168       7663.6503
       168008668000255        8668         168       7663.6503
       168008668000265        8668         168       7663.6503
       168008668000368        8668         168       7663.6503
       168008668000261        8668         168       8698.2860
       168008668000200        8668         168       8698.2860
       168008668000179        8668         168       8698.2860
       168009502000038        9502         168       24485.182
       169000042000038          42         169       10.391304
       172005261000045        5261         172       7663.6503
       172005261000038        5261         172       8698.2860
       173000064000247          64         173       8698.2860
       173000064000250          64         173       8698.2860
       173000064000339          64         173       8698.2860
       173000064000343          64         173       8698.2860
       173000064000167          64         173       8698.2860
       173000064000038          64         173       36.892857
       173000064000290          64         173       6619.5826
       174000095000038          95         174       10.391304
       178015186001118       15186         178       7015.8400
       181000099000038          99         181       617.35000
       181000099000102          99         181       7663.6503
       181000099000115          99         181       8698.2860
       181000099000161          99         181       8698.2860
       181000099000182          99         181       8698.2860
       185015308000151       15308         185       8698.2860
       185015308000100       15308         185       8698.2860
       185015308000142       15308         185       7663.6503
       185015308000038       15308         185       2348.8571
       186014842000038       14842         186       36.892857
       186014842000199       14842         186       7663.6503
       186014842000415       14842         186       7663.6503
       186014842000821       14842         186       7663.6503
       186014842000444       14842         186       8698.2860
       186014842000224       14842         186       8698.2860
       186014842000272       14842         186       8698.2860
       186014842000278       14842         186       8698.2860
       186014842000200       14842         186       8698.2860
       186014842000238       14842         186       19913.566
       186014842011427       14842         186       19913.566
       189001995000061        1995         189       7663.6503
       189001995000038        1995         189       7015.8400
       190004177000038        4177         190       10.391304
       190004178000038        4178         190       10.391304
       190004178000468        4178         190       6619.5826
       190004178000471        4178         190       6619.5826
       190004178000331        4178         190       7663.6503
       190004178000475        4178         190       7663.6503
       190004178000483        4178         190       7663.6503
       190004178000546        4178         190       7663.6503
       190004178000333        4178         190       19913.566
       191000123015481         123         191       8698.2860
       191000123015455         123         191       7015.8400
       191000226000101         226         191       7663.6503
       194019438000098       19438         194       7663.6503
       194019438000129       19438         194       6619.5826
       194019438000261       19438         194       6619.5826
       194019448000109       19448         194       7663.6503
       194019448000077       19448         194       7663.6503
       194019448000080       19448         194       7663.6503
       194019448000106       19448         194       8698.2860
       194019448000194       19448         194       19913.566
       194020182000038       20182         194       24485.182
       195010238000038       10238         195       8698.2860
       197000331000773         331         197       16640.953
       199000119002157         119         199       16640.953
       199000460000038         460         199       16640.953
       200000139000188         139         200       12668.621
       201001102000038        1102         201       8698.2860
       202013655000038       13655         202       12668.621
       202013696000038       13696         202       4408.5000
       204011661000038       11661         204       10.750000
       204011661017007       11661         204       254.56250
       204011661000844       11661         204       6619.5826
       204011661000994       11661         204       6619.5826
       204011661017165       11661         204       6619.5826
       204011661001024       11661         204       7663.6503
       204011661001694       11661         204       7663.6503
       204011661000752       11661         204       7663.6503
       204011661000757       11661         204       7663.6503
       204011661000762       11661         204       7663.6503
       204011661000767       11661         204       7663.6503
       204011661000771       11661         204       7663.6503
       204011661000837       11661         204       7663.6503
       204011661017483       11661         204       7663.6503
       204011661014252       11661         204       7663.6503
       204011661000630       11661         204       7663.6503
       204011661000611       11661         204       7015.8400
       204011661001193       11661         204       19913.566
       204011661002129       11661         204       19913.566
       204011661001704       11661         204       8698.2860
       204011661002101       11661         204       8698.2860
       204011661001039       11661         204       8698.2860
       204011661000749       11661         204       8698.2860
       204011661000641       11661         204       8698.2860
       204011661000634       11661         204       8698.2860
       204011661017151       11661         204       8698.2860
       204011661017153       11661         204       8698.2860
       204011661017160       11661         204       8698.2860
       204011661000848       11661         204       8698.2860
       204011661000608       11661         204       8698.2860
       204011662000458       11662         204       8698.2860
       204011662000609       11662         204       8698.2860
       204011662000583       11662         204       8698.2860
       204011662000786       11662         204       8698.2860
       204011662001073       11662         204       8698.2860
       204011662001049       11662         204       8698.2860
       204011662001060       11662         204       8698.2860
       204011662001569       11662         204       8698.2860
       204011662000551       11662         204       8698.2860
       204011662000561       11662         204       8698.2860
       204011662000564       11662         204       8698.2860
       204011662004902       11662         204       8698.2860
       204011662002187       11662         204       8698.2860
       204011662002214       11662         204       8698.2860
       204011662001999       11662         204       19913.566
       204011662002253       11662         204       19913.566
       204011662000595       11662         204       12668.621
       204011662001611       11662         204       12668.621
       204011662000453       11662         204       7663.6503
       204011662000449       11662         204       7663.6503
       204011662000547       11662         204       7663.6503
       204011662000569       11662         204       7663.6503
       204011662000571       11662         204       7663.6503
       204011662000577       11662         204       7663.6503
       204011662001587       11662         204       7663.6503
       204011662001591       11662         204       7663.6503
       204011662001068       11662         204       7663.6503
       204011662000741       11662         204       7663.6503
       204011662000753       11662         204       7663.6503
       204011662000756       11662         204       7663.6503
       204011662001542       11662         204       7663.6503
       204011662002207       11662         204       7663.6503
       204011662002009       11662         204       7663.6503
       204011662003276       11662         204       7663.6503
       204011662003632       11662         204       7663.6503
       204011662003998       11662         204       7663.6503
       204011662000038       11662         204       10.391304
       204011662001564       11662         204       6430.0000
       204011662002226       11662         204       6430.0000
       204011662004066       11662         204       19913.566
       204011662000789       11662         204       19913.566
       204011662001599       11662         204       19913.566
       204011662000579       11662         204       19913.566
       204011662001092       11662         204       24485.182
       204011662000769       11662         204       24485.182
       206027421000038       27421         206       19913.566
       210007713000157        7713         210       8698.2860
       210007713000038        7713         210       617.35000
       211008907142632        8907         211       16640.953
       211008912000567        8912         211       19913.566
       211008912000425        8912         211       8698.2860
       211008912000038        8912         211       10.391304
       211008912000496        8912         211       6619.5826
       211008912000512        8912         211       6619.5826
       211008912000504        8912         211       7663.6503
       211008912000491        8912         211       7663.6503
       211008912000282        8912         211       7663.6503
       211008913006766        8913         211       7015.8400
       211008913006795        8913         211       8698.2860
       213015178000038       15178         213       8698.2860
       213015178000047       15178         213       8698.2860
       214009788000038        9788         214       16640.953
       217000086000290          86         217       8698.2860
       217000086000038          86         217       617.35000
       218000064000038          64         218       36.892857
       218000064001022          64         218       6619.5826
       218000064000877          64         218       6619.5826
       218000064000290          64         218       7663.6503
       218000064001920          64         218       7663.6503
       218000064006121          64         218       7663.6503
       218000064007092          64         218       7663.6503
       218000064001019          64         218       7663.6503
       218000064000247          64         218       8698.2860
       218000064007806          64         218       8698.2860
       218000064000885          64         218       8698.2860
       218000064000261          64         218       16640.953
       218000064006112          64         218       16640.953
       218000064001010          64         218       19913.566
       218000064000295          64         218       24485.182
       221005427000309        5427         221       19913.566
       221005427000172        5427         221       8698.2860
       221005427000122        5427         221       7663.6503
       221005427000313        5427         221       7663.6503
       221005427000317        5427         221       7663.6503
       223000420000038         420         223       12668.621
       226005229000038        5229         226       7663.6503
       227000140001026         140         227       12668.621
       227011755000857       11755         227       8698.2860
       227011755000412       11755         227       8698.2860
       227011755000807       11755         227       7663.6503
       229002732007292        2732         229       7663.6503
       229002732007292        2732         229       7663.6503
       229002732007295        2732         229       7663.6503
       229002732007295        2732         229       7663.6503
       229002732009642        2732         229       6619.5826
       229002732009642        2732         229       6619.5826
       229002732007284        2732         229       24485.182
       229002732007284        2732         229       24485.182
       230002839003042        2839         230       10.391304
       230006253000038        6253         230       7663.6503
       231001073000066        1073         231       7663.6503
       231001073000134        1073         231       7663.6503
       231001073000038        1073         231       7015.8400
       231001147000382        1147         231       8698.2860
       231001147000366        1147         231       12668.621
       232000760000038         760         232       12668.621
       235014487005365       14487         235       4408.5000
       235014488000038       14488         235       2348.8571
       235014488000305       14488         235       7663.6503
       235014488000053       14488         235       8698.2860
       235014488000085       14488         235       8698.2860
       235014488000093       14488         235       8698.2860
       237000162000038         162         237       12668.621
       237000162000052         162         237       7663.6503
       238005507000038        5507         238       8698.2860
       241000170000092         170         241       7015.8400
       241008844000038        8844         241       36.892857
       241008844000954        8844         241       6619.5826
       241008844000209        8844         241       7663.6503
       241008844000350        8844         241       7663.6503
       241008844000497        8844         241       7663.6503
       241009265000038        9265         241       24485.182
       243010928001263       10928         243       24485.182
       243010928006458       10928         243       7663.6503
       243010928000708       10928         243       7663.6503
       243010928000361       10928         243       7663.6503
       243010928002075       10928         243       7663.6503
       243010928001269       10928         243       7663.6503
       243010928000972       10928         243       7663.6503
       243010928000979       10928         243       7663.6503
       243010928000845       10928         243       7663.6503
       243010928000858       10928         243       7663.6503
       243010928000318       10928         243       6619.5826
       243010928001218       10928         243       6619.5826
       243010928000038       10928         243       10.391304
       243010928000966       10928         243       6430.0000
       243010928000497       10928         243       8698.2860
       243010928000713       10928         243       8698.2860
       243010928003166       10928         243       19913.566
       243010928001227       10928         243       19913.566
       243010928000884       10928         243       8698.2860
       243010928001414       10928         243       8698.2860
       243010928001754       10928         243       8698.2860
       243010928002808       10928         243       8698.2860
       243010928003526       10928         243       8698.2860
       244004930066019        4930         244       7015.8400
       244004995000460        4995         244       7015.8400
       246000182000038         182         246       7015.8400
       247022406000072       22406         247       7663.6503
       247022406000088       22406         247       19913.566
       247022406000038       22406         247       12668.621
       248000048038311          48         248       19913.566
       248000048038623          48         248       19913.566
       248000048038793          48         248       19913.566
       248000048056016          48         248       8698.2860
       248000048041743          48         248       8698.2860
       248000048040271          48         248       8698.2860
       248000048038807          48         248       8698.2860
       248000048038786          48         248       8698.2860
       248000048038683          48         248       8698.2860
       248000048038301          48         248       8698.2860
       248000048038303          48         248       8698.2860
       248000048038614          48         248       7663.6503
       248000048038618          48         248       7663.6503
       248000048038626          48         248       7663.6503
       248000048038778          48         248       7663.6503
       248000048038800          48         248       7663.6503
       248000048038812          48         248       7663.6503
       248000048041711          48         248       7663.6503
       248000048038090          48         248       36.892857
       248000048041800          48         248       6619.5826
       248000048044100          48         248       6619.5826
       248000048040323          48         248       24485.182
       248000048038439          48         248       24485.182
       248019444000038       19444         248       7663.6503
       251008873000047        8873         251       6619.5826
       251008873000038        8873         251       19913.566
       258000312000038         312         258       4408.5000
       263022997000038       22997         263       24485.182
       264003635000038        3635         264       8698.2860
       264011515000038       11515         264       4408.5000
       265009395000038        9395         265       36.892857
       265009395001125        9395         265       6619.5826
       265009395001453        9395         265       7663.6503
       265009395000425        9395         265       7663.6503
       265009395000565        9395         265       7663.6503
       265009395000229        9395         265       7663.6503
       265009395000232        9395         265       7663.6503
       265009395000990        9395         265       8698.2860
       265009395000580        9395         265       19913.566
       265009395000240        9395         265       19913.566
       268001553000047        1553         268       8698.2860
       268001553000038        1553         268       24485.182
       271010635008296       10635         271       7663.6503
       271010635008305       10635         271       7663.6503
       271010635008012       10635         271       254.56250
       271011443000038       11443         271       8698.2860
       273000049018274          49         273       7015.8400
       273013124038034       13124         273       24485.182
       274011929000038       11929         274       7663.6503
       276013243000060       13243         276       7663.6503
       276013243000056       13243         276       8698.2860
       276013243000037       13243         276       12668.621
       280000083000993          83         280       8698.2860
       280000083001003          83         280       7663.6503
       280000149000048         149         280       7663.6503
       280000149000084         149         280       7663.6503
       280000149000060         149         280       8698.2860
       280000149000038         149         280       24485.182
       282004950019118        4950         282       8698.2860
       282004950019122        4950         282       8698.2860
       282004950019242        4950         282       8698.2860
       282004950019247        4950         282       8698.2860
       282004950019262        4950         282       8698.2860
       282004950020018        4950         282       8698.2860
       282004950019588        4950         282       8698.2860
       282004950019601        4950         282       8698.2860
       282004950021119        4950         282       8698.2860
       282004950020354        4950         282       8698.2860
       282004950019129        4950         282       16640.953
       282004950019283        4950         282       19913.566
       282004950019608        4950         282       7663.6503
       282004950020321        4950         282       7663.6503
       282004950020329        4950         282       7663.6503
       282004950020904        4950         282       7663.6503
       282004950019235        4950         282       7663.6503
       282004950019239        4950         282       7663.6503
       282004950019124        4950         282       7663.6503
       282004950020007        4950         282       6619.5826
       282004950020338        4950         282       6619.5826
       282004950018786        4950         282       10.391304
       282004950020000        4950         282       6430.0000
       282004955000038        4955         282       617.35000
       282004955000296        4955         282       8698.2860
       282004955000302        4955         282       8698.2860
       284000102000390         102         284       8698.2860
       284000102001523         102         284       8698.2860
       284000102000365         102         284       8698.2860
       284000102000376         102         284       8698.2860
       284000102000380         102         284       19913.566
       284000102000187         102         284       19913.566
       284000102000330         102         284       19913.566
       284000102001534         102         284       19913.566
       284000102000038         102         284       254.56250
       284000102001510         102         284       6619.5826
       284000102001489         102         284       7663.6503
       285006912000038        6912         285       7015.8400
       285006912000069        6912         285       8698.2860
       285006912000074        6912         285       8698.2860
       285007488000038        7488         285       16640.953
       286006293000708        6293         286       16640.953
       286006293001874        6293         286       19913.566
       286006293000700        6293         286       19913.566
       286006293001225        6293         286       19913.566
       286006293000690        6293         286       8698.2860
       286006293000692        6293         286       8698.2860
       286006293001899        6293         286       8698.2860
       286006293001911        6293         286       8698.2860
       286006293003001        6293         286       8698.2860
       286006293003543        6293         286       8698.2860
       286006293003553        6293         286       8698.2860
       286006293001032        6293         286       8698.2860
       286006293001203        6293         286       8698.2860
       286006293001210        6293         286       8698.2860
       286006293001216        6293         286       8698.2860
       286006293001531        6293         286       8698.2860
       286006293001553        6293         286       8698.2860
       286006293001700        6293         286       8698.2860
       286006293001306        6293         286       8698.2860
       286006293000721        6293         286       8698.2860
       286006293000727        6293         286       8698.2860
       286006293000728        6293         286       8698.2860
       286006293000847        6293         286       8698.2860
       286006293000856        6293         286       8698.2860
       286006293000922        6293         286       8698.2860
       286006293000927        6293         286       8698.2860
       286006293002796        6293         286       6619.5826
       286006293000731        6293         286       6619.5826
       286006293001043        6293         286       6619.5826
       286006293001280        6293         286       6619.5826
       286006293000038        6293         286       10.750000
       286006293000876        6293         286       2348.8571
       286006293001658        6293         286       7663.6503
       286006293001676        6293         286       7663.6503
       286006293001488        6293         286       7663.6503
       286006293001515        6293         286       7663.6503
       286006293001195        6293         286       7663.6503
       286006293001025        6293         286       7663.6503
       286006293001254        6293         286       7663.6503
       286006293003515        6293         286       7663.6503
       286006293001988        6293         286       7663.6503
       286006293001999        6293         286       7663.6503
       286006293001709        6293         286       7663.6503
       286006293001717        6293         286       7663.6503
       286006293001246        6293         286       24485.182
       286006293001262        6293         286       24485.182
       289000270000038         270         289       19913.566
       291004576000038        4576         291       16640.953
       292002447000067        2447         292       7663.6503
       292002447000079        2447         292       7663.6503
       292002447000038        2447         292       7015.8400
       296000097002497          97         296       19913.566
       296004690000038        4690         296       24485.182
       296005285000038        5285         296       24485.182
       301005098000865        5098         301       19913.566
       301005098001089        5098         301       19913.566
       301005098001053        5098         301       19913.566
       301005098001062        5098         301       19913.566
       301005098001838        5098         301       19913.566
       301005098001871        5098         301       19913.566
       301005098001399        5098         301       16640.953
       301005098001048        5098         301       8698.2860
       301005098001083        5098         301       8698.2860
       301005098001379        5098         301       8698.2860
       301005098001617        5098         301       8698.2860
       301005098002329        5098         301       8698.2860
       301005098004252        5098         301       8698.2860
       301005098008952        5098         301       8698.2860
       301005098000860        5098         301       8698.2860
       301005098001861        5098         301       6619.5826
       301005098000712        5098         301       254.56250
       301005098002133        5098         301       7663.6503
       301005098001389        5098         301       7663.6503
       301005098001045        5098         301       7663.6503
       301005098001050        5098         301       7663.6503
       301005098000857        5098         301       7663.6503
       301005098002947        5098         301       7663.6503
       304000398000038         398         304       16640.953
       304018598000038       18598         304       8698.2860
       309001079000136        1079         309       8698.2860
       309001079000038        1079         309       617.35000
       309001820000038        1820         309       16640.953
       312022812000212       22812         312       19913.566
       312022812000199       22812         312       8698.2860
       312022812000038       22812         312       36.892857
       312022812000218       22812         312       7663.6503
       312022812000195       22812         312       7663.6503
       313000079000419          79         313       7663.6503
       313000079000989          79         313       7663.6503
       313000079001149          79         313       7663.6503
       313000079000038          79         313       10.750000
       313000079000474          79         313       6619.5826
       313000079001163          79         313       6619.5826
       313000079000421          79         313       6619.5826
       313000079000478          79         313       8698.2860
       313000079000481          79         313       8698.2860
       313000079000488          79         313       8698.2860
       313000079000494          79         313       8698.2860
       313000079000979          79         313       8698.2860
       313000079001156          79         313       8698.2860
       313000079001320          79         313       8698.2860
       317000127000137         127         317       8698.2860
       317000127000140         127         317       8698.2860
       317000127000330         127         317       8698.2860
       317000127001351         127         317       8698.2860
       317000127000038         127         317       617.35000
       319000120000038         120         319       10.391304
       319000120000705         120         319       6619.5826
       319000120001357         120         319       6619.5826
       319000120000689         120         319       7663.6503
       319000120001369         120         319       7663.6503
       319000120000965         120         319       7663.6503
       319000120000584         120         319       7663.6503
       319000120000597         120         319       7663.6503
       319000120000392         120         319       7663.6503
       319000120000391         120         319       7663.6503
       319000120000591         120         319       8698.2860
       319000120000972         120         319       8698.2860
       319000120000982         120         319       8698.2860
       319000120000710         120         319       8698.2860
       319000120001374         120         319       8698.2860
       319000120002764         120         319       8698.2860
       319000120001365         120         319       8698.2860
       319000120000386         120         319       8698.2860
       319000120000604         120         319       19913.566
       320001102000038        1102         320       24485.182
       320005962000038        5962         320       8698.2860
       324002349000038        2349         324       8698.2860
       325010373000038       10373         325       16640.953
       327020456000038       20456         327       19913.566
       328011839000038       11839         328       617.35000
       329004025006328        4025         329       6430.0000
       329004025000290        4025         329       6430.0000
       329004025000038        4025         329       36.892857
       329004025004694        4025         329       6619.5826
       329004025004630        4025         329       7663.6503
       329004025004660        4025         329       7663.6503
       329004025006369        4025         329       7663.6503
       329004025006381        4025         329       7663.6503
       329004025000816        4025         329       7663.6503
       329004025002667        4025         329       7663.6503
       329004025003006        4025         329       7663.6503
       329004025003057        4025         329       7663.6503
       329004025000408        4025         329       7663.6503
       329004025000594        4025         329       19913.566
       329004025000602        4025         329       19913.566
       329004025000622        4025         329       19913.566
       329004025003110        4025         329       19913.566
       329004025000294        4025         329       19913.566
       329004025000585        4025         329       8698.2860
       329004025003045        4025         329       8698.2860
       329004025000825        4025         329       8698.2860
       329004025002395        4025         329       8698.2860
       329004025002398        4025         329       8698.2860
       329004025002476        4025         329       8698.2860
       329004025006394        4025         329       8698.2860
       329004025005671        4025         329       8698.2860
       329004025005690        4025         329       8698.2860
       329004025006296        4025         329       8698.2860
       329004025000306        4025         329       8698.2860
       329004025000302        4025         329       8698.2860
       329004025000809        4025         329       8698.2860
       329004025000291        4025         329       8698.2860
       329004025000283        4025         329       8698.2860
       329004025000845        4025         329       24485.182
       333016666000038       16666         333       7663.6503
       335029668000038       29668         335       16640.953
       336000030000302          30         336       8698.2860
       336000030000298          30         336       7663.6503
       336000030000531          30         336       7663.6503
       336000030002250          30         336       6619.5826
       336000030000038          30         336       36.892857
       336000032009659          32         336       16640.953
       342014616000038       14616         342       19913.566
       347003575000038        3575         347       12668.621
       348000056000038          56         348       10.391304
       350000102012060         102         350       12668.621
       351000142000083         142         351       8698.2860
       351000142000090         142         351       8698.2860
       351000142000038         142         351       2348.8571
       351000142000241         142         351       7663.6503
       353014407000200       14407         353       7663.6503
       353014407000603       14407         353       6430.0000
       353014407000665       14407         353       6619.5826
       353014407000081       14407         353       7015.8400
       353014407000268       14407         353       8698.2860
       355010839007665       10839         355       8698.2860
       355010839000064       10839         355       19913.566
       355010839000206       10839         355       7663.6503
       356000094000079          94         356       7663.6503
       356000094000038          94         356       4408.5000
       360000039058319          39         360       7663.6503
       360009929000038        9929         360       254.56250
       360009929000249        9929         360       8698.2860
       361009782000122        9782         361       19913.566
       361009782000038        9782         361       617.35000
       363004755000038        4755         363       7663.6503
       365001516000038        1516         365       16640.953
       369006543000755        6543         369       8698.2860
       369006543000446        6543         369       7663.6503
       369006543000332        6543         369       617.35000
       373000136000038         136         373       36.892857
       373000136000304         136         373       6619.5826
       373000136001809         136         373       7663.6503
       373000136000227         136         373       7663.6503
       373000136000233         136         373       7663.6503
       373000136000236         136         373       7663.6503
       373000136000685         136         373       7663.6503
       373000136000693         136         373       7663.6503
       373000136000822         136         373       7663.6503
       373000136001006         136         373       8698.2860
       373000136001077         136         373       8698.2860
       373000136000403         136         373       8698.2860
       373000136000482         136         373       8698.2860
       373000136007160         136         373       8698.2860
       373000136000594         136         373       8698.2860
       373000136000201         136         373       19913.566
       373000136000705         136         373       19913.566
       374019281000450       19281         374       8698.2860
       374019281000517       19281         374       8698.2860
       374019281000318       19281         374       7663.6503
       374019281000206       19281         374       7663.6503
       374019281000758       19281         374       7663.6503
       374019281000208       19281         374       6619.5826
       374019281000038       19281         374       36.892857
       375015326000038       15326         375       10.750000
       375015326000441       15326         375       617.35000
       375015326000395       15326         375       6619.5826
       375015326000651       15326         375       6619.5826
       375015326000397       15326         375       7663.6503
       375015326000653       15326         375       7663.6503
       375015326000945       15326         375       7663.6503
       375015326001223       15326         375       7663.6503
       375015326001772       15326         375       7663.6503
       375015326002808       15326         375       7663.6503
       375015326000405       15326         375       8698.2860
       375015326000399       15326         375       8698.2860
       375015326003101       15326         375       8698.2860
       375015326002579       15326         375       8698.2860
       375015326001230       15326         375       8698.2860
       375015326001411       15326         375       8698.2860
       375015326001421       15326         375       8698.2860
       375015326001431       15326         375       8698.2860
       375015326001632       15326         375       8698.2860
       375015326001207       15326         375       8698.2860
       375015326000657       15326         375       8698.2860
       375015326000663       15326         375       8698.2860
       375015326000668       15326         375       8698.2860
       375015326000930       15326         375       8698.2860
       375015326001214       15326         375       19913.566
       375015326000951       15326         375       19913.566
       375015326002213       15326         375       19913.566
       375015326000416       15326         375       16640.953
       377018120000063       18120         377       8698.2860
       377018120000038       18120         377       4408.5000
       378000180000038         180         378       7015.8400
       380000736000038         736         380       19913.566
       381000452000038         452         381       12668.621
       384000412000038         412         384       24485.182
       386005109005090        5109         386       617.35000
       386005109005273        5109         386       6619.5826
       386005109005229        5109         386       7663.6503
       387000099000038          99         387       4408.5000
       387000118000038         118         387       617.35000
       387000118000155         118         387       7663.6503
       387000118000263         118         387       19913.566
       387000118000375         118         387       8698.2860
       387000118000638         118         387       8698.2860
       387000118000227         118         387       8698.2860
       388000049000540          49         388       8698.2860
       388000049000540          49         388       8698.2860
       388000049030242          49         388       8698.2860
       388000049030242          49         388       8698.2860
       388000049002874          49         388       8698.2860
       388000049002874          49         388       8698.2860
       388000049002878          49         388       8698.2860
       388000049002878          49         388       8698.2860
       388000049004861          49         388       8698.2860
       388000049004861          49         388       8698.2860
       388000049030141          49         388       8698.2860
       388000049030141          49         388       8698.2860
       388000049000561          49         388       8698.2860
       388000049000561          49         388       8698.2860
       388000049000805          49         388       8698.2860
       388000049000805          49         388       8698.2860
       388000049001248          49         388       19913.566
       388000049001248          49         388       19913.566
       388000049010962          49         388       19913.566
       388000049010962          49         388       19913.566
       388000049030025          49         388       7663.6503
       388000049030025          49         388       7663.6503
       388000049004892          49         388       7663.6503
       388000049004892          49         388       7663.6503
       388000049007811          49         388       7663.6503
       388000049007811          49         388       7663.6503
       388000049030181          49         388       6619.5826
       388000049030181          49         388       6619.5826
       388000049000038          49         388       254.56250
       388000049000038          49         388       254.56250
       388000049000546          49         388       6619.5826
       388000049000546          49         388       6619.5826
       388000049001032          49         388       6619.5826
       388000049001032          49         388       6619.5826
       388000049011899          49         388       6619.5826
       388000049011899          49         388       6619.5826
       388000049016785          49         388       6619.5826
       388000049016785          49         388       6619.5826
       388000049041150          49         388       7663.6503
       388000049041150          49         388       7663.6503
       388000049000138          49         388       24485.182
       388000049000138          49         388       24485.182
       388009799033222        9799         388       10.391304
       394000621000059         621         394       7663.6503
       394000621000038         621         394       12668.621
       397011741000038       11741         397       16640.953
       400000034000038          34         400       10.391304
       408000229000044         229         408       7663.6503
       408000229000048         229         408       7663.6503
       408000229000038         229         408       19913.566
       409010887000140       10887         409       8698.2860
       409010887000629       10887         409       8698.2860
       409010887001155       10887         409       8698.2860
       409010887001341       10887         409       8698.2860
       409010887000280       10887         409       6619.5826
       409010887000038       10887         409       617.35000
       409010887000139       10887         409       7663.6503
       409010887000197       10887         409       7663.6503
       410014354000038       14354         410       8698.2860
       411000165031215         165         411       8698.2860
       411000165032639         165         411       8698.2860
       411000165032445         165         411       8698.2860
       411000165031745         165         411       8698.2860
       411000165031375         165         411       8698.2860
       411000165031490         165         411       19913.566
       411000165031321         165         411       19913.566
       411000165031319         165         411       7663.6503
       411000165031752         165         411       7663.6503
       411000165031770         165         411       7663.6503
       411000165031940         165         411       7663.6503
       411000165031992         165         411       7663.6503
       411000165031509         165         411       7015.8400
       411000165032811         165         411       7663.6503
       411000165032487         165         411       7663.6503
       411000165032602         165         411       7663.6503
       411000165031573         165         411       254.56250
       411000165030994         165         411       10.391304
       411000165031214         165         411       7663.6503
       411000165031758         165         411       24485.182
       413015852000804       15852         413       24485.182
       413015852000038       15852         413       10.391304
       413015852000415       15852         413       7663.6503
       413015852000442       15852         413       7663.6503
       413015852000785       15852         413       7663.6503
       413015852000985       15852         413       7663.6503
       413015852001012       15852         413       7663.6503
       413015852001291       15852         413       7663.6503
       413015852001461       15852         413       7663.6503
       413015852000437       15852         413       19913.566
       413015852000621       15852         413       19913.566
       413015852000370       15852         413       19913.566
       413015852001001       15852         413       8698.2860
       413015852000444       15852         413       8698.2860
       413015852000607       15852         413       8698.2860
       413015852000418       15852         413       8698.2860
       413015852000430       15852         413       8698.2860
       413015852000358       15852         413       8698.2860
       423009612000505        9612         423       7015.8400
       425000066000038          66         425       254.56250
       425000066000131          66         425       6619.5826
       425000066000227          66         425       8698.2860
       425000066000233          66         425       19913.566
       425000066000181          66         425       19913.566
       425019682000202       19682         425       8698.2860
       425019682000261       19682         425       8698.2860
       425019682000269       19682         425       8698.2860
       425019682000280       19682         425       8698.2860
       425019682000302       19682         425       8698.2860
       425019682000375       19682         425       8698.2860
       425019682000038       19682         425       254.56250
       425019682000290       19682         425       7663.6503
       425019682000192       19682         425       7663.6503
       425019682000387       19682         425       6619.5826
       428000052000173          52         428       7663.6503
       428000052000038          52         428       254.56250
       428000052000361          52         428       6430.0000
       428000052000373          52         428       7663.6503
       428000052000640          52         428       7663.6503
       428000052001468          52         428       7663.6503
       428000052000139          52         428       8698.2860
       428000052000367          52         428       8698.2860
       428000052000340          52         428       24485.182
       428017960000051       17960         428       8698.2860
       428017960000038       17960         428       6619.5826
       430010070000038       10070         430       19913.566
       431000185000038         185         431       10.391304
       431000210010645         210         431       12668.621
       436017494001055       17494         436       8698.2860
       436017494001353       17494         436       8698.2860
       436017494001999       17494         436       8698.2860
       436017494002856       17494         436       8698.2860
       436017494004882       17494         436       8698.2860
       436017494001542       17494         436       8698.2860
       436017494001665       17494         436       8698.2860
       436017494002828       17494         436       8698.2860
       436017494000891       17494         436       8698.2860
       436017494001040       17494         436       8698.2860
       436017494001044       17494         436       8698.2860
       436017494003598       17494         436       19913.566
       436017494002009       17494         436       19913.566
       436017494001653       17494         436       19913.566
       436017494001662       17494         436       19913.566
       436017494000896       17494         436       19913.566
       436017494000038       17494         436       2.0000000
       436017494000888       17494         436       6619.5826
       436017494001350       17494         436       6619.5826
       436017494001537       17494         436       6619.5826
       436017494004844       17494         436       6619.5826
       436017494001036       17494         436       7663.6503
       436017494005414       17494         436       7663.6503
       436017494009913       17494         436       7663.6503
       436017494004303       17494         436       7663.6503
       436017494002839       17494         436       7663.6503
       436017494001553       17494         436       7663.6503
       436017494001637       17494         436       7663.6503
       436017494001645       17494         436       7663.6503
       436017494001674       17494         436       7663.6503
       436017494001973       17494         436       7663.6503
       436017494001990       17494         436       7663.6503
       436017494001346       17494         436       7663.6503
       436017494001362       17494         436       7663.6503
       436017494001048       17494         436       7663.6503
       436017619000072       17619         436       7663.6503
       436017619000038       17619         436       7015.8400
       436017619000192       17619         436       6619.5826
       436017619000079       17619         436       16640.953
       436017619000075       17619         436       8698.2860
       438025932000038       25932         438       7663.6503
       439000201000122         201         439       7663.6503
       439000201000098         201         439       6619.5826
       439000201000038         201         439       2348.8571
       439000201000099         201         439       8698.2860
       439000284000038         284         439       7015.8400
       440001471000038        1471         440       19913.566
       441000158000063         158         441       8698.2860
       441000158000038         158         441       4408.5000
       445004992000688        4992         445       12668.621
       445006008000038        6008         445       16640.953
       459001196000333        1196         459       12668.621
       461000080002557          80         461       7663.6503
       464000053000327          53         464       16640.953
       465002609000038        2609         465       8698.2860
       466000113000185         113         466       19913.566
       466000113000236         113         466       8698.2860
       466000113000038         113         466       254.56250
       467000110001011         110         467       16640.953
       473001065000038        1065         473       19913.566
       474000105000119         105         474       19913.566
       474000105000139         105         474       8698.2860
       474000105000207         105         474       7663.6503
       474000105000345         105         474       7663.6503
       474000105000444         105         474       7663.6503
       474000105000116         105         474       8698.2860
       474000105000038         105         474       617.35000
       474000937000038         937         474       24485.182
       474001187000038        1187         474       8698.2860
       474001187000045        1187         474       7663.6503
       479002343000249        2343         479       7663.6503
       479002343000249        2343         479       7663.6503
       479002343000249        2343         479       7663.6503
       479002343000264        2343         479       8698.2860
       479002343000264        2343         479       8698.2860
       479002343000264        2343         479       8698.2860
       479002343000832        2343         479       8698.2860
       479002343000832        2343         479       8698.2860
       479002343000832        2343         479       8698.2860
       479002343000501        2343         479       8698.2860
       479002343000501        2343         479       8698.2860
       479002343000501        2343         479       8698.2860
       479002343001005        2343         479       8698.2860
       479002343001005        2343         479       8698.2860
       479002343001005        2343         479       8698.2860
       479002343001501        2343         479       8698.2860
       479002343001501        2343         479       8698.2860
       479002343001501        2343         479       8698.2860
       479002343002155        2343         479       8698.2860
       479002343002155        2343         479       8698.2860
       479002343002155        2343         479       8698.2860
       479002343002182        2343         479       8698.2860
       479002343002182        2343         479       8698.2860
       479002343002182        2343         479       8698.2860
       479002343002539        2343         479       8698.2860
       479002343002539        2343         479       8698.2860
       479002343002539        2343         479       8698.2860
       479002343002552        2343         479       8698.2860
       479002343002552        2343         479       8698.2860
       479002343002552        2343         479       8698.2860
       479002343000242        2343         479       8698.2860
       479002343000242        2343         479       8698.2860
       479002343000242        2343         479       8698.2860
       479002343000241        2343         479       7663.6503
       479002343000241        2343         479       7663.6503
       479002343000241        2343         479       7663.6503
       479002343000506        2343         479       7663.6503
       479002343000506        2343         479       7663.6503
       479002343000506        2343         479       7663.6503
       479002343000880        2343         479       16640.953
       479002343000880        2343         479       16640.953
       479002343000880        2343         479       16640.953
       479002343000038        2343         479       36.892857
       479002343000038        2343         479       36.892857
       479002343000038        2343         479       36.892857
       479002343000670        2343         479       6619.5826
       479002343000670        2343         479       6619.5826
       479002343000670        2343         479       6619.5826
       479002343000279        2343         479       19913.566
       479002343000279        2343         479       19913.566
       479002343000279        2343         479       19913.566
       479002343000257        2343         479       19913.566
       479002343000257        2343         479       19913.566
       479002343000257        2343         479       19913.566
       480000063000380          63         480       19913.566
       480000063000038          63         480       36.892857
       480000063000174          63         480       7663.6503
       480000063000514          63         480       7663.6503
       480000063000442          63         480       8698.2860
       480000063000248          63         480       8698.2860
       480000063000255          63         480       8698.2860
       480000063000374          63         480       8698.2860
       480000063000171          63         480       8698.2860
       480022806000038       22806         480       16640.953
       482024575000212       24575         482       7663.6503
       487000147000145         147         487       7663.6503
       487000147000072         147         487       8698.2860
       487000147000089         147         487       8698.2860
       487000147000038         147         487       4408.5000
       487000147000096         147         487       19913.566
       487000197000038         197         487       4408.5000
       491000122005976         122         491       2348.8571
       491000122006151         122         491       6619.5826
       491000122006029         122         491       8698.2860
       492000101000146         101         492       8698.2860
       492000101000287         101         492       8698.2860
       492000101001045         101         492       7663.6503
       492000101000106         101         492       7663.6503
       492000101000697         101         492       6619.5826
       492000101000038         101         492       2348.8571
       496001191000038        1191         496       7015.8400
       496001191000069        1191         496       7663.6503
       496001191000079        1191         496       7663.6503
       496001191000094        1191         496       8698.2860
       496001191000075        1191         496       8698.2860
       497003429000800        3429         497       8698.2860
       497003429000280        3429         497       8698.2860
       497003429000241        3429         497       8698.2860
       497003429000277        3429         497       7663.6503
       497003429001305        3429         497       7663.6503
       497003429003021        3429         497       7663.6503
       497003429000678        3429         497       7663.6503
       497003429000691        3429         497       7663.6503
       497003429000729        3429         497       7663.6503
       497003429000327        3429         497       6619.5826
       497003429000665        3429         497       6619.5826
       497003429000736        3429         497       6619.5826
       497003429000038        3429         497       36.892857
       498000151002869         151         498       254.56250
       498000151002995         151         498       7663.6503
       498000151003000         151         498       8698.2860
       498000151003050         151         498       8698.2860
       498000152000143         152         498       8698.2860
       498000152000148         152         498       8698.2860
       498000152000284         152         498       8698.2860
       498000152000392         152         498       7663.6503
       498000152000469         152         498       7663.6503
       498000152000329         152         498       7663.6503
       498000152000341         152         498       7663.6503
       498000152000655         152         498       7663.6503
       498000152002566         152         498       7663.6503
       498000152000334         152         498       8698.2860
       498000152000477         152         498       8698.2860
       498000152000487         152         498       8698.2860
       498000152000038         152         498       254.56250
       498000152000353         152         498       2348.8571
       498000152000139         152         498       6619.5826
       498000152000951         152         498       6619.5826
       498000152001189         152         498       6619.5826
       498000610000038         610         498       16640.953
       500013478000038       13478         500       16640.953
       501000888001450         888         501       7663.6503
       501000888001028         888         501       8698.2860
       501000888003232         888         501       6619.5826
       502002439000072        2439         502       6619.5826
       502002439000053        2439         502       8698.2860
       502002439000064        2439         502       7663.6503
       502002439000038        2439         502       12668.621
       502028522000038       28522         502       16640.953
       507000118000318         118         507       7663.6503
       507000118000438         118         507       8698.2860
       507000118000038         118         507       10.391304
