         477
         2013513000003       13513           2       77698.743
         3000309000003         309           3       7131.4688
         3001412000003        1412           3       34927.271
         4002063000003        2063           4       17391.528
         4004514000003        4514           4       34927.271
         4008135000003        8135           4       77698.743
         4012447000003       12447           4       141486.14
         5000060002631          60           5       69616.900
         5000060000003          60           5       148.52941
         6000187000003         187           6       3065.5000
         7014853000003       14853           7       2852.7931
         9002965000003        2965           9       34927.271
         9019826000067       19826           9       34927.271
        10002402000003        2402          10       22693.867
        13000077000003          77          13       1902.6000
        13000133000003         133          13       3065.5000
        13000133000483         133          13       95113.118
        15009778000003        9778          15       2852.7931
        17016226000003       16226          17       17391.528
        18001378000003        1378          18       3065.5000
        18008847000003        8847          18       34927.271
        19003086000003        3086          19       22693.867
        19004164000003        4164          19       34927.271
        20010340000003       10340          20       22693.867
        23003367002257        3367          23       7131.4688
        24010347000003       10347          24       141486.14
        25005432002264        5432          25       780.33333
        26009611000003        9611          26       8574.0227
        28019543000003       19543          28       95113.118
        31001562000003        1562          31       34927.271
        31008535000003        8535          31       663.42857
        33000037000003          37          33       276.77778
        33000037002454          37          33       95113.118
        34016671000003       16671          34       77698.743
        35000045006543          45          35       34927.271
        35000600000003         600          35       17391.528
        35016550000295       16550          35       4179.1515
        36001099000003        1099          36       22693.867
        38015413000003       15413          38       8574.0227
        39009358000003        9358          39       3065.5000
        40008185000003        8185          40       1902.6000
        42006870000003        6870          42       663.42857
        42007090000003        7090          42       2852.7931
        42007730000003        7730          42       7131.4688
        45003704000003        3704          45       22693.867
        46003097000003        3097          46       8574.0227
        46011986000003       11986          46       77698.743
        47000113000003         113          47       1902.6000
        47015210000003       15210          47       141486.14
        49000218000003         218          49       2852.7931
        49011811000003       11811          49       3065.5000
        49011811000428       11811          49       95113.118
        50007831000003        7831          50       77698.743
        51002443000003        2443          51       22693.867
        52003125000003        3125          52       77698.743
        55000350000003         350          55       2852.7931
        55000538000003         538          55       4179.1515
        55028471000003       28471          55       95113.118
        57000182000003         182          57       2852.7931
        58002696000003        2696          58       22693.867
        59005325000003        5325          59       34927.271
        61000786000003         786          61       22693.867
        61009311000003        9311          61       34927.271
        62001870000003        1870          62       34927.271
        62010401000183       10401          62       780.33333
        64000046000003          46          64       1902.6000
        68012247000003       12247          68       22693.867
        71000084002483          84          71       69616.900
        71000084002455          84          71       95113.118
        71000084002448          84          71       95113.118
        71000084000003          84          71       276.77778
        71001117000003        1117          71       8574.0227
        73014602000003       14602          73       4179.1515
        73014830000003       14830          73       7131.4688
        74004923000198        4923          74       663.42857
        75017020000003       17020          75       34927.271
        76003086000003        3086          76       34927.271
        76005622000003        5622          76       34927.271
        76025311000003       25311          76       141486.14
        77000135000003         135          77       1902.6000
        78000249000003         249          78       3065.5000
        79016157000003       16157          79       780.33333
        80000034000003          34          80       663.42857
        84000121000003         121          84       3065.5000
        86008143000003        8143          86       77698.743
        87001373000003        1373          87       8574.0227
        87009703000003        9703          87       141486.14
        89000084000003          84          89       4179.1515
        90007289000003        7289          90       77698.743
        91025084000003       25084          91       8574.0227
        93023545000003       23545          93       22693.867
        94001140000003        1140          94       8574.0227
        94020512000003       20512          94       2852.7931
        97020210000003       20210          97       22693.867
       101000481000003         481         101       4179.1515
       102000078000003          78         102       663.42857
       102009559000003        9559         102       141486.14
       103018724000003       18724         103       148.52941
       104013313000003       13313         104       95113.118
       104019775002521       19775         104       95113.118
       104019775002252       19775         104       95113.118
       104019775000215       19775         104       276.77778
       104020727000003       20727         104       17391.528
       105000103000065         103         105       3065.5000
       105000103000353         103         105       95113.118
       105006749000003        6749         105       148.52941
       106000631000003         631         106       7131.4688
       108000206000003         206         108       8574.0227
       110014651000003       14651         110       34927.271
       111008380000045        8380         111       95113.118
       111008380000003        8380         111       17391.528
       111009227000003        9227         111       34927.271
       115014548000003       14548         115       34927.271
       116000010000003          10         116       22693.867
       116013498000003       13498         116       95113.118
       122000223000003         223         122       3065.5000
       122020141000003       20141         122       663.42857
       122020158000003       20158         122       2852.7931
       123002190000003        2190         123       22693.867
       123008772000003        8772         123       141486.14
       124009606000003        9606         124       780.33333
       127000735000003         735         127       8574.0227
       127002185000003        2185         127       22693.867
       128008182003205        8182         128       141486.14
       128008182000003        8182         128       148.52941
       130003919000003        3919         130       4179.1515
       130010593000003       10593         130       77698.743
       131007388000003        7388         131       22693.867
       131009115000003        9115         131       34927.271
       132000331000003         331         132       4179.1515
       132004538000003        4538         132       34927.271
       135017288000003       17288         135       141486.14
       136004985001306        4985         136       74903.000
       136004985000003        4985         136       780.33333
       138001251000003        1251         138       7131.4688
       139008493015142        8493         139       8574.0227
       142000275000003         275         142       4179.1515
       144000288000003         288         144       7131.4688
       145000327000003         327         145       8574.0227
       145007717000003        7717         145       22693.867
       145011404000003       11404         145       77698.743
       148001573000003        1573         148       17391.528
       148011438000003       11438         148       77698.743
       150000097000003          97         150       276.77778
       150010613000003       10613         150       77698.743
       152001037000003        1037         152       8574.0227
       152022203000003       22203         152       34927.271
       153020172000003       20172         153       77698.743
       156011139000003       11139         156       34927.271
       157004190006954        4190         157       34927.271
       157004190006676        4190         157       69616.900
       157004190006906        4190         157       69616.900
       157004190002967        4190         157       148.52941
       157010560000003       10560         157       8574.0227
       157011654000003       11654         157       17391.528
       162000063000003          63         162       276.77778
       162000063002168          63         162       69616.900
       162020849000003       20849         162       2852.7931
       162021886000003       21886         162       22693.867
       166000127000003         127         166       780.33333
       166008095000003        8095         166       8574.0227
       166011417000003       11417         166       34927.271
       166012382000003       12382         166       77698.743
       167010219000003       10219         167       8574.0227
       168010757000003       10757         168       17391.528
       169000022000003          22         169       4179.1515
       169001576000066        1576         169       17391.528
       169001675000003        1675         169       8574.0227
       170000081000038          81         170       663.42857
       170000081001989          81         170       69616.900
       170008177000003        8177         170       77698.743
       170008979000003        8979         170       34927.271
       171004163000003        4163         171       2852.7931
       171005298000003        5298         171       8574.0227
       172000619000003         619         172       2852.7931
       172000793000003         793         172       4179.1515
       172000793000143         793         172       95113.118
       173003712000003        3712         173       22693.867
       175000104000003         104         175       4179.1515
       178016196000003       16196         178       22693.867
       179001671000003        1671         179       17391.528
       181001026000003        1026         181       8574.0227
       182018720000003       18720         182       3065.5000
       183011272000003       11272         183       1902.6000
       184012634000003       12634         184       780.33333
       184013010000003       13010         184       7131.4688
       187000173000003         173         187       148.52941
       187000185000003         185         187       663.42857
       187000185001481         185         187       95113.118
       188003951000003        3951         188       276.77778
       189002866000003        2866         189       8574.0227
       191028408000003       28408         191       77698.743
       192001792000003        1792         192       22693.867
       192008071000053        8071         192       148.52941
       192016963000003       16963         192       7131.4688
       193000237001134         237         193       148.52941
       194002998000003        2998         194       22693.867
       194019439013603       19439         194       34927.271
       195009347000003        9347         195       8574.0227
       196006192000003        6192         196       77698.743
       197018720000003       18720         197       95113.118
       200020760000003       20760         200       34927.271
       201000081002918          81         201       141486.14
       202013885000003       13885         202       4179.1515
       203003763000003        3763         203       77698.743
       203013473000003       13473         203       7131.4688
       204011808000003       11808         204       2852.7931
       204031430000003       31430         204       780.33333
       205000242000003         242         205       3065.5000
       205001900000003        1900         205       17391.528
       205003018000003        3018         205       22693.867
       206000359000003         359         206       3065.5000
       208003590000003        3590         208       1902.6000
       208003601000003        3601         208       1902.6000
       209003286000003        3286         209       17391.528
       211009639000003        9639         211       8574.0227
       211009823000003        9823         211       8574.0227
       211012465000003       12465         211       34927.271
       214000189000003         189         214       2852.7931
       214013171000003       13171         214       22693.867
       215019049000003       19049         215       141486.14
       217004054000003        4054         217       3065.5000
       218029567000003       29567         218       276.77778
       218029567002446       29567         218       95113.118
       219000178001137         178         219       69616.900
       219000178000003         178         219       780.33333
       220009331011553        9331         220       1902.6000
       220010766000003       10766         220       17391.528
       221015600000003       15600         221       141486.14
       222003962000003        3962         222       663.42857
       223000794000003         794         223       4179.1515
       224000078003876          78         224       34927.271
       226002007000003        2007         226       17391.528
       226026421000003       26421         226       77698.743
       227008846000003        8846         227       95113.118
       231003499000003        3499         231       17391.528
       232000643000003         643         232       7131.4688
       232000996000003         996         232       8574.0227
       233000125006822         125         233       22693.867
       233018747000003       18747         233       95113.118
       233022802000003       22802         233       276.77778
       233026600000003       26600         233       77698.743
       235000174000003         174         235       663.42857
       235014565000003       14565         235       1902.6000
       236010545000003       10545         236       34927.271
       237005011000003        5011         237       77698.743
       238000091000003          91         238       780.33333
       239000324000003         324         239       4179.1515
       239022551000003       22551         239       2852.7931
       240012211000003       12211         240       7131.4688
       244007427000003        7427         244       17391.528
       246002477000003        2477         246       276.77778
       246002477001828        2477         246       141486.14
       246004569000003        4569         246       17391.528
       247022714000003       22714         247       8574.0227
       250009645000003        9645         250       17391.528
       251008276000003        8276         251       8574.0227
       254018653000003       18653         254       22693.867
       254019718000003       19718         254       34927.271
       255000220000003         220         255       780.33333
       256000731000003         731         256       7131.4688
       256002022000003        2022         256       17391.528
       257000050000003          50         257       276.77778
       257002435000003        2435         257       17391.528
       259001305032331        1305         259       148.52941
       259001359000003        1359         259       780.33333
       259005342000003        5342         259       22693.867
       262009551000003        9551         262       2852.7931
       262014798000003       14798         262       141486.14
       263007495000003        7495         263       34927.271
       264000707000082         707         264       69616.900
       264000707000003         707         264       17391.528
       264011502000003       11502         264       276.77778
       264011502001576       11502         264       95113.118
       265009781000003        9781         265       2852.7931
       265022890000003       22890         265       141486.14
       266001889000003        1889         266       4179.1515
       271011184000003       11184         271       7131.4688
       272000465000003         465         272       8574.0227
       272000465000091         465         272       95113.118
       273000164000003         164         273       2852.7931
       273013247000003       13247         273       2852.7931
       274004314000003        4314         274       1902.6000
       274004439000003        4439         274       2852.7931
       275008059000115        8059         275       1902.6000
       278027726000003       27726         278       95113.118
       279013981000003       13981         279       8574.0227
       282005008000003        5008         282       780.33333
       283010094000003       10094         283       77698.743
       284002172000003        2172         284       17391.528
       287004969000003        4969         287       34927.271
       288018479000003       18479         288       77698.743
       289000776000003         776         289       7131.4688
       291013488000003       13488         291       77698.743
       292005834000003        5834         292       22693.867
       293000110002388         110         293       95113.118
       293000110002346         110         293       95113.118
       293000110000003         110         293       276.77778
       293000485000003         485         293       4179.1515
       298024670000003       24670         298       95113.118
       299000988000003         988         299       7131.4688
       299003650000003        3650         299       22693.867
       301000646000003         646         301       7131.4688
       302001172000003        1172         302       34927.271
       304000388000003         388         304       7131.4688
       305000557000003         557         305       4179.1515
       305000557000170         557         305       141486.14
       305002356000003        2356         305       17391.528
       306000123000003         123         306       663.42857
       308002433000003        2433         308       2852.7931
       309002398000003        2398         309       8574.0227
       310000084000003          84         310       276.77778
       310005358000003        5358         310       77698.743
       312023059000003       23059         312       4179.1515
       312033134000003       33134         312       95113.118
       319001429000003        1429         319       8574.0227
       320007194000003        7194         320       34927.271
       321002400000003        2400         321       2852.7931
       321005073000003        5073         321       17391.528
       322009919000003        9919         322       34927.271
       322024804000003       24804         322       95113.118
       323007193000003        7193         323       276.77778
       324021955000003       21955         324       77698.743
       325010159000003       10159         325       780.33333
       325011656000003       11656         325       17391.528
       326000234000003         234         326       4179.1515
       327000464000003         464         327       4179.1515
       327005628000003        5628         327       34927.271
       328000676000003         676         328       8574.0227
       331005515000003        5515         331       22693.867
       332000623000003         623         332       17391.528
       333017089000003       17089         333       77698.743
       335029799000003       29799         335       17391.528
       336000737000003         737         336       7131.4688
       338020768000003       20768         338       22693.867
       342014579000003       14579         342       4179.1515
       343022441000003       22441         343       141486.14
       343025194000003       25194         343       141486.14
       344000045004688          45         344       95113.118
       344000045004690          45         344       95113.118
       344000045004703          45         344       95113.118
       344000045004705          45         344       69616.900
       344000045000003          45         344       148.52941
       347003554000003        3554         347       3065.5000
       350010032000003       10032         350       4179.1515
       357000432000003         432         357       4179.1515
       357003115000003        3115         357       22693.867
       357003545000003        3545         357       22693.867
       359000230000003         230         359       4179.1515
       359012993000003       12993         359       7131.4688
       361010461000003       10461         361       8574.0227
       362000124000003         124         362       148.52941
       363007435000003        7435         363       77698.743
       363021839000003       21839         363       8574.0227
       367017085000003       17085         367       34927.271
       368001231000003        1231         368       22693.867
       369000089012393          89         369       276.77778
       369000090000003          90         369       148.52941
       369000090002908          90         369       95113.118
       369006858000003        6858         369       4179.1515
       371010453000003       10453         371       7131.4688
       371014098000003       14098         371       34927.271
       372017626000003       17626         372       4179.1515
       373012440000003       12440         373       141486.14
       374000188000003         188         374       1902.6000
       375015624000003       15624         375       7131.4688
       376015078000003       15078         376       148.52941
       381000152000003         152         381       148.52941
       381000152003832         152         381       141486.14
       381000152003903         152         381       141486.14
       381000152003874         152         381       95113.118
       383000272000003         272         383       8574.0227
       387000739000003         739         387       7131.4688
       389002089000003        2089         389       17391.528
       391000146000003         146         391       780.33333
       392000090000003          90         392       663.42857
       392003706000003        3706         392       22693.867
       392007060001951        7060         392       7131.4688
       392023780000003       23780         392       8574.0227
       392023845000003       23845         392       8574.0227
       394010549000003       10549         394       77698.743
       394013328000003       13328         394       141486.14
       394016531000003       16531         394       141486.14
       397011306000003       11306         397       2852.7931
       397011328000003       11328         397       2852.7931
       399011221000003       11221         399       663.42857
       400007136000003        7136         400       8574.0227
       401014559000003       14559         401       22693.867
       402004832000003        4832         402       77698.743
       403007727000003        7727         403       77698.743
       403014066000003       14066         403       95113.118
       405000779000003         779         405       7131.4688
       407011695000003       11695         407       141486.14
       410000067000164          67         410       148.52941
       410007221000003        7221         410       141486.14
       410013374000003       13374         410       780.33333
       410013515000003       13515         410       4179.1515
       411000156007151         156         411       34927.271
       411000520000003         520         411       4179.1515
       413000731000003         731         413       8574.0227
       413016149000003       16149         413       7131.4688
       414000081000003          81         414       780.33333
       415001887000003        1887         415       22693.867
       417022935000003       22935         417       8574.0227
       419011719000003       11719         419       141486.14
       421000091000003          91         421       1902.6000
       422000717000003         717         422       17391.528
       422007504000003        7504         422       4179.1515
       425019691000003       19691         425       780.33333
       429000115001934         115         429       17391.528
       430011580000003       11580         430       22693.867
       430012074000003       12074         430       22693.867
       432014610000003       14610         432       1902.6000
       434002905000003        2905         434       34927.271
       436017726000003       17726         436       4179.1515
       438000877000003         877         438       7131.4688
       439000333000629         333         439       34927.271
       440000306000003         306         440       2852.7931
       442009957000003        9957         442       34927.271
       444000081000003          81         444       148.52941
       445000497000003         497         445       17391.528
       447006598000003        6598         447       34927.271
       451010995000003       10995         451       8574.0227
       456000735000003         735         456       7131.4688
       458000351000003         351         458       2852.7931
       459006383000003        6383         459       34927.271
       461000093000003          93         461       276.77778
       461000218000003         218         461       3065.5000
       462000143000003         143         462       276.77778
       462001067000003        1067         462       7131.4688
       463002682000003        2682         463       17391.528
       465004032000003        4032         465       22693.867
       465006179000003        6179         465       22693.867
       467000115000471         115         467       663.42857
       469003376000003        3376         469       780.33333
       469003547000003        3547         469       3065.5000
       469003839000003        3839         469       7131.4688
       469004010000003        4010         469       7131.4688
       470000393000003         393         470       2852.7931
       471002129000003        2129         471       17391.528
       473001327000003        1327         473       17391.528
       473002374000003        2374         473       22693.867
       474002213000003        2213         474       34927.271
       474002213000051        2213         474       95113.118
       476001735000003        1735         476       17391.528
       477005878000003        5878         477       8574.0227
       477010930000003       10930         477       34927.271
       478004734000003        4734         478       7131.4688
       478005278000003        5278         478       8574.0227
       481001179000003        1179         481       8574.0227
       481011687000003       11687         481       141486.14
       482003293000003        3293         482       22693.867
       482023608000003       23608         482       4179.1515
       483001731000003        1731         483       22693.867
       483016705000003       16705         483       4179.1515
       484015133000003       15133         484       276.77778
       487000371000003         371         487       4179.1515
       491012624000003       12624         491       141486.14
       492009469000003        9469         492       77698.743
       495000153000003         153         495       780.33333
       496004225000003        4225         496       22693.867
       497009992000003        9992         497       34927.271
       497010613000003       10613         497       77698.743
       498000365000003         365         498       2852.7931
       500000080038773          80         500       77698.743
       501011113000003       11113         501       8574.0227
       502002472000003        2472         502       2852.7931
       502006074000047        6074         502       22693.867
       503028553000003       28553         503       77698.743
       505000956000135         956         505       780.33333
       506000094011700          94         506       8574.0227
       506000331000003         331         506       2852.7931
       508006359000003        6359         508       34927.271
       508012976000003       12976         508       141486.14
       510000158003633         158         510       69616.900
       510000158000003         158         510       148.52941
       510001855000003        1855         510       17391.528
