         880
         2009280000007        9280           2       117258.25
         4020912000007       20912           4       6131.0870
         5022665000007       22665           5       158.66667
         6000043000007          43           6       408.91667
         6000043001929          43           6       10385.000
         7014692000007       14692           7       1627.2000
         8013036000007       13036           8       4675.6667
         9000533000007         533           9       11715.850
        11002838000007        2838          11       34009.097
        11020233000007       20233          11       34009.097
        12000052020639          52          12       22014.557
        12000052020627          52          12       22014.557
        12000052020570          52          12       22014.557
        12000052020569          52          12       10385.000
        12000052020595          52          12       10385.000
        12000052020638          52          12       10385.000
        12000052020559          52          12       10385.000
        12000052020640          52          12       10385.000
        12000052021281          52          12       10385.000
        12000052021283          52          12       10385.000
        12000052022283          52          12       10385.000
        12000052023007          52          12       10385.000
        12000052023021          52          12       10385.000
        12000052023877          52          12       10385.000
        12000052024722          52          12       10385.000
        12000052000007          52          12       8.4444444
        12000052020566          52          12       8839.7077
        12000052020561          52          12       8839.7077
        12000052020560          52          12       8839.7077
        12000052024748          52          12       8839.7077
        13013483000007       13483          13       6131.0870
        16002316000046        2316          16       54101.531
        16022219000007       22219          16       22014.557
        17003730000007        3730          17       117258.25
        17014109024876       14109          17       22014.557
        17014109024896       14109          17       22014.557
        17014109013313       14109          17       24.444444
        17014109025184       14109          17       10385.000
        17014109025606       14109          17       10385.000
        17014109024828       14109          17       10385.000
        17014109024854       14109          17       10385.000
        19001821000007        1821          19       34009.097
        20000000034675           0          20       34009.097
        20000000024468           0          20       22014.557
        20000000024487           0          20       22014.557
        20000000025444           0          20       22014.557
        20000000034599           0          20       22014.557
        20000000034627           0          20       22014.557
        20000000028172           0          20       22014.557
        20000000025531           0          20       22014.557
        20000000026851           0          20       22014.557
        20000000024485           0          20       10385.000
        20000000024432           0          20       10385.000
        20000000024442           0          20       10385.000
        20000000024467           0          20       10385.000
        20000000025556           0          20       10385.000
        20000000026834           0          20       10385.000
        20000000025516           0          20       10385.000
        20000000026903           0          20       10385.000
        20000000034650           0          20       10385.000
        20000000029647           0          20       10385.000
        20000000029666           0          20       10385.000
        20000000029689           0          20       10385.000
        20000000029733           0          20       10385.000
        20000000029745           0          20       10385.000
        20000000029771           0          20       10385.000
        20000000025482           0          20       10385.000
        20000000024489           0          20       10385.000
        20000000000007           0          20       8.4444444
        20000000025508           0          20       8839.7077
        20000000025589           0          20       8839.7077
        21000600000007         600          21       6131.0870
        21002918000007        2918          21       26852.750
        22012882000007       12882          22       22014.557
        23003330031325        3330          23       22014.557
        23003330031356        3330          23       22014.557
        23003330031367        3330          23       22014.557
        23003330031387        3330          23       22014.557
        23003330035999        3330          23       22014.557
        23003330034523        3330          23       22014.557
        23003330032875        3330          23       22014.557
        23003330032905        3330          23       22014.557
        23003330032977        3330          23       22014.557
        23003330031303        3330          23       22014.557
        23003330036054        3330          23       54101.531
        23003330031320        3330          23       8839.7077
        23003330000007        3330          23       1.2500000
        23003330031302        3330          23       10385.000
        23003330032920        3330          23       10385.000
        23003330032955        3330          23       10385.000
        23003330031388        3330          23       10385.000
        23003330032844        3330          23       10385.000
        23003330036037        3330          23       10385.000
        23003330034493        3330          23       10385.000
        23003330034562        3330          23       10385.000
        23003330031323        3330          23       10385.000
        25000048000007          48          25       4485.0000
        25005415000007        5415          25       82.230769
        25005415005261        5415          25       22014.557
        32016004000007       16004          32       408.91667
        32016004001402       16004          32       9876.0000
        33012715000007       12715          33       1627.2000
        34000013000007          13          34       8.4444444
        34000013015559          13          34       8839.7077
        34000013013229          13          34       10385.000
        34000013013782          13          34       10385.000
        34000013015182          13          34       10385.000
        34000013015580          13          34       10385.000
        34000013016034          13          34       10385.000
        34010763000007       10763          34       6131.0870
        34010774000007       10774          34       6131.0870
        37014524000007       14524          37       408.91667
        41010823000007       10823          41       14369.926
        42000099000007          99          42       2890.4000
        42006819000007        6819          42       24.444444
        42006819006908        6819          42       10385.000
        42006819006922        6819          42       10385.000
        42006819007335        6819          42       10385.000
        42006819007341        6819          42       10385.000
        42006819007724        6819          42       10385.000
        42006819008327        6819          42       10385.000
        42006819008334        6819          42       10385.000
        42006819009193        6819          42       22014.557
        43001267008076        1267          43       10385.000
        43001267000007        1267          43       82.230769
        45003001000007        3001          45       26852.750
        49005292000007        5292          49       22014.557
        51000665000007         665          51       11715.850
        55000395000007         395          55       4675.6667
        57000122000007         122          57       4485.0000
        58003038000007        3038          58       34009.097
        59000700000007         700          59       11715.850
        65013062000007       13062          65       22014.557
        66000032003293          32          66       22014.557
        66000032003326          32          66       22014.557
        66000032000007          32          66       408.91667
        66000032003152          32          66       8839.7077
        68010368000007       10368          68       4675.6667
        72000194000007         194          72       4675.6667
        72018619000007       18619          72       11715.850
        75015543000007       15543          75       2890.4000
        76000028000007          28          76       24.444444
        76000028008638          28          76       10385.000
        76000028008192          28          76       22014.557
        76000028008342          28          76       22014.557
        78021534000007       21534          78       34009.097
        83000081020518          81          83       22014.557
        83000081019326          81          83       22014.557
        83000081019371          81          83       22014.557
        83000081020494          81          83       10385.000
        83000081019349          81          83       10385.000
        83000081019366          81          83       10385.000
        83000081000007          81          83       3.8333333
        83000081020505          81          83       8839.7077
        83000081019370          81          83       8839.7077
        83000119000007         119          83       2890.4000
        83019654000007       19654          83       82.230769
        83019654006561       19654          83       8839.7077
        83019654006328       19654          83       10385.000
        83019654005307       19654          83       22014.557
        84000692000007         692          84       11715.850
        89003626000007        3626          89       4675.6667
        92000256000007         256          92       4485.0000
        92002838000007        2838          92       34009.097
        93000108015934         108          93       22014.557
        93000108015934         108          93       22014.557
        93000108015935         108          93       22014.557
        93000108015935         108          93       22014.557
        93000108018454         108          93       22014.557
        93000108018454         108          93       22014.557
        93000108018478         108          93       22014.557
        93000108018478         108          93       22014.557
        93000108020523         108          93       22014.557
        93000108020523         108          93       22014.557
        93000108021641         108          93       22014.557
        93000108021641         108          93       22014.557
        93000108021675         108          93       22014.557
        93000108021675         108          93       22014.557
        93000108000007         108          93       8.4444444
        93000108000007         108          93       8.4444444
        93000108020547         108          93       8839.7077
        93000108020547         108          93       8839.7077
        93000108020516         108          93       8839.7077
        93000108020516         108          93       8839.7077
        93000108017118         108          93       8839.7077
        93000108017118         108          93       8839.7077
        93000108017129         108          93       8839.7077
        93000108017129         108          93       8839.7077
        93000108017115         108          93       10385.000
        93000108017115         108          93       10385.000
        93000108019729         108          93       10385.000
        93000108019729         108          93       10385.000
        93000108023001         108          93       10385.000
        93000108021633         108          93       10385.000
        93000108021633         108          93       10385.000
        93000943000007         943          93       11715.850
        94000507000007         507          94       6131.0870
        95004504000007        4504          95       54101.531
        98004373000007        4373          98       54101.531
        98022829000007       22829          98       117258.25
        98024196000007       24196          98       22014.557
       102004701000007        4701         102       54101.531
       102012187000007       12187         102       22014.557
       102018594000007       18594         102       26852.750
       104019954000007       19954         104       6131.0870
       106001569000007        1569         106       26852.750
       106001817000007        1817         106       26852.750
       106001817000057        1817         106       10385.000
       107000119000007         119         107       158.66667
       108003428000007        3428         108       8.4444444
       108003428000007        3428         108       8.4444444
       108003428000007        3428         108       8.4444444
       108003428027879        3428         108       8839.7077
       108003428027879        3428         108       8839.7077
       108003428027879        3428         108       8839.7077
       108003428027896        3428         108       10385.000
       108003428027896        3428         108       10385.000
       108003428027896        3428         108       10385.000
       108003428028754        3428         108       10385.000
       108003428028754        3428         108       10385.000
       108003428028754        3428         108       10385.000
       108003428028766        3428         108       10385.000
       108003428028766        3428         108       10385.000
       108003428028766        3428         108       10385.000
       108003428028794        3428         108       10385.000
       108003428028794        3428         108       10385.000
       108003428028794        3428         108       10385.000
       108003428028804        3428         108       10385.000
       108003428028804        3428         108       10385.000
       108003428028804        3428         108       10385.000
       108003428028836        3428         108       10385.000
       108003428028836        3428         108       10385.000
       108003428028836        3428         108       10385.000
       108003428030379        3428         108       10385.000
       108003428030379        3428         108       10385.000
       108003428030379        3428         108       10385.000
       108003428032961        3428         108       10385.000
       108003428032961        3428         108       10385.000
       108003428032961        3428         108       10385.000
       108003428027878        3428         108       10385.000
       108003428027878        3428         108       10385.000
       108003428027878        3428         108       10385.000
       108003428034394        3428         108       10385.000
       108003428034394        3428         108       10385.000
       108003428034449        3428         108       10385.000
       108003428034449        3428         108       10385.000
       108003428037511        3428         108       54101.531
       108003428027855        3428         108       22014.557
       108003428027855        3428         108       22014.557
       108003428027855        3428         108       22014.557
       108003428034475        3428         108       22014.557
       108003428034475        3428         108       22014.557
       108003428034492        3428         108       22014.557
       108003428034492        3428         108       22014.557
       108003428037444        3428         108       22014.557
       108003428037484        3428         108       22014.557
       108003428032978        3428         108       22014.557
       108003428032978        3428         108       22014.557
       108003428032978        3428         108       22014.557
       108003428033005        3428         108       22014.557
       108003428033005        3428         108       22014.557
       108003428033005        3428         108       22014.557
       108003428034372        3428         108       22014.557
       108003428034372        3428         108       22014.557
       108003428028825        3428         108       22014.557
       108003428028825        3428         108       22014.557
       108003428028825        3428         108       22014.557
       108003428027898        3428         108       22014.557
       108003428027898        3428         108       22014.557
       108003428027898        3428         108       22014.557
       108003573000007        3573         108       4485.0000
       109024465000007       24465         109       117258.25
       115000113006223         113         115       22014.557
       115000113006478         113         115       22014.557
       115000113000007         113         115       24.444444
       116012772000007       12772         116       34009.097
       119000370000007         370         119       6131.0870
       120006028000007        6028         120       2890.4000
       122005116000007        5116         122       117258.25
       125010252007071       10252         125       4675.6667
       125015042000007       15042         125       54101.531
       128013372000042       13372         128       54101.531
       130006674000007        6674         130       34009.097
       133001038000007        1038         133       14369.926
       135006431000007        6431         135       4675.6667
       136018630000007       18630         136       22014.557
       137006682000007        6682         137       26852.750
       138002409000007        2409         138       26852.750
       138002850000007        2850         138       34009.097
       145000162000007         162         145       6131.0870
       145010792000007       10792         145       54101.531
       147012281000007       12281         147       2890.4000
       148000045000007          45         148       158.66667
       148000045004954          45         148       22014.557
       148000045004976          45         148       22014.557
       150000099000007          99         150       819.18182
       153000056000007          56         153       408.91667
       153000233000007         233         153       4675.6667
       154000062000007          62         154       82.230769
       154000062004617          62         154       10385.000
       154000062004618          62         154       10385.000
       154000062004652          62         154       10385.000
       154000062004656          62         154       10385.000
       154000062005154          62         154       10385.000
       154000062005187          62         154       10385.000
       154000062004647          62         154       22014.557
       154000062006437          62         154       117258.25
       154012697000007       12697         154       4485.0000
       155002097000007        2097         155       34009.097
       156000051000007          51         156       54101.531
       156000599000007         599         156       34009.097
       157019088000007       19088         157       117258.25
       159019024000042       19024         159       408.91667
       159019024003149       19024         159       10385.000
       161001899000007        1899         161       26852.750
       161021202000007       21202         161       34009.097
       161021202000063       21202         161       10385.000
       162020764012733       20764         162       10385.000
       162020764015683       20764         162       10385.000
       162020764015705       20764         162       10385.000
       162020764000007       20764         162       8.4444444
       162020764013242       20764         162       8839.7077
       162020764017160       20764         162       117258.25
       162020764017126       20764         162       22014.557
       162020764017199       20764         162       22014.557
       162020764013244       20764         162       22014.557
       162020764012729       20764         162       22014.557
       163000314000007         314         163       4675.6667
       163017457000007       17457         163       34009.097
       165000087000007          87         165       408.91667
       165013598000007       13598         165       26852.750
       167013895000007       13895         167       54101.531
       168008915000007        8915         168       4675.6667
       169000043000007          43         169       24.444444
       169000043009952          43         169       10385.000
       169000043009962          43         169       10385.000
       169000043010472          43         169       22014.557
       169000048002348          48         169       10385.000
       169000048000007          48         169       408.91667
       169000048002326          48         169       8839.7077
       169000103000007         103         169       1627.2000
       169001170000007        1170         169       14369.926
       169001486000007        1486         169       14369.926
       170000066009718          66         170       10385.000
       170000066009768          66         170       10385.000
       170000066009951          66         170       10385.000
       170000066010147          66         170       10385.000
       170000066009423          66         170       10385.000
       170000066000007          66         170       24.444444
       170000066009424          66         170       22014.557
       170000066009422          66         170       22014.557
       171004244000007        4244         171       6131.0870
       172000363012910         363         172       8839.7077
       172000363013335         363         172       8839.7077
       172000363013543         363         172       8839.7077
       172000363000007         363         172       24.444444
       172000363012879         363         172       10385.000
       172000363012887         363         172       10385.000
       172000481000007         481         172       4485.0000
       176003238000007        3238         176       158.66667
       178003553000007        3553         178       54101.531
       178015154008627       15154         178       22014.557
       178015154000007       15154         178       82.230769
       178015154008142       15154         178       8839.7077
       178015154008509       15154         178       10385.000
       178015154008141       15154         178       10385.000
       179023386000007       23386         179       22014.557
       180006568000007        6568         180       54101.531
       180023291000007       23291         180       2890.4000
       187013727000226       13727         187       11715.850
       189002097000007        2097         189       11715.850
       189009696000007        9696         189       117258.25
       190004177018705        4177         190       22014.557
       190004177016544        4177         190       22014.557
       190004177016545        4177         190       22014.557
       190004177016554        4177         190       22014.557
       190004177018185        4177         190       22014.557
       190004177020005        4177         190       10385.000
       190004177016552        4177         190       10385.000
       190004177000007        4177         190       8.4444444
       190004177016548        4177         190       8839.7077
       190004177018240        4177         190       9876.0000
       193000472000007         472         193       14369.926
       194000043000007          43         194       8.4444444
       194000051000007          51         194       408.91667
       194000051001461          51         194       10385.000
       194000051001430          51         194       22014.557
       195004256000007        4256         195       22014.557
       195010673000007       10673         195       34009.097
       196017738000007       17738         196       54101.531
       197000054001358          54         197       10385.000
       197000054001702          54         197       10385.000
       197000054000007          54         197       819.18182
       197000183000007         183         197       4485.0000
       200000073021283          73         200       3.8333333
       200000073049786          73         200       8839.7077
       200000073049787          73         200       10385.000
       200000073049789          73         200       10385.000
       200000073049800          73         200       10385.000
       200000073049765          73         200       10385.000
       200000073049767          73         200       10385.000
       200000073049771          73         200       10385.000
       200000073049834          73         200       10385.000
       200000073049801          73         200       22014.557
       200002058000007        2058         200       34009.097
       201001406000007        1406         201       34009.097
       203000484000007         484         203       11715.850
       205000104006414         104         205       10385.000
       205000104006423         104         205       10385.000
       205000104006452         104         205       10385.000
       205000104008174         104         205       10385.000
       205000104008717         104         205       10385.000
       205000104006470         104         205       8839.7077
       205000104007167         104         205       8839.7077
       205000104006425         104         205       8839.7077
       205000104000007         104         205       24.444444
       205000104007172         104         205       22014.557
       205000104007902         104         205       22014.557
       210000069016789          69         210       22014.557
       210000069014264          69         210       22014.557
       210000069000007          69         210       8.4444444
       210000069014610          69         210       10385.000
       210000069014625          69         210       10385.000
       210000069015072          69         210       10385.000
       210008018000007        8018         210       6131.0870
       210010839000007       10839         210       34009.097
       211008907042097        8907         211       22014.557
       211008907034440        8907         211       24.444444
       211008907041615        8907         211       10385.000
       211008907041172        8907         211       10385.000
       211008907041171        8907         211       10385.000
       211008907041168        8907         211       10385.000
       211008907041138        8907         211       10385.000
       211011028000007       11028         211       54101.531
       214000188000007         188         214       4675.6667
       214000188000260         188         214       8839.7077
       215000095000007          95         215       158.66667
       215008121000007        8121         215       14369.926
       222003930006340        3930         222       10385.000
       222003930000007        3930         222       82.230769
       222003930005929        3930         222       9876.0000
       223003428000007        3428         223       34009.097
       224000081001192          81         224       8839.7077
       224000081000007          81         224       408.91667
       224000081001283          81         224       22014.557
       227000419000007         419         227       6131.0870
       227002197000007        2197         227       54101.531
       229002732046129        2732         229       54101.531
       229002732028125        2732         229       8839.7077
       229002732030570        2732         229       8839.7077
       229002732000007        2732         229       3.8333333
       229002732028096        2732         229       22014.557
       229002732029173        2732         229       22014.557
       229002732030513        2732         229       22014.557
       229002732045902        2732         229       22014.557
       229002732044212        2732         229       22014.557
       229002732042718        2732         229       22014.557
       229002732030564        2732         229       22014.557
       229002732030680        2732         229       22014.557
       229002732039498        2732         229       22014.557
       229002732029140        2732         229       10385.000
       229002732028033        2732         229       10385.000
       229002732028035        2732         229       10385.000
       229002732028055        2732         229       10385.000
       229002732028067        2732         229       10385.000
       229002732030541        2732         229       10385.000
       229002732030557        2732         229       10385.000
       229002732039568        2732         229       10385.000
       229002732042673        2732         229       10385.000
       229002732042769        2732         229       10385.000
       229002732044189        2732         229       10385.000
       229002732045939        2732         229       10385.000
       229002732046014        2732         229       10385.000
       229002732045879        2732         229       10385.000
       232010254000007       10254         232       117258.25
       236003714000007        3714         236       10385.000
       236017190000007       17190         236       10385.000
       237014484000007       14484         237       819.18182
       238010996000007       10996         238       8839.7077
       240000583000007         583         240       14369.926
       243010928015552       10928         243       22014.557
       243010928016391       10928         243       22014.557
       243010928016417       10928         243       22014.557
       243010928014153       10928         243       22014.557
       243010928015295       10928         243       22014.557
       243010928014114       10928         243       10385.000
       243010928014149       10928         243       10385.000
       243010928015323       10928         243       10385.000
       243010928000007       10928         243       8.4444444
       243012035000007       12035         243       14369.926
       246006859000007        6859         246       34009.097
       248000180000007         180         248       4675.6667
       249013105000007       13105         249       26852.750
       256001734000007        1734         256       34009.097
       256003214000007        3214         256       34009.097
       256011898000007       11898         256       10385.000
       259001373000062        1373         259       54101.531
       262009737000007        9737         262       6131.0870
       263001506000007        1506         263       6131.0870
       263003926000052        3926         263       82.230769
       263003926007039        3926         263       10385.000
       263003926007106        3926         263       22014.557
       263003926007143        3926         263       22014.557
       263007820000007        7820         263       117258.25
       264011496050722       11496         264       117258.25
       264011496048217       11496         264       22014.557
       264011496050616       11496         264       22014.557
       264011496043092       11496         264       22014.557
       264011496051684       11496         264       22014.557
       264011496052388       11496         264       22014.557
       264011496043059       11496         264       10385.000
       264011496048249       11496         264       10385.000
       264011496049199       11496         264       10385.000
       264011496049220       11496         264       10385.000
       264011496050698       11496         264       10385.000
       264011496032337       11496         264       8.4444444
       264011496043085       11496         264       8839.7077
       264011496043120       11496         264       8839.7077
       265000037000007          37         265       819.18182
       266002084000007        2084         266       11715.850
       268017129000007       17129         268       22014.557
       270010313000007       10313         270       26852.750
       271000368000007         368         271       11715.850
       274011843000007       11843         274       117258.25
       275000953000007         953         275       34009.097
       277000494000007         494         277       6131.0870
       277003188000007        3188         277       34009.097
       278002195000007        2195         278       34009.097
       279000348000007         348         279       6131.0870
       280020898000007       20898         280       6131.0870
       281000055006634          55         281       8839.7077
       281000055007026          55         281       8839.7077
       281000055000007          55         281       158.66667
       283002605000007        2605         283       14369.926
       285006846041714        6846         285       22014.557
       285006846041703        6846         285       22014.557
       285006846045338        6846         285       22014.557
       285006846044505        6846         285       22014.557
       285006846036917        6846         285       22014.557
       285006846036937        6846         285       22014.557
       285006846037972        6846         285       22014.557
       285006846036991        6846         285       22014.557
       285006846036945        6846         285       10385.000
       285006846036974        6846         285       10385.000
       285006846036983        6846         285       10385.000
       285006846037014        6846         285       10385.000
       285006846037025        6846         285       10385.000
       285006846037028        6846         285       10385.000
       285006846037956        6846         285       10385.000
       285006846044492        6846         285       10385.000
       285006846045284        6846         285       10385.000
       285006846037994        6846         285       10385.000
       285006846038015        6846         285       10385.000
       285006846041709        6846         285       10385.000
       285006846019306        6846         285       3.8333333
       285006846036985        6846         285       8839.7077
       285006846044485        6846         285       8839.7077
       286000000000007           0         286       4675.6667
       291003902000007        3902         291       14369.926
       294001097008281        1097         294       22014.557
       294001097008258        1097         294       10385.000
       294001097000007        1097         294       82.230769
       294001097009517        1097         294       8839.7077
       296003841034029        3841         296       24.444444
       296003841044551        3841         296       10385.000
       296003841044554        3841         296       10385.000
       296003841045704        3841         296       22014.557
       297002196000007        2196         297       26852.750
       305000144000007         144         305       2890.4000
       305001842000007        1842         305       26852.750
       306001869000007        1869         306       26852.750
       308002292000007        2292         308       819.18182
       312022812000007       22812         312       24.444444
       312022812012692       22812         312       8839.7077
       312022812009084       22812         312       10385.000
       312022812014150       22812         312       22014.557
       312022812013338       22812         312       10385.000
       314012991007750       12991         314       10385.000
       314012991006982       12991         314       10385.000
       314012991006988       12991         314       10385.000
       314012991007002       12991         314       10385.000
       314012991008221       12991         314       22014.557
       314012991007301       12991         314       8839.7077
       314012991000007       12991         314       24.444444
       314015604000007       15604         314       54101.531
       315000038000007          38         315       22014.557
       317000482000007         482         317       6131.0870
       320000072000007          72         320       819.18182
       321003667000007        3667         321       14369.926
       325012900000007       12900         325       54101.531
       331001629003850        1629         331       22014.557
       331001629000007        1629         331       158.66667
       331001629003380        1629         331       8839.7077
       331001629003241        1629         331       10385.000
       331001629003256        1629         331       10385.000
       331001629003868        1629         331       10385.000
       331001629003999        1629         331       10385.000
       331006980000007        6980         331       117258.25
       333000076008556          76         333       22014.557
       333000076008759          76         333       22014.557
       333000076007562          76         333       10385.000
       333000076007398          76         333       10385.000
       333000076000007          76         333       24.444444
       336000082000007          82         336       1627.2000
       336000082000622          82         336       10385.000
       336000082000612          82         336       22014.557
       338000065007228          65         338       10385.000
       338000065007360          65         338       10385.000
       338000065007548          65         338       10385.000
       338000065000007          65         338       82.230769
       340000144000007         144         340       2890.4000
       340021223003020       21223         340       6131.0870
       342014435000007       14435         342       4675.6667
       343000134000007         134         343       1627.2000
       343002026000007        2026         343       34009.097
       345001414000007        1414         345       14369.926
       345002253000007        2253         345       26852.750
       346012948000007       12948         346       22014.557
       349011371000007       11371         349       4485.0000
       349011371000281       11371         349       10385.000
       350000266000089         266         350       11715.850
       353000105000007         105         353       158.66667
       353000105003052         105         353       8839.7077
       353016418000007       16418         353       34009.097
       354014159000007       14159         354       34009.097
       355010857000007       10857         355       819.18182
       356015513000007       15513         356       14369.926
       357001828000007        1828         357       26852.750
       357019842000007       19842         357       158.66667
       357019842004365       19842         357       8839.7077
       357019842004347       19842         357       10385.000
       357019843003277       19843         357       10385.000
       357019843003425       19843         357       10385.000
       357019843002948       19843         357       10385.000
       357019843000007       19843         357       158.66667
       357019847000007       19847         357       819.18182
       357020011000007       20011         357       6131.0870
       358000099006843          99         358       34009.097
       359000104017260         104         359       54101.531
       359000104014317         104         359       10385.000
       359000104014337         104         359       10385.000
       359000104016220         104         359       10385.000
       359000104014285         104         359       10385.000
       359000104000007         104         359       8.4444444
       360000665000007         665         360       14369.926
       361009782000007        9782         361       82.230769
       361009782006635        9782         361       10385.000
       361009782004191        9782         361       10385.000
       361009782004190        9782         361       10385.000
       361009782004180        9782         361       10385.000
       362000721000007         721         362       11715.850
       363021800000007       21800         363       14369.926
       365024896000007       24896         365       14369.926
       366000141000007         141         366       1627.2000
       368000262000007         262         368       14369.926
       369002684000007        2684         369       117258.25
       369006546000007        6546         369       82.230769
       369006546004129        6546         369       10385.000
       369006582000007        6582         369       1627.2000
       371010797000007       10797         371       14369.926
       372000597000007         597         372       11715.850
       374000199000007         199         374       2890.4000
       374001694000007        1694         374       34009.097
       374019281000007       19281         374       8.4444444
       376003655000007        3655         376       54101.531
       376016241000007       16241         376       54101.531
       377000734000124         734         377       14369.926
       379000240000007         240         379       4485.0000
       385000563000007         563         385       26852.750
       387000334000007         334         387       4675.6667
       388000049000007          49         388       1.2500000
       388000049000007          49         388       1.2500000
       388000049000007          49         388       1.2500000
       388000049053745          49         388       9876.0000
       388000049053745          49         388       9876.0000
       388000049053745          49         388       9876.0000
       388000049053748          49         388       10385.000
       388000049053748          49         388       10385.000
       388000049053748          49         388       10385.000
       388000049053796          49         388       10385.000
       388000049053796          49         388       10385.000
       388000049053796          49         388       10385.000
       388000049053738          49         388       10385.000
       388000049053738          49         388       10385.000
       388000049053738          49         388       10385.000
       388000049053830          49         388       10385.000
       388000049053830          49         388       10385.000
       388000049053830          49         388       10385.000
       388000049055578          49         388       10385.000
       388000049055578          49         388       10385.000
       388000049055578          49         388       10385.000
       388000049055529          49         388       10385.000
       388000049055529          49         388       10385.000
       388000049055529          49         388       10385.000
       388000049057360          49         388       10385.000
       388000049057360          49         388       10385.000
       388000049058634          49         388       10385.000
       388000049058634          49         388       10385.000
       388000049058647          49         388       10385.000
       388000049058647          49         388       10385.000
       388000049059785          49         388       10385.000
       388000049057285          49         388       10385.000
       388000049057285          49         388       10385.000
       388000049064087          49         388       10385.000
       388000049055611          49         388       8839.7077
       388000049055611          49         388       8839.7077
       388000049055611          49         388       8839.7077
       388000049055631          49         388       8839.7077
       388000049055631          49         388       8839.7077
       388000049055631          49         388       8839.7077
       388000049055650          49         388       8839.7077
       388000049055650          49         388       8839.7077
       388000049055650          49         388       8839.7077
       388000049053798          49         388       54101.531
       388000049053798          49         388       54101.531
       388000049053798          49         388       54101.531
       388000049064049          49         388       117258.25
       388000049055546          49         388       22014.557
       388000049055546          49         388       22014.557
       388000049055546          49         388       22014.557
       388000049057258          49         388       22014.557
       388000049057258          49         388       22014.557
       388000049064121          49         388       22014.557
       388000049057305          49         388       22014.557
       388000049057305          49         388       22014.557
       388000049059848          49         388       22014.557
       388000049063937          49         388       22014.557
       388000049064027          49         388       22014.557
       388000049053834          49         388       22014.557
       388000049053834          49         388       22014.557
       388000049053834          49         388       22014.557
       388000049055497          49         388       22014.557
       388000049055497          49         388       22014.557
       388000049055497          49         388       22014.557
       388000049053797          49         388       22014.557
       388000049053797          49         388       22014.557
       388000049053797          49         388       22014.557
       388000049053761          49         388       22014.557
       388000049053761          49         388       22014.557
       388000049053761          49         388       22014.557
       388000049053774          49         388       22014.557
       388000049053774          49         388       22014.557
       388000049053774          49         388       22014.557
       388000049064163          49         388       26852.750
       390000303000007         303         390       11715.850
       390002697000007        2697         390       117258.25
       395000102007135         102         395       10385.000
       395000102007137         102         395       10385.000
       395000102000007         102         395       24.444444
       397000109000007         109         397       4485.0000
       397011152005760       11152         397       24.444444
       397011152015004       11152         397       8839.7077
       397011152015515       11152         397       10385.000
       397011152015527       11152         397       22014.557
       397012410000007       12410         397       26852.750
       398003197000007        3197         398       54101.531
       398012583000007       12583         398       819.18182
       404023052000007       23052         404       819.18182
       406002066004877        2066         406       82.230769
       406002066010418        2066         406       10385.000
       406003892000007        3892         406       26852.750
       407000569014707         569         407       10385.000
       407000569014709         569         407       10385.000
       407000569014715         569         407       10385.000
       407000569000007         569         407       3.8333333
       407026773000007       26773         407       117258.25
       409010903000007       10903         409       1627.2000
       409010914000007       10914         409       1627.2000
       409011376000007       11376         409       14369.926
       413000087000007          87         413       82.230769
       413000087004645          87         413       10385.000
       414000127000007         127         414       4485.0000
       414012734000007       12734         414       14369.926
       415017126000007       17126         415       26852.750
       418000063000007          63         418       8.4444444
       419001233000007        1233         419       14369.926
       423000323000007         323         423       6131.0870
       423004112000007        4112         423       117258.25
       425001854000007        1854         425       26852.750
       425019680002970       19680         425       22014.557
       425019680000007       19680         425       158.66667
       427020483000007       20483         427       117258.25
       430008533011899        8533         430       22014.557
       430008533013091        8533         430       22014.557
       430008533014809        8533         430       22014.557
       430008533000007        8533         430       8.4444444
       430008533011921        8533         430       8839.7077
       430008533011876        8533         430       10385.000
       430008533011936        8533         430       10385.000
       430009599010600        9599         430       10385.000
       430009599010291        9599         430       10385.000
       430009599010297        9599         430       10385.000
       430009599010314        9599         430       10385.000
       430009599010315        9599         430       10385.000
       430009599010319        9599         430       10385.000
       430009599010283        9599         430       8839.7077
       430009599000135        9599         430       24.444444
       430009599010597        9599         430       22014.557
       431022065000007       22065         431       158.66667
       431022065003211       22065         431       10385.000
       431022065003187       22065         431       10385.000
       431022065003185       22065         431       10385.000
       431022065003748       22065         431       10385.000
       431022065004084       22065         431       10385.000
       431022243000007       22243         431       4675.6667
       431022704000007       22704         431       14369.926
       432017396000007       17396         432       54101.531
       434000274000007         274         434       4675.6667
       436017494000007       17494         436       3.8333333
       436017494020841       17494         436       10385.000
       436017494020843       17494         436       10385.000
       436017494020920       17494         436       10385.000
       436017494022197       17494         436       10385.000
       436017494023204       17494         436       10385.000
       436017494023253       17494         436       10385.000
       436017494024727       17494         436       10385.000
       436017494025537       17494         436       10385.000
       436017494023186       17494         436       10385.000
       436017494022217       17494         436       22014.557
       436017494025410       17494         436       22014.557
       436017494025504       17494         436       22014.557
       436017494023190       17494         436       22014.557
       436017494028502       17494         436       22014.557
       436017494028539       17494         436       22014.557
       436017494028566       17494         436       22014.557
       436017494020922       17494         436       22014.557
       436017494022162       17494         436       22014.557
       436017494022182       17494         436       22014.557
       436017494020897       17494         436       22014.557
       436018063000007       18063         436       11715.850
       436020542000105       20542         436       14369.926
       437006053000007        6053         437       26852.750
       440013254000007       13254         440       22014.557
       447000144003122         144         447       22014.557
       447000144002873         144         447       10385.000
       447000144003050         144         447       10385.000
       447000144000007         144         447       158.66667
       447023565000007       23565         447       54101.531
       449006101000007        6101         449       34009.097
       453000178000635         178         453       117258.25
       454005985000007        5985         454       54101.531
       457000559000007         559         457       6131.0870
       461000711000007         711         461       11715.850
       463010953000007       10953         463       117258.25
       464002009000007        2009         464       6131.0870
       464002009000114        2009         464       10385.000
       466000123000982         123         466       8839.7077
       467011930000007       11930         467       117258.25
       468006687000007        6687         468       54101.531
       469003337002572        3337         469       10385.000
       469003337003256        3337         469       10385.000
       469003337000007        3337         469       158.66667
       475005849000007        5849         475       117258.25
       476000587000007         587         476       14369.926
       476000759000007         759         476       11715.850
       481000548000070         548         481       14369.926
       482000759000007         759         482       11715.850
       483000082000007          82         483       24.444444
       487015763000007       15763         487       819.18182
       487015763001544       15763         487       8839.7077
       488000560000007         560         488       11715.850
       490000091000007          91         490       158.66667
       496001062005669        1062         496       408.91667
       497000064000007          64         497       26852.750
       497003436000007        3436         497       408.91667
       498000251000007         251         498       2890.4000
       498019825000007       19825         498       24.444444
       498019825011872       19825         498       10385.000
       498019825011890       19825         498       10385.000
       498019825011898       19825         498       10385.000
       498019825011901       19825         498       10385.000
       498019825012947       19825         498       10385.000
       498019825013165       19825         498       22014.557
       498019825013214       19825         498       54101.531
       502002206000941        2206         502       10385.000
       502002206000007        2206         502       1627.2000
       502002446000007        2446         502       4675.6667
       503014162000007       14162         503       10385.000
       508001187000007        1187         508       14369.926
       509018184000007       18184         509       22014.557
