         202
               7004974           7           0       864.28571
         3000166000022         166           3       9679.0667
         5022666003285       22666           5       54824.455
         9019517000022       19517           9       5709.3750
        32000113000312         113          32       38104.684
        35000809000022         809          35       54824.455
        35014473000022       14473          35       272103.25
        37003849000022        3849          37       793294.00
        38000084000479          84          38       5709.3750
        38014458004974       14458          38       54824.455
        39000395000022         395          39       25101.765
        41000000000022           0          41       298.00000
        42010404000022       10404          42       54824.455
        47002069000022        2069          47       172.16667
        47003041000022        3041          47       25101.765
        48000022060448          22          48       25101.765
        49011925000258       11925          49       25101.765
        50001033000022        1033          50       38104.684
        54000236000439         236          54       25101.765
        54000310000022         310          54       6832.4167
        55000124008563         124          55       25101.765
        56000012000022          12          56       1800.0000
        56002681000022        2681          56       90987.455
        59000314000022         314          59       16606.933
        61006138000022        6138          61       38104.684
        64001831000022        1831          64       90987.455
        69000027003407          27          69       38104.684
        70002433000022        2433          70       90987.455
        70015704000022       15704          70       25101.765
        71000075013020          75          71       16606.933
        71000697000104         697          71       793294.00
        74005280000022        5280          74       16606.933
        82002952000022        2952          82       54824.455
        83002255000022        2255          83       54824.455
        85019947019796       19947          85       6832.4167
        86000220000252         220          86       16606.933
        87001971000022        1971          87       54824.455
        88004378000444        4378          88       6832.4167
        89003416000022        3416          89       1800.0000
        89003787000022        3787          89       9679.0667
        91001047000022        1047          91       25101.765
        92000377000022         377          92       9679.0667
        95000131005941         131          95       38104.684
        99011959016395       11959          99       16606.933
       100000049000671          49         100       54824.455
       100003255000022        3255         100       90987.455
       103000353000123         353         103       38104.684
       104019782003843       19782         104       90987.455
       106000228000022         228         106       5709.3750
       108006015000022        6015         108       54824.455
       111000713000022         713         111       90987.455
       121000117000022         117         121       4035.0000
       128008378000164        8378         128       16606.933
       131020619000022       20619         131       1330102.5
       132000221000022         221         132       9679.0667
       135000116000022         116         135       56.000000
       135007790000022        7790         135       54824.455
       137004451000022        4451         137       9679.0667
       142009147012725        9147         142       864.28571
       143004686000022        4686         143       25101.765
       144009957001762        9957         144       1800.0000
       144010163000264       10163         144       272103.25
       148000153000022         153         148       6832.4167
       149000052034229          52         149       90987.455
       149000370000022         370         149       9679.0667
       150000302000022         302         150       6832.4167
       156009239000347        9239         156       38104.684
       156009693000100        9693         156       54824.455
       157000098006586          98         157       4035.0000
       158004486000121        4486         158       38104.684
       166000033017435          33         166       38104.684
       169000116000651         116         169       38104.684
       169000595000214         595         169       272103.25
       170000636000022         636         170       25101.765
       172000363039877         363         172       38104.684
       172000371000022         371         172       298.00000
       176003407000246        3407         176       54824.455
       182000144000505         144         182       5709.3750
       187000347000022         347         187       9679.0667
       190008269000197        8269         190       272103.25
       196016351000022       16351         196       38104.684
       197000838000022         838         197       16606.933
       198000097005886          97         198       90987.455
       198000144000336         144         198       9679.0667
       200000073021298          73         200       1.6000000
       202013624000022       13624         202       298.00000
       204011660000022       11660         204       298.00000
       205000112001387         112         205       6832.4167
       205001263000022        1263         205       25101.765
       206007501000022        7501         206       272103.25
       207000168000022         168         207       6832.4167
       208004635000022        4635         208       38104.684
       213025215000022       25215         213       793294.00
       214009793000022        9793         214       4035.0000
       216008381000022        8381         216       54824.455
       218029585000022       29585         218       9679.0667
       219000144000022         144         219       298.00000
       221000110000022         110         221       54824.455
       221005440002023        5440         221       54824.455
       226022145002278       22145         226       25101.765
       228004994000022        4994         228       56.000000
       228004996012553        4996         228       864.28571
       229002732000022        2732         229       1.6000000
       232025339000079       25339         232       54824.455
       246002491000628        2491         246       6832.4167
       248000047000022          47         248       172.16667
       249000311000107         311         249       25101.765
       250000237000022         237         250       9679.0667
       256000273000276         273         256       90987.455
       261007318004076        7318         261       9679.0667
       262009465000022        9465         262       6832.4167
       264005823000022        5823         264       1330102.5
       266001318000022        1318         266       1800.0000
       268006923000022        6923         268       272103.25
       269005672000022        5672         269       54824.455
       270009022000226        9022         270       90987.455
       272010082000022       10082         272       864.28571
       277020322000022       20322         277       4035.0000
       280011851000022       11851         280       793294.00
       283001740000337        1740         283       16606.933
       284000102000022         102         284       56.000000
       286006293000022        6293         286       1.6000000
       288000009000024           9         288       1800.0000
       291003472000022        3472         291       16606.933
       292002762000412        2762         292       54824.455
       302007365000631        7365         302       5709.3750
       308005875000022        5875         308       90987.455
       318024182000022       24182         318       272103.25
       319000236000356         236         319       16606.933
       319000638000176         638         319       54824.455
       327000302000022         302         327       9679.0667
       328000064000022          64         328       56.000000
       329004025000022        4025         329       1.6000000
       331001759000022        1759         331       5709.3750
       331003431000022        3431         331       38104.684
       332009829000385        9829         332       172.16667
       333000075000022          75         333       1.6000000
       334013585000022       13585         334       272103.25
       335004152000022        4152         335       16606.933
       341000117000022         117         341       1.6000000
       341014270003247       14270         341       38104.684
       347003521001548        3521         347       25101.765
       348000070000022          70         348       4035.0000
       350000104000022         104         350       298.00000
       359000106009755         106         359       5709.3750
       362005344000022        5344         362       272103.25
       362025534000022       25534         362       25101.765
       364004483000022        4483         364       90987.455
       365000170001353         170         365       90987.455
       367014568000022       14568         367       6832.4167
       368000050000192          50         368       9679.0667
       374003064000022        3064         374       90987.455
       388000049000022          49         388       1.6000000
       391015564000022       15564         391       6832.4167
       397000073000821          73         397       16606.933
       400006308000022        6308         400       172.16667
       403000555000022         555         403       16606.933
       406002066004892        2066         406       172.16667
       407000800000358         800         407       90987.455
       411017542000080       17542         411       90987.455
       411021437000022       21437         411       793294.00
       416000063000022          63         416       864.28571
       416000138000506         138         416       90987.455
       421006370000022        6370         421       56.000000
       426000070006462          70         426       16606.933
       427000985000073         985         427       54824.455
       428002534000022        2534         428       54824.455
       430009599000150        9599         430       56.000000
       433002285000022        2285         433       90987.455
       433013811000496       13811         433       38104.684
       435005534000022        5534         435       272103.25
       436017494000022       17494         436       1.6000000
       441000113004653         113         441       1800.0000
       441004666000022        4666         441       90987.455
       444000107001254         107         444       38104.684
       445008895000022        8895         445       272103.25
       447002215000071        2215         447       90987.455
       453000037000022          37         453       74.000000
       454000172000589         172         454       272103.25
       459001153000022        1153         459       1.6000000
       459026923000022       26923         459       90987.455
       460024512000689       24512         460       4035.0000
       460024530000384       24530         460       9679.0667
       460025493008031       25493         460       298.00000
       461000144001411         144         461       54824.455
       465001784000022        1784         465       9679.0667
       467000099005265          99         467       864.28571
       467001209000022        1209         467       38104.684
       473018395000022       18395         473       90987.455
       474014641000022       14641         474       6832.4167
       478005156000022        5156         478       25101.765
       483016494000022       16494         483       864.28571
       489000129005888         129         489       298.00000
       492000122000978         122         492       25101.765
       496001171000022        1171         496       5709.3750
       496003094000022        3094         496       38104.684
       497003425008552        3425         497       1.6000000
       497003427019020        3427         497       298.00000
       498000647000150         647         498       172.16667
       500013728000022       13728         500       16606.933
       502002189000022        2189         502       1800.0000
       509011588000022       11588         509       793294.00
