        1527
         2004763000064        4763           2       5290.3590
         4000005000735           5           4       6271.5000
         6000037000077          37           6       6276.9711
         6000037000076          37           6       6276.9711
         6000037000209          37           6       6276.9711
         6000037000253          37           6       6276.9711
         6000037000259          37           6       6276.9711
         6000037000290          37           6       6276.9711
         6000037000486          37           6       5290.3590
         6000037000369          37           6       5290.3590
         6000037000478          37           6       5203.9091
         6000037000042          37           6       719.68966
         6000037000152          37           6       8322.0571
         6000037000101          37           6       8322.0571
         6000037000085          37           6       8841.0732
         6000037000105          37           6       8841.0732
         6000043000042          43           6       233.40741
         6000043000105          43           6       5290.3590
         6000043000087          43           6       6276.9711
         7014692000042       14692           7       1025.5965
         8013036000042       13036           8       8841.0732
         9000533000042         533           9       8322.0571
        11000080025226          80          11       2316.7188
        12000052000042          52          12       1025.5965
        12000052000056          52          12       5290.3590
        12000052000558          52          12       5290.3590
        12000052004246          52          12       6276.9711
        12013922001773       13922          12       2316.7188
        12013925003176       13925          12       8322.0571
        13013279000042       13279          13       1025.5965
        14000242000168         242          14       8841.0732
        16013115002295       13115          16       6271.5000
        17000055000174          55          17       6276.9711
        17000055000159          55          17       2316.7188
        17014109013348       14109          17       51.696970
        17014109013637       14109          17       5290.3590
        17014109013419       14109          17       6276.9711
        17014109013417       14109          17       6276.9711
        17014109013644       14109          17       6276.9711
        17014109013820       14109          17       6276.9711
        17014109013829       14109          17       8841.0732
        17014109013425       14109          17       8322.0571
        17015470000042       15470          17       6276.9711
        19001821000042        1821          19       5290.3590
        20000000000155           0          20       5203.9091
        20000000000155           0          20       5203.9091
        20000000000494           0          20       5203.9091
        20000000000494           0          20       5203.9091
        20000000000681           0          20       5203.9091
        20000000000681           0          20       5203.9091
        20000000000684           0          20       5203.9091
        20000000000684           0          20       5203.9091
        20000000000500           0          20       5290.3590
        20000000000500           0          20       5290.3590
        20000000000546           0          20       5290.3590
        20000000000546           0          20       5290.3590
        20000000000159           0          20       5290.3590
        20000000000159           0          20       5290.3590
        20000000000193           0          20       5290.3590
        20000000000193           0          20       5290.3590
        20000000000197           0          20       5290.3590
        20000000000197           0          20       5290.3590
        20000000000042           0          20       9.9117647
        20000000000042           0          20       9.9117647
        20000000000568           0          20       1025.5965
        20000000000568           0          20       1025.5965
        20000000000436           0          20       6276.9711
        20000000000436           0          20       6276.9711
        20000000001141           0          20       6276.9711
        20000000001141           0          20       6276.9711
        20000000001589           0          20       6276.9711
        20000000001589           0          20       6276.9711
        20000000000189           0          20       6276.9711
        20000000000189           0          20       6276.9711
        20000000000156           0          20       6276.9711
        20000000000156           0          20       6276.9711
        20000000000223           0          20       8322.0571
        20000000000223           0          20       8322.0571
        20000000002679           0          20       8322.0571
        20000000002679           0          20       8322.0571
        20000000006314           0          20       8322.0571
        20000002000294           2          20       2316.7188
        20006271000132        6271          20       1025.5965
        20006276000042        6276          20       1025.5965
        21000600000042         600          21       8841.0732
        25000048000042          48          25       719.68966
        25005415000042        5415          25       719.68966
        25005415002983        5415          25       5290.3590
        25005415000059        5415          25       5290.3590
        25005415000227        5415          25       5290.3590
        25005415000500        5415          25       5290.3590
        25005415000068        5415          25       5290.3590
        25005415000077        5415          25       5290.3590
        25005415000110        5415          25       5290.3590
        25005415000114        5415          25       5290.3590
        25005415000060        5415          25       6276.9711
        25005415000599        5415          25       6276.9711
        25005415000176        5415          25       8322.0571
        25005415000082        5415          25       8322.0571
        25005415000065        5415          25       8322.0571
        32000075000121          75          32       1025.5965
        32000081000042          81          32       2316.7188
        32000081000062          81          32       5290.3590
        32000081000072          81          32       5290.3590
        32000081000066          81          32       6276.9711
        32015999008369       15999          32       6276.9711
        32015999008394       15999          32       5290.3590
        32015999008287       15999          32       719.68966
        33012715000042       12715          33       2316.7188
        34000013000906          13          34       5290.3590
        34000013000503          13          34       6276.9711
        34000015000222          15          34       5290.3590
        34000015000222          15          34       5290.3590
        34000015000241          15          34       5203.9091
        34000015000241          15          34       5203.9091
        34000015000042          15          34       2.2380952
        34000015000042          15          34       2.2380952
        34000015000196          15          34       8322.0571
        34000015000196          15          34       8322.0571
        34000015000298          15          34       8322.0571
        34000015000226          15          34       8841.0732
        34000015000226          15          34       8841.0732
        34010763000042       10763          34       8322.0571
        34010763000046       10763          34       6276.9711
        34010774000042       10774          34       8841.0732
        37000043000117          43          37       8322.0571
        37000043000205          43          37       6276.9711
        37000043000042          43          37       9.9117647
        37000043000223          43          37       5203.9091
        37000043000219          43          37       5290.3590
        37000043000130          43          37       5290.3590
        37014524000106       14524          37       5290.3590
        37014524000042       14524          37       233.40741
        37014524000076       14524          37       6276.9711
        37014524000079       14524          37       6276.9711
        37014524000081       14524          37       6276.9711
        37014524000109       14524          37       8322.0571
        42000038000106          38          42       8841.0732
        42000038000301          38          42       6276.9711
        42000038000042          38          42       51.696970
        42000038000151          38          42       5290.3590
        42000038000155          38          42       5290.3590
        42000038000096          38          42       5290.3590
        42000038000117          38          42       5203.9091
        42000099000042          99          42       1025.5965
        42006819000042        6819          42       233.40741
        42006819000776        6819          42       6276.9711
        42006819000093        6819          42       8322.0571
        42006822006044        6822          42       1025.5965
        43001267001285        1267          43       6276.9711
        43001270003850        1270          43       8841.0732
        45003001000042        3001          45       8841.0732
        47002072000306        2072          47       1025.5965
        51000665000049         665          51       5290.3590
        51000665000042         665          51       8322.0571
        55000251000042         251          55       6271.5000
        55000395000042         395          55       6271.5000
        55000395000054         395          55       6276.9711
        59000700000053         700          59       6276.9711
        59000700000042         700          59       6271.5000
        59000700000061         700          59       5290.3590
        59000998000042         998          59       6276.9711
        60000053000910          53          60       6276.9711
        60000053000901          53          60       2316.7188
        64000000000042           0          64       233.40741
        64000000000171           0          64       5290.3590
        64000000000074           0          64       5290.3590
        64000000000071           0          64       5290.3590
        64000000000110           0          64       6276.9711
        64000000000180           0          64       8322.0571
        64000000000190           0          64       8841.0732
        64000000000255           0          64       8322.0571
        64000000000196           0          64       8322.0571
        66000032000224          32          66       8322.0571
        66000032000106          32          66       5290.3590
        66000032000042          32          66       1025.5965
        67015132000042       15132          67       6271.5000
        68010368000048       10368          68       5290.3590
        68010368000042       10368          68       8322.0571
        71000088000223          88          71       5290.3590
        71000088000617          88          71       5203.9091
        72000194000042         194          72       8322.0571
        72018619000042       18619          72       8322.0571
        72018619000044       18619          72       5203.9091
        74004911000168        4911          74       5290.3590
        74004911000263        4911          74       5290.3590
        74004911000042        4911          74       2.2380952
        74004911000162        4911          74       6276.9711
        75000096001153          96          75       8322.0571
        75015543000042       15543          75       8841.0732
        75015543000076       15543          75       6276.9711
        76000028000107          28          76       6276.9711
        76000028000129          28          76       6276.9711
        76000028000042          28          76       233.40741
        76000079000042          79          76       1025.5965
        76018236000042       18236          76       2316.7188
        76018236000052       18236          76       5290.3590
        76018236000059       18236          76       6276.9711
        77021848000042       21848          77       8322.0571
        78000150002276         150          78       8322.0571
        78000150002307         150          78       6276.9711
        78000150002475         150          78       6276.9711
        78000150002575         150          78       6276.9711
        78000150002270         150          78       6276.9711
        78000150002314         150          78       5290.3590
        78000150002584         150          78       5290.3590
        78000150002265         150          78       5290.3590
        78000150002162         150          78       9.9117647
        78000445000042         445          78       5290.3590
        79000038000756          38          79       1025.5965
        79016151000042       16151          79       8841.0732
        80000021000042          21          80       9.9117647
        82000363000042         363          82       6271.5000
        83000081000639          81          83       6276.9711
        83000081000639          81          83       6276.9711
        83000081000899          81          83       5290.3590
        83000081000899          81          83       5290.3590
        83000081002961          81          83       5290.3590
        83000081002961          81          83       5290.3590
        83000119000042         119          83       2316.7188
        83000268000054         268          83       6276.9711
        83000268000042         268          83       6271.5000
        83019654006830       19654          83       6271.5000
        83019654000084       19654          83       6276.9711
        83019654000106       19654          83       6276.9711
        83019654001936       19654          83       6276.9711
        83019654000100       19654          83       5290.3590
        83019654000575       19654          83       8841.0732
        84000008004355           8          84       2316.7188
        85000088002024          88          85       2316.7188
        88004350000042        4350          88       9.9117647
        88004350000156        4350          88       6276.9711
        88004522000042        4522          88       6271.5000
        89003405011864        3405          89       6276.9711
        89003405011858        3405          89       8322.0571
        89003626000042        3626          89       8841.0732
        89003626000051        3626          89       5203.9091
        92000086000079          86          92       5203.9091
        92000086000085          86          92       5203.9091
        92000086000201          86          92       5290.3590
        92000086000042          86          92       719.68966
        92000256000042         256          92       8322.0571
        93000108000442         108          93       5290.3590
        93000108000442         108          93       5290.3590
        93000108000450         108          93       6276.9711
        93000108000450         108          93       6276.9711
        93000108000091         108          93       6276.9711
        93000108000091         108          93       6276.9711
        93000108000136         108          93       6276.9711
        93000108000136         108          93       6276.9711
        93000108000219         108          93       6276.9711
        93000108000219         108          93       6276.9711
        93000109000126         109          93       5290.3590
        93000109000130         109          93       5203.9091
        93000109000042         109          93       9.9117647
        93000109000133         109          93       8322.0571
        93000943000042         943          93       5290.3590
        94000507000053         507          94       6276.9711
        94000507000042         507          94       8841.0732
        95000196000042         196          95       2316.7188
        96014319002182       14319          96       1025.5965
        97000060000042          60          97       2.2380952
        98004373000042        4373          98       6276.9711
        99000119000177         119          99       6271.5000
       101000138000824         138         101       2316.7188
       102018594000042       18594         102       6276.9711
       104019766000113       19766         104       6276.9711
       104019766000137       19766         104       6276.9711
       104019766000965       19766         104       6276.9711
       104019766000042       19766         104       51.696970
       104019766000953       19766         104       5290.3590
       104019766000128       19766         104       5290.3590
       104019766000132       19766         104       5290.3590
       104019766000202       19766         104       5290.3590
       104019766000490       19766         104       5203.9091
       104019954000042       19954         104       8841.0732
       105000050041311          50         105       6271.5000
       105006742010032        6742         105       2316.7188
       106001817000042        1817         106       6276.9711
       107000119000165         119         107       6276.9711
       107000119000451         119         107       6276.9711
       107000119000248         119         107       6271.5000
       107000119000113         119         107       6276.9711
       107000119000119         119         107       6276.9711
       107000119000042         119         107       51.696970
       107000119000347         119         107       5203.9091
       107000119000472         119         107       5290.3590
       107000119000238         119         107       5290.3590
       107000119000117         119         107       8322.0571
       108003428003149        3428         108       8322.0571
       108003428003071        3428         108       5290.3590
       108003428003141        3428         108       5290.3590
       108003428003012        3428         108       51.696970
       108003428003073        3428         108       6276.9711
       108003428003135        3428         108       6276.9711
       108003428003054        3428         108       6276.9711
       108003428003380        3428         108       6276.9711
       108003462001220        3462         108       6276.9711
       108003573000042        3573         108       6271.5000
       108003573000045        3573         108       5290.3590
       110010641000247       10641         110       1025.5965
       112000041000581          41         112       6271.5000
       115012614000129       12614         115       6276.9711
       115012614000129       12614         115       6276.9711
       115012614000129       12614         115       6276.9711
       115012614000145       12614         115       6276.9711
       115012614000145       12614         115       6276.9711
       115012614000226       12614         115       6276.9711
       115012614000226       12614         115       6276.9711
       115012614003435       12614         115       6276.9711
       115012614003435       12614         115       6276.9711
       115012614000042       12614         115       2.2380952
       115012614000042       12614         115       2.2380952
       115012614000042       12614         115       2.2380952
       115012614000272       12614         115       5290.3590
       115012614000272       12614         115       5290.3590
       115012614000223       12614         115       5290.3590
       115012614000223       12614         115       5290.3590
       115012614000533       12614         115       5290.3590
       115012614000533       12614         115       5290.3590
       115012614000525       12614         115       5203.9091
       115012614000525       12614         115       5203.9091
       115012614001671       12614         115       5203.9091
       115012614001671       12614         115       5203.9091
       115012614000237       12614         115       8322.0571
       115012614000237       12614         115       8322.0571
       119000370000042         370         119       6271.5000
       120006028000042        6028         120       8841.0732
       122000107000875         107         122       5290.3590
       122000107000863         107         122       2316.7188
       124009589030228        9589         124       2316.7188
       125010252007106       10252         125       8322.0571
       126000089024112          89         126       2.2380952
       126000089024911          89         126       5290.3590
       126000089024343          89         126       5290.3590
       126000089024563          89         126       5290.3590
       126000089024248          89         126       5203.9091
       126000089024574          89         126       6276.9711
       126000089024456          89         126       6276.9711
       126000089024280          89         126       6276.9711
       126000089024335          89         126       6276.9711
       126000089024338          89         126       6276.9711
       126000089024246          89         126       6276.9711
       126003741013266        3741         126       2316.7188
       126003744004187        3744         126       6276.9711
       128008178000152        8178         128       6276.9711
       128008178000305        8178         128       6276.9711
       128008178000311        8178         128       6276.9711
       128008178000554        8178         128       6276.9711
       128008178000159        8178         128       6276.9711
       128008178000108        8178         128       6276.9711
       128008178000881        8178         128       6271.5000
       128008178000918        8178         128       5203.9091
       128008178000577        8178         128       5203.9091
       128008178000105        8178         128       5203.9091
       128008178000286        8178         128       5203.9091
       128008178001199        8178         128       5203.9091
       128008178001512        8178         128       5290.3590
       128008178000411        8178         128       5290.3590
       128008178000559        8178         128       5290.3590
       128008178000293        8178         128       5290.3590
       128008178000155        8178         128       5290.3590
       128008178000568        8178         128       8322.0571
       130006674000042        6674         130       6276.9711
       131003558000042        3558         131       1025.5965
       134000029000270          29         134       1025.5965
       135006431000042        6431         135       8322.0571
       138002409000042        2409         138       5290.3590
       139008494004010        8494         139       5290.3590
       139008494003967        8494         139       233.40741
       139008494004654        8494         139       6276.9711
       142009157000042        9157         142       9.9117647
       142009157000111        9157         142       5203.9091
       144000035000377          35         144       5290.3590
       144000035000394          35         144       5290.3590
       144000035000256          35         144       51.696970
       144000035000388          35         144       6276.9711
       144000035000400          35         144       6276.9711
       144000035000339          35         144       8322.0571
       145000162000042         162         145       8841.0732
       145000162000077         162         145       5290.3590
       145006407000100        6407         145       6276.9711
       149000052007658          52         149       5290.3590
       149000052007594          52         149       5203.9091
       149000052007518          52         149       9.9117647
       149000052007645          52         149       8322.0571
       150000099000055          99         150       5290.3590
       152000134000042         134         152       2316.7188
       152019434000042       19434         152       719.68966
       152019434000114       19434         152       6276.9711
       152019434000193       19434         152       6276.9711
       152019434000099       19434         152       6276.9711
       152019434000094       19434         152       6276.9711
       153000056000089          56         153       6276.9711
       153000056000042          56         153       233.40741
       153000056000093          56         153       5290.3590
       153000056000104          56         153       5290.3590
       153000233000042         233         153       8322.0571
       154000062000472          62         154       8322.0571
       154000062000042          62         154       233.40741
       156000051000042          51         156       6276.9711
       156000599000042         599         156       5290.3590
       158006413000146        6413         158       9.9117647
       159000082000089          82         159       6271.5000
       159019024000077       19024         159       1025.5965
       159019024000124       19024         159       5203.9091
       161001899000042        1899         161       6276.9711
       161021202000042       21202         161       5290.3590
       162000048070494          48         162       5290.3590
       162000048070497          48         162       5203.9091
       162000048070505          48         162       5203.9091
       162000048070514          48         162       5203.9091
       162000048070411          48         162       233.40741
       162000048070473          48         162       6276.9711
       162000050000042          50         162       51.696970
       162000050000097          50         162       5203.9091
       162000050000223          50         162       8322.0571
       162020764000562       20764         162       5290.3590
       162020764000042       20764         162       719.68966
       162020764000575       20764         162       6276.9711
       163000129000819         129         163       2316.7188
       163000129000834         129         163       5290.3590
       163000314000046         314         163       5290.3590
       163000314000042         314         163       8322.0571
       163016358000073       16358         163       8322.0571
       163016358000042       16358         163       6271.5000
       163016358000058       16358         163       6276.9711
       163016358000063       16358         163       6276.9711
       164000049000057          49         164       6276.9711
       164000049000248          49         164       6276.9711
       164000049000118          49         164       6276.9711
       164000049000069          49         164       5290.3590
       164000049000077          49         164       5290.3590
       164000049000042          49         164       1025.5965
       164000049000124          49         164       8322.0571
       164013197000042       13197         164       6271.5000
       165000087000216          87         165       6276.9711
       165000087000042          87         165       51.696970
       165000087000370          87         165       5290.3590
       165000087000569          87         165       5290.3590
       165000087000126          87         165       5290.3590
       165000087000436          87         165       8322.0571
       165000087000355          87         165       8322.0571
       165000087000097          87         165       8322.0571
       167013895000042       13895         167       5290.3590
       168008915000050        8915         168       5290.3590
       168008915000045        8915         168       6276.9711
       168008915000042        8915         168       8322.0571
       169000043000631          43         169       8322.0571
       169000043000861          43         169       8322.0571
       169000043000134          43         169       5290.3590
       169000043000042          43         169       719.68966
       169000048000688          48         169       5290.3590
       169000103000063         103         169       5290.3590
       169000103000042         103         169       719.68966
       169001170000042        1170         169       5290.3590
       169001486000048        1486         169       6276.9711
       169001486000042        1486         169       8322.0571
       171004126000043        4126         171       6276.9711
       171004126000044        4126         171       6276.9711
       171004126000042        4126         171       5290.3590
       172000363001320         363         172       5290.3590
       172000363000042         363         172       51.696970
       172000363000175         363         172       6276.9711
       172000364000090         364         172       6276.9711
       172000364000128         364         172       6276.9711
       172000364000042         364         172       233.40741
       172000364000173         364         172       5290.3590
       172000364000211         364         172       8322.0571
       172000481000042         481         172       2316.7188
       172008358087805        8358         172       8322.0571
       174000106003477         106         174       1025.5965
       174000106003515         106         174       5290.3590
       174000106003529         106         174       5203.9091
       174000106003517         106         174       6276.9711
       174000106003499         106         174       6276.9711
       176003238000212        3238         176       6276.9711
       176003238000219        3238         176       6276.9711
       176003238000226        3238         176       6276.9711
       176003238000134        3238         176       6276.9711
       176003238000150        3238         176       5203.9091
       176003238000042        3238         176       9.9117647
       176003238000308        3238         176       8322.0571
       177000229000060         229         177       6276.9711
       177000229000065         229         177       6276.9711
       177000229000042         229         177       6271.5000
       178015154000480       15154         178       6276.9711
       178015154000388       15154         178       5203.9091
       178015154000127       15154         178       5290.3590
       178015154000133       15154         178       8322.0571
       180023291000063       23291         180       5203.9091
       180023291000042       23291         180       2316.7188
       180023291000100       23291         180       6276.9711
       187013727000261       13727         187       6276.9711
       189002097000042        2097         189       8841.0732
       190004177000042        4177         190       9.9117647
       190004177000042        4177         190       9.9117647
       190004177000975        4177         190       5290.3590
       190004177000143        4177         190       5290.3590
       190004177000143        4177         190       5290.3590
       190004184000208        4184         190       5290.3590
       190004184000196        4184         190       2316.7188
       191000122019278         122         191       6271.5000
       191024439016800       24439         191       2316.7188
       193000472000042         472         193       6276.9711
       194000043000152          43         194       6276.9711
       194000043000292          43         194       6276.9711
       194000043023787          43         194       6276.9711
       194000043023774          43         194       6276.9711
       194000043000185          43         194       6276.9711
       194000043000145          43         194       6276.9711
       194000043023855          43         194       6276.9711
       194000043000042          43         194       9.9117647
       194000043023597          43         194       2.2380952
       194000043000158          43         194       5290.3590
       194000043000161          43         194       5290.3590
       194000043000177          43         194       5290.3590
       194000043000181          43         194       5290.3590
       194000043023770          43         194       5290.3590
       194000043023772          43         194       5290.3590
       194000043023779          43         194       5290.3590
       194000043000204          43         194       5290.3590
       194000043000225          43         194       5290.3590
       194000043000150          43         194       5290.3590
       194000043000139          43         194       5290.3590
       194000043023764          43         194       5290.3590
       194000043023775          43         194       5203.9091
       194000043000156          43         194       5203.9091
       194000043000144          43         194       5203.9091
       194000043023848          43         194       8322.0571
       194000045001703          45         194       5290.3590
       194000045001570          45         194       9.9117647
       194000045001707          45         194       2316.7188
       194000045001699          45         194       6276.9711
       195010673000042       10673         195       6276.9711
       197000054000144          54         197       6276.9711
       197000054000120          54         197       6276.9711
       197000054000042          54         197       233.40741
       197000054000072          54         197       5290.3590
       197000054000071          54         197       5290.3590
       197000054000124          54         197       5203.9091
       197000054000305          54         197       5203.9091
       197000183000042         183         197       1025.5965
       197022520000042       22520         197       8841.0732
       199019453000834       19453         199       8841.0732
       200000073035231          73         200       5203.9091
       201000081005194          81         201       1025.5965
       201010827011469       10827         201       8841.0732
       201010853000158       10853         201       8322.0571
       202000057022652          57         202       2316.7188
       203000484000042         484         203       6276.9711
       204011662000135       11662         204       6276.9711
       204011662000137       11662         204       6276.9711
       204011662000142       11662         204       6276.9711
       204011662000462       11662         204       6276.9711
       204011662004906       11662         204       6276.9711
       204011662000599       11662         204       6271.5000
       204011662000042       11662         204       9.9117647
       204011662000242       11662         204       51.696970
       204011662001099       11662         204       5203.9091
       204011662000134       11662         204       5203.9091
       204011662001573       11662         204       5290.3590
       204011662001064       11662         204       5290.3590
       204011662002257       11662         204       5290.3590
       204011662000457       11662         204       5290.3590
       204011662000555       11662         204       5290.3590
       204011662000575       11662         204       5290.3590
       204011662000138       11662         204       5290.3590
       204011662001096       11662         204       8322.0571
       204011662001603       11662         204       8322.0571
       204011662000272       11662         204       8322.0571
       204011662000276       11662         204       8322.0571
       204011662000314       11662         204       8322.0571
       204011662000319       11662         204       8841.0732
       205000104000483         104         205       5290.3590
       205000104000144         104         205       5203.9091
       205000104000042         104         205       719.68966
       205000104000094         104         205       6276.9711
       205000108006616         108         205       6271.5000
       206000101000340         101         206       6276.9711
       206000101000320         101         206       1025.5965
       206000101000338         101         206       5203.9091
       206000107000098         107         206       5290.3590
       206000107000100         107         206       5290.3590
       206000107000042         107         206       51.696970
       206000107000101         107         206       6276.9711
       206000107000147         107         206       6276.9711
       206000107000151         107         206       6276.9711
       206000107000106         107         206       8322.0571
       207000366000042         366         207       8841.0732
       207000366000048         366         207       6276.9711
       208003578000042        3578         208       1025.5965
       210008018000042        8018         210       2316.7188
       211008907034499        8907         211       5290.3590
       211008907034502        8907         211       5290.3590
       211008907034595        8907         211       5290.3590
       211008907034605        8907         211       5290.3590
       211008907034536        8907         211       5203.9091
       211008907034532        8907         211       6276.9711
       211008907034547        8907         211       6276.9711
       211008907034619        8907         211       8322.0571
       211008922000768        8922         211       1025.5965
       212000041001255          41         212       6271.5000
       212000041001268          41         212       8322.0571
       212000199000226         199         212       6276.9711
       213000880000042         880         213       6276.9711
       213000880000048         880         213       6276.9711
       213000880000062         880         213       5290.3590
       213014642000480       14642         213       1025.5965
       214000188000042         188         214       8841.0732
       215006862000042        6862         215       51.696970
       215006862000093        6862         215       5290.3590
       215006862000103        6862         215       5290.3590
       215006862000078        6862         215       6276.9711
       215008121000042        8121         215       8841.0732
       218000064006116          64         218       8322.0571
       218000064000185          64         218       8322.0571
       218000064000265          64         218       8322.0571
       218000064000109          64         218       6276.9711
       218000064000107          64         218       5290.3590
       218000064000180          64         218       5290.3590
       218000064000299          64         218       5290.3590
       218000064000085          64         218       5203.9091
       218000064000889          64         218       5203.9091
       218000064000042          64         218       233.40741
       219021372000075       21372         219       6271.5000
       221000159037206         159         221       9.9117647
       221000159037391         159         221       5203.9091
       221000159037333         159         221       6276.9711
       221000159037527         159         221       6276.9711
       221000159037465         159         221       8322.0571
       222003930000593        3930         222       5290.3590
       223026020000177       26020         223       5290.3590
       223026020000171       26020         223       5203.9091
       223026020000170       26020         223       5203.9091
       223026020000042       26020         223       9.9117647
       223026020000172       26020         223       6276.9711
       223026020000158       26020         223       6276.9711
       223026020000164       26020         223       8322.0571
       223026020000176       26020         223       8322.0571
       224000068000086          68         224       8322.0571
       224000068000248          68         224       6276.9711
       224000068000042          68         224       233.40741
       224000068000085          68         224       5203.9091
       224000068000118          68         224       5290.3590
       224000068000181          68         224       5290.3590
       224000068000256          68         224       5290.3590
       224000074004022          74         224       8841.0732
       225000440000042         440         225       6276.9711
       226000080005314          80         226       6276.9711
       226000080005298          80         226       6276.9711
       226000080005405          80         226       6276.9711
       226000080005300          80         226       5290.3590
       226000080005193          80         226       9.9117647
       226000141000449         141         226       5290.3590
       227000153000042         153         227       8841.0732
       227000153000051         153         227       8322.0571
       227000419000042         419         227       8322.0571
       227011743000136       11743         227       5290.3590
       227011743000241       11743         227       5290.3590
       227011743000245       11743         227       5290.3590
       227011743000254       11743         227       5290.3590
       227011743000042       11743         227       9.9117647
       227011743000259       11743         227       6276.9711
       227011743000140       11743         227       6276.9711
       227011743000133       11743         227       6276.9711
       227011869000042       11869         227       6271.5000
       227011869000060       11869         227       5203.9091
       228004994000144        4994         228       5203.9091
       228004994000150        4994         228       5290.3590
       228004994000192        4994         228       5290.3590
       228004994000042        4994         228       9.9117647
       228004994000212        4994         228       6276.9711
       228004994000258        4994         228       6276.9711
       228004994000140        4994         228       8322.0571
       231000140010304         140         231       2316.7188
       233023195000146       23195         233       6276.9711
       234016395000042       16395         234       2316.7188
       234016395000051       16395         234       5290.3590
       234016395000049       16395         234       5290.3590
       235000166008228         166         235       1025.5965
       240000583000042         583         240       8322.0571
       240011806000209       11806         240       8841.0732
       240011806000042       11806         240       51.696970
       240011806000110       11806         240       2316.7188
       240011806000142       11806         240       5290.3590
       242000072007355          72         242       2316.7188
       242000072007372          72         242       8322.0571
       243010928017833       10928         243       8322.0571
       243010928000042       10928         243       9.9117647
       243010928017608       10928         243       9.9117647
       243010928017608       10928         243       9.9117647
       243010928006869       10928         243       2.2380952
       243010928000159       10928         243       5290.3590
       243010928000501       10928         243       5290.3590
       243010928001231       10928         243       5290.3590
       243010928017878       10928         243       5290.3590
       243010928017902       10928         243       5290.3590
       243010928017824       10928         243       5290.3590
       243010928003170       10928         243       5290.3590
       243010928017842       10928         243       5290.3590
       243010928017695       10928         243       5203.9091
       243010928017695       10928         243       5203.9091
       243010928001758       10928         243       6276.9711
       243010928017869       10928         243       6276.9711
       243010928017838       10928         243       6276.9711
       243010928017827       10928         243       6276.9711
       243010928017713       10928         243       6276.9711
       243012035000042       12035         243       8841.0732
       246002458026997        2458         246       6276.9711
       246002458027007        2458         246       5290.3590
       246002458026972        2458         246       1025.5965
       246006859000042        6859         246       5290.3590
       246029962000378       29962         246       6271.5000
       247000142000230         142         247       6276.9711
       247000142000153         142         247       5290.3590
       247000142000042         142         247       2.2380952
       247000142000158         142         247       8322.0571
       248000180000042         180         248       6271.5000
       249011810000155       11810         249       6276.9711
       249011810000042       11810         249       233.40741
       249011810000074       11810         249       8322.0571
       249011810000080       11810         249       8841.0732
       256003214000042        3214         256       6276.9711
       257000036006007          36         257       1025.5965
       258000103000171         103         258       2316.7188
       260001951000299        1951         260       2316.7188
       260001951000307        1951         260       5290.3590
       260001951000306        1951         260       5290.3590
       260001951000310        1951         260       5290.3590
       260001951000308        1951         260       6276.9711
       262009737000042        9737         262       6276.9711
       262009737000066        9737         262       5290.3590
       263001506000042        1506         263       8841.0732
       263003926000150        3926         263       5290.3590
       263003926000087        3926         263       51.696970
       263003926000156        3926         263       6276.9711
       263003926000151        3926         263       6276.9711
       263022845000050       22845         263       5203.9091
       263022845000042       22845         263       8841.0732
       264011826000052       11826         264       6276.9711
       264011826000042       11826         264       6271.5000
       265000037000061          37         265       6276.9711
       265000037000173          37         265       5290.3590
       265000037000042          37         265       1025.5965
       266002084000052        2084         266       5290.3590
       266002084000042        2084         266       8841.0732
       269004260000560        4260         269       2316.7188
       277000072000042          72         277       719.68966
       277000072000167          72         277       8322.0571
       277000494000042         494         277       8322.0571
       278016807000042       16807         278       8841.0732
       279000348000042         348         279       5290.3590
       280020898000042       20898         280       8322.0571
       281000055000077          55         281       8841.0732
       281000055000072          55         281       5290.3590
       281000055000084          55         281       5290.3590
       281000055000042          55         281       719.68966
       281000055000068          55         281       6276.9711
       282004950019287        4950         282       6276.9711
       282004950020011        4950         282       6276.9711
       282004950020022        4950         282       6276.9711
       282004950020358        4950         282       6276.9711
       282004950020908        4950         282       5290.3590
       282004950019133        4950         282       8841.0732
       283002605000042        2605         283       8322.0571
       285006846019461        6846         285       8322.0571
       285006846019440        6846         285       5290.3590
       285006846019441        6846         285       5290.3590
       285006846019443        6846         285       5290.3590
       285006846019689        6846         285       5290.3590
       285006846019638        6846         285       5203.9091
       285006846019729        6846         285       5203.9091
       285006846019341        6846         285       9.9117647
       285006846019501        6846         285       6276.9711
       286000000000042           0         286       8841.0732
       286006293000171        6293         286       8841.0732
       286006293000171        6293         286       8841.0732
       286006293000704        6293         286       8322.0571
       286006293000704        6293         286       8322.0571
       286006293000900        6293         286       8322.0571
       286006293000900        6293         286       8322.0571
       286006293001250        6293         286       8322.0571
       286006293001250        6293         286       8322.0571
       286006293001266        6293         286       8322.0571
       286006293001266        6293         286       8322.0571
       286006293000293        6293         286       8322.0571
       286006293000293        6293         286       8322.0571
       286006293000167        6293         286       8322.0571
       286006293000167        6293         286       8322.0571
       286006293000226        6293         286       6276.9711
       286006293000226        6293         286       6276.9711
       286006293000283        6293         286       6276.9711
       286006293000283        6293         286       6276.9711
       286006293000289        6293         286       6276.9711
       286006293000289        6293         286       6276.9711
       286006293000712        6293         286       6276.9711
       286006293000712        6293         286       6276.9711
       286006293000735        6293         286       6276.9711
       286006293000735        6293         286       6276.9711
       286006293000851        6293         286       6276.9711
       286006293000851        6293         286       6276.9711
       286006293000506        6293         286       6276.9711
       286006293000506        6293         286       6276.9711
       286006293000514        6293         286       6276.9711
       286006293000514        6293         286       6276.9711
       286006293000518        6293         286       6276.9711
       286006293000518        6293         286       6276.9711
       286006293001036        6293         286       6276.9711
       286006293001036        6293         286       6276.9711
       286006293000042        6293         286       2.2380952
       286006293000042        6293         286       2.2380952
       286006293000299        6293         286       2316.7188
       286006293000299        6293         286       2316.7188
       286006293006864        6293         286       2316.7188
       286006293000880        6293         286       1025.5965
       286006293000880        6293         286       1025.5965
       286006293000540        6293         286       5203.9091
       286006293000540        6293         286       5203.9091
       286006293001492        6293         286       5203.9091
       286006293001492        6293         286       5203.9091
       286006293000502        6293         286       5290.3590
       286006293000502        6293         286       5290.3590
       286006293001047        6293         286       5290.3590
       286006293001047        6293         286       5290.3590
       286006293001229        6293         286       5290.3590
       286006293001229        6293         286       5290.3590
       286006293000164        6293         286       5290.3590
       286006293000164        6293         286       5290.3590
       286006293000166        6293         286       5290.3590
       286006293000166        6293         286       5290.3590
       286006293000696        6293         286       5290.3590
       286006293000696        6293         286       5290.3590
       286006293001535        6293         286       5290.3590
       286006293001535        6293         286       5290.3590
       286006293001878        6293         286       5290.3590
       286006293001878        6293         286       5290.3590
       286006293001903        6293         286       5290.3590
       286006293001903        6293         286       5290.3590
       286006293003519        6293         286       5290.3590
       286006293003519        6293         286       5290.3590
       286006293003547        6293         286       5290.3590
       286006293003547        6293         286       5290.3590
       286006293006880        6293         286       5290.3590
       286006293000931        6293         286       5290.3590
       286006293000931        6293         286       5290.3590
       288000023000625          23         288       1025.5965
       290000056005420          56         290       8841.0732
       290000062002485          62         290       1025.5965
       290000159000042         159         290       8322.0571
       290000159000048         159         290       8322.0571
       291003902000042        3902         291       6276.9711
       293000148000148         148         293       6276.9711
       293000148000137         148         293       2316.7188
       294001097000042        1097         294       51.696970
       294001097000426        1097         294       6276.9711
       294001097000680        1097         294       5290.3590
       294001097000119        1097         294       5290.3590
       294001097000121        1097         294       8322.0571
       294001097000415        1097         294       8322.0571
       296003841034263        3841         296       8322.0571
       296003841034178        3841         296       8841.0732
       296003841034467        3841         296       5290.3590
       296003841034173        3841         296       6276.9711
       296003841034734        3841         296       6276.9711
       296003841034273        3841         296       6276.9711
       296003841034064        3841         296       719.68966
       296003841034256        3841         296       5290.3590
       296003841035074        3841         296       5290.3590
       296003841034089        3841         296       5203.9091
       297000068012001          68         297       2316.7188
       297000071000831          71         297       51.696970
       297000071000880          71         297       5290.3590
       297000071000914          71         297       5290.3590
       297000071000917          71         297       5290.3590
       297000071000998          71         297       5290.3590
       297000071001003          71         297       5290.3590
       297000071000872          71         297       6276.9711
       297000071000877          71         297       6276.9711
       297000265000042         265         297       5290.3590
       297002196000042        2196         297       5290.3590
       301005098065404        5098         301       5290.3590
       301005098065361        5098         301       5290.3590
       301005098065373        5098         301       5203.9091
       301005098065294        5098         301       51.696970
       301005098066227        5098         301       6276.9711
       301005098065572        5098         301       6276.9711
       301005098065362        5098         301       6271.5000
       301005098065769        5098         301       8322.0571
       301005098065408        5098         301       8322.0571
       302007333000244        7333         302       6276.9711
       302007333000042        7333         302       233.40741
       302007333000066        7333         302       5203.9091
       302007333000070        7333         302       5290.3590
       302007376000313        7376         302       1025.5965
       303005739007719        5739         303       2316.7188
       305000144000042         144         305       2316.7188
       305000144000057         144         305       8322.0571
       305001842000042        1842         305       8322.0571
       306001869000042        1869         306       5290.3590
       307000100000686         100         307       5290.3590
       307000100000672         100         307       2316.7188
       307000787000042         787         307       6276.9711
       309000110001594         110         309       6276.9711
       309000110000408         110         309       5290.3590
       309000110000628         110         309       5290.3590
       309000110005347         110         309       5290.3590
       309000110007381         110         309       5290.3590
       309000110000393         110         309       5203.9091
       309000110029388         110         309       6271.5000
       309000110000345         110         309       8322.0571
       309000110000643         110         309       8322.0571
       309000110000399         110         309       8322.0571
       311001701000042        1701         311       51.696970
       311001701000123        1701         311       5290.3590
       311001701000144        1701         311       5290.3590
       311001701000237        1701         311       5290.3590
       311001701000116        1701         311       5290.3590
       311001701000177        1701         311       6276.9711
       311001701000119        1701         311       6276.9711
       311001780000068        1780         311       6271.5000
       312000182000091         182         312       6271.5000
       312022812000507       22812         312       6276.9711
       312022812000086       22812         312       6276.9711
       312022812000042       22812         312       51.696970
       312022812000134       22812         312       5203.9091
       312022812000105       22812         312       8322.0571
       313010143000042       10143         313       8322.0571
       314012991000042       12991         314       51.696970
       314012991000108       12991         314       5290.3590
       314012991000257       12991         314       5290.3590
       314012991000686       12991         314       5290.3590
       314015604000042       15604         314       5290.3590
       318000080013901          80         318       8841.0732
       319000120000076         120         319       8841.0732
       319000120000121         120         319       8841.0732
       319000120000323         120         319       8322.0571
       319000120000108         120         319       5290.3590
       319000120000212         120         319       5290.3590
       319000120000223         120         319       5290.3590
       319000120000328         120         319       5290.3590
       319000120000113         120         319       6276.9711
       319000120000117         120         319       6276.9711
       319000120000218         120         319       6276.9711
       319000120000074         120         319       6276.9711
       319000120000608         120         319       6276.9711
       319000120000390         120         319       5203.9091
       319000120000208         120         319       5203.9091
       319000120000042         120         319       719.68966
       319000171000434         171         319       8841.0732
       321003667000042        3667         321       8322.0571
       324014459000200       14459         324       2316.7188
       325010389000042       10389         325       8841.0732
       329004025000606        4025         329       8841.0732
       329004025000042        4025         329       51.696970
       329004025000146        4025         329       6276.9711
       329004025000186        4025         329       6276.9711
       329004025000298        4025         329       6276.9711
       329004025000589        4025         329       6276.9711
       329004025000598        4025         329       6276.9711
       329004025000626        4025         329       6276.9711
       329004025000820        4025         329       6276.9711
       329004025000849        4025         329       6276.9711
       329004025003114        4025         329       6276.9711
       329004025000200        4025         329       6276.9711
       329004025000191        4025         329       5290.3590
       329004025000194        4025         329       5290.3590
       329004025000197        4025         329       5290.3590
       329004025000244        4025         329       5290.3590
       329004025000287        4025         329       5290.3590
       329028615003571       28615         329       8841.0732
       330000078001002          78         330       2316.7188
       331001629000042        1629         331       233.40741
       331001629000099        1629         331       5290.3590
       331001629000169        1629         331       6276.9711
       331001629000090        1629         331       6276.9711
       331001629000094        1629         331       6276.9711
       333000076000107          76         333       6276.9711
       333000076000178          76         333       6276.9711
       333000076000163          76         333       5290.3590
       333009721000119        9721         333       5290.3590
       335003508000229        3508         335       5290.3590
       335003508000129        3508         335       5290.3590
       335003508000131        3508         335       5290.3590
       335003508000267        3508         335       6276.9711
       335003508000273        3508         335       6276.9711
       335003508000042        3508         335       51.696970
       335003508000162        3508         335       719.68966
       335003508000135        3508         335       8322.0571
       335003508000140        3508         335       8322.0571
       336000624000052         624         336       5290.3590
       336000624000042         624         336       6271.5000
       336023206006832       23206         336       233.40741
       336023206006947       23206         336       8322.0571
       337000109002640         109         337       1025.5965
       338000065001042          65         338       719.68966
       338000065001359          65         338       5203.9091
       338000065000177          65         338       5290.3590
       338000065000279          65         338       5290.3590
       338000065001059          65         338       5290.3590
       338019774002413       19774         338       5290.3590
       340000063000204          63         340       5290.3590
       340000063000112          63         340       5290.3590
       340000063000113          63         340       5290.3590
       340000063000146          63         340       6276.9711
       340000063000042          63         340       9.9117647
       340000063000114          63         340       8322.0571
       340000144000042         144         340       2316.7188
       340021218000692       21218         340       233.40741
       340021218000731       21218         340       6276.9711
       340021218000755       21218         340       6276.9711
       340021223003055       21223         340       2316.7188
       341000117000108         117         341       5203.9091
       341000117000129         117         341       5203.9091
       341000117000042         117         341       51.696970
       341000117000098         117         341       6276.9711
       341000117000102         117         341       6276.9711
       341000117000157         117         341       6276.9711
       341000117000134         117         341       6276.9711
       341000117000670         117         341       6276.9711
       341000117000839         117         341       6276.9711
       341000117002662         117         341       6276.9711
       341000117000506         117         341       6276.9711
       341000117000219         117         341       6276.9711
       341000117003022         117         341       5290.3590
       341000117000208         117         341       5290.3590
       341000117000380         117         341       5290.3590
       341000117000517         117         341       5290.3590
       341000117000661         117         341       5290.3590
       341000117000109         117         341       5290.3590
       341000117003081         117         341       8322.0571
       341000117000139         117         341       8322.0571
       341000117000149         117         341       8322.0571
       341000188000042         188         341       719.68966
       342014435000049       14435         342       6276.9711
       342014435000057       14435         342       6276.9711
       342014435000042       14435         342       8322.0571
       343000134000061         134         343       5290.3590
       343000134000042         134         343       2316.7188
       345000078003315          78         345       1025.5965
       347003511000162        3511         347       5290.3590
       347003511000145        3511         347       6271.5000
       347003511000160        3511         347       6276.9711
       348000060010753          60         348       6271.5000
       350000266000124         266         350       8322.0571
       351000597000042         597         351       8841.0732
       353000105000042         105         353       2316.7188
       353000105000060         105         353       5203.9091
       354010648000042       10648         354       9.9117647
       354010648000138       10648         354       8322.0571
       354014159000042       14159         354       8322.0571
       356015513000042       15513         356       8841.0732
       357001828000042        1828         357       5290.3590
       357019842000137       19842         357       6276.9711
       357019842000250       19842         357       6276.9711
       357019842000258       19842         357       6276.9711
       357019842000264       19842         357       6276.9711
       357019842000103       19842         357       6276.9711
       357019842000042       19842         357       51.696970
       357019842000100       19842         357       5203.9091
       357019842000327       19842         357       5203.9091
       357019843006108       19843         357       8841.0732
       357019847000100       19847         357       5203.9091
       357019847000042       19847         357       233.40741
       357020011000042       20011         357       8322.0571
       358018359001175       18359         358       8322.0571
       358018359001186       18359         358       5290.3590
       359000104000117         104         359       5290.3590
       359000104000119         104         359       6276.9711
       359000104000161         104         359       6276.9711
       359000104000501         104         359       6276.9711
       359000104000042         104         359       51.696970
       360000241000042         241         360       8322.0571
       360000665000042         665         360       5290.3590
       360000665000045         665         360       5290.3590
       361009776029551        9776         361       5203.9091
       361009776029536        9776         361       1025.5965
       361009782000042        9782         361       233.40741
       361009782000126        9782         361       5203.9091
       361009782000100        9782         361       5290.3590
       361009782000091        9782         361       6276.9711
       361009782000105        9782         361       6276.9711
       361009782000107        9782         361       6276.9711
       361009791000100        9791         361       5203.9091
       361009791000042        9791         361       51.696970
       362000721000042         721         362       6276.9711
       363000165000468         165         363       6276.9711
       363000165000457         165         363       2316.7188
       363000540000042         540         363       8841.0732
       366000141000042         141         366       1025.5965
       366000141000061         141         366       5290.3590
       366000141000064         141         366       5290.3590
       366000141000081         141         366       5290.3590
       366000251000042         251         366       1025.5965
       369000099000111          99         369       6276.9711
       369006582000056        6582         369       8322.0571
       371010797000042       10797         371       6276.9711
       372000597000042         597         372       8322.0571
       374000166000112         166         374       8841.0732
       374000179000042         179         374       6271.5000
       374000199000100         199         374       5290.3590
       374000199000059         199         374       5290.3590
       374000199000076         199         374       6276.9711
       374000199000081         199         374       6276.9711
       374000199000042         199         374       1025.5965
       374019281000042       19281         374       51.696970
       374019281000085       19281         374       5203.9091
       374019281000140       19281         374       6276.9711
       374019281000170       19281         374       6276.9711
       374019281000212       19281         374       6276.9711
       374019281000078       19281         374       5290.3590
       374019281000454       19281         374       5290.3590
       375000109000099         109         375       6271.5000
       377000734000159         734         377       8322.0571
       378000113000191         113         378       8841.0732
       378000113000042         113         378       233.40741
       379000126000042         126         379       2.2380952
       379000240000042         240         379       8841.0732
       380000092000121          92         380       8841.0732
       380000092000042          92         380       9.9117647
       380000092000127          92         380       5290.3590
       380000092000118          92         380       6276.9711
       383003637005247        3637         383       1025.5965
       384008337000066        8337         384       5290.3590
       384008337000042        8337         384       8841.0732
       385000062000468          62         385       6271.5000
       385000563000042         563         385       8322.0571
       387000334000042         334         387       8841.0732
       387000447000128         447         387       8841.0732
       388000049000142          49         388       8841.0732
       388000049000142          49         388       8841.0732
       388000049000142          49         388       8841.0732
       388000049000142          49         388       8841.0732
       388000049010966          49         388       8322.0571
       388000049010966          49         388       8322.0571
       388000049010966          49         388       8322.0571
       388000049010966          49         388       8322.0571
       388000049000042          49         388       719.68966
       388000049000042          49         388       719.68966
       388000049000042          49         388       719.68966
       388000049000042          49         388       719.68966
       388000049085900          49         388       5203.9091
       388000049000075          49         388       5290.3590
       388000049000075          49         388       5290.3590
       388000049000075          49         388       5290.3590
       388000049000075          49         388       5290.3590
       388000049000080          49         388       5290.3590
       388000049000080          49         388       5290.3590
       388000049000080          49         388       5290.3590
       388000049000080          49         388       5290.3590
       388000049085890          49         388       6271.5000
       388000049001252          49         388       6276.9711
       388000049001252          49         388       6276.9711
       388000049001252          49         388       6276.9711
       388000049001252          49         388       6276.9711
       388000049030145          49         388       6276.9711
       388000049030145          49         388       6276.9711
       388000049030145          49         388       6276.9711
       388009799000636        9799         388       6276.9711
       388009799000435        9799         388       6276.9711
       388009799033366        9799         388       6276.9711
       388009799000102        9799         388       6276.9711
       388009799000183        9799         388       6276.9711
       388009799000194        9799         388       6276.9711
       388009799000199        9799         388       6276.9711
       388009799000214        9799         388       6271.5000
       388009799000515        9799         388       5290.3590
       388009799000315        9799         388       5290.3590
       388009799000421        9799         388       5290.3590
       388009799000429        9799         388       5290.3590
       388009799000852        9799         388       5290.3590
       388009799000107        9799         388       5290.3590
       388009799000100        9799         388       5290.3590
       388009799033362        9799         388       5290.3590
       388009799033226        9799         388       2.2380952
       388009799000042        9799         388       51.696970
       388009799000112        9799         388       8322.0571
       390000303000042         303         390       8322.0571
       392000079010496          79         392       2316.7188
       395000102000042         102         395       233.40741
       395000102000086         102         395       5290.3590
       396004396000042        4396         396       1025.5965
       397000109000042         109         397       2316.7188
       397000109000188         109         397       6276.9711
       397011152005862       11152         397       6276.9711
       397011152005935       11152         397       5290.3590
       397011152005931       11152         397       5203.9091
       397011152005974       11152         397       5203.9091
       397011152005795       11152         397       51.696970
       397011166000100       11166         397       2316.7188
       397011173000042       11173         397       2316.7188
       397011173000098       11173         397       5290.3590
       397011326000042       11326         397       6271.5000
       397011326000059       11326         397       8322.0571
       398012583000042       12583         398       6271.5000
       400006390000479        6390         400       8322.0571
       400006390000485        6390         400       8322.0571
       404000145000063         145         404       5290.3590
       404000145000077         145         404       6276.9711
       404000145000042         145         404       1025.5965
       406002066004912        2066         406       719.68966
       406002066005057        2066         406       6276.9711
       406002066005063        2066         406       6276.9711
       406002066006056        2066         406       8322.0571
       406002066005913        2066         406       8841.0732
       406002318000042        2318         406       8841.0732
       407000569000448         569         407       8322.0571
       407000569000151         569         407       6276.9711
       407000569000150         569         407       5290.3590
       407000569000159         569         407       5290.3590
       407000569000163         569         407       5290.3590
       407000569000442         569         407       5290.3590
       407000569000190         569         407       5203.9091
       407000569000042         569         407       9.9117647
       407000600000099         600         407       2316.7188
       407000600000113         600         407       8322.0571
       409010903000042       10903         409       2316.7188
       409010914000042       10914         409       1025.5965
       409011376000049       11376         409       5290.3590
       409011376000042       11376         409       6276.9711
       413000087000213          87         413       6276.9711
       413000087000215          87         413       6276.9711
       413000087000275          87         413       6276.9711
       413000087000362          87         413       6276.9711
       413000087001001          87         413       5290.3590
       413000087000163          87         413       5290.3590
       413000087000164          87         413       5290.3590
       413000087000418          87         413       5203.9091
       413000087000042          87         413       9.9117647
       413000087000373          87         413       8322.0571
       413000087000167          87         413       8322.0571
       413000087000171          87         413       8322.0571
       413000087000178          87         413       8841.0732
       413000087000226          87         413       8841.0732
       414000127000042         127         414       1025.5965
       414000127000054         127         414       6276.9711
       415017126000042       17126         415       5290.3590
       417000091017236          91         417       5290.3590
       417000091017211          91         417       6276.9711
       417000091017199          91         417       2316.7188
       417000273000042         273         417       6271.5000
       418000063019444          63         418       2.2380952
       418000063000042          63         418       9.9117647
       418000063000216          63         418       2316.7188
       418000063000481          63         418       2316.7188
       418000063000446          63         418       6276.9711
       418000063000456          63         418       6276.9711
       418000063000325          63         418       6276.9711
       418000063019619          63         418       6276.9711
       418000063000620          63         418       5290.3590
       418000063000653          63         418       5290.3590
       418000063019610          63         418       5290.3590
       418000063019611          63         418       5290.3590
       418000063000162          63         418       5290.3590
       418000063000199          63         418       5290.3590
       418000063121941          63         418       8841.0732
       418000063000331          63         418       8841.0732
       418000063019612          63         418       8322.0571
       418000063000467          63         418       8322.0571
       418000063000475          63         418       8322.0571
       418000063000203          63         418       8322.0571
       419001233000042        1233         419       6276.9711
       421006369000042        6369         421       2.2380952
       422007121000042        7121         422       233.40741
       422007121000069        7121         422       6276.9711
       422007121000071        7121         422       6276.9711
       422007121000111        7121         422       6276.9711
       422007121000129        7121         422       5290.3590
       422007121000166        7121         422       5290.3590
       423000323000042         323         423       6271.5000
       423000323000062         323         423       5203.9091
       425000062000239          62         425       1025.5965
       425000062000042          62         425       233.40741
       425000062000562          62         425       6276.9711
       425000062000094          62         425       6276.9711
       425000062000135          62         425       6276.9711
       425000062000182          62         425       6276.9711
       425000062000647          62         425       8322.0571
       425001854000042        1854         425       5290.3590
       425019680000066       19680         425       6276.9711
       425019680000042       19680         425       719.68966
       430008533000042        8533         430       2.2380952
       430008533000042        8533         430       2.2380952
       430008533000179        8533         430       6276.9711
       430008533000179        8533         430       6276.9711
       430008533000832        8533         430       6276.9711
       430008533000899        8533         430       6276.9711
       430008533000904        8533         430       6276.9711
       430008533000293        8533         430       6276.9711
       430008533000302        8533         430       6276.9711
       430008533000210        8533         430       5290.3590
       430008533000406        8533         430       5290.3590
       430008533000423        8533         430       5290.3590
       430008533000610        8533         430       5290.3590
       430008533000693        8533         430       5290.3590
       430008533001384        8533         430       5290.3590
       430008533001661        8533         430       5290.3590
       430008533000214        8533         430       8322.0571
       430008533000238        8533         430       8322.0571
       431022065000103       22065         431       8322.0571
       431022065000180       22065         431       5290.3590
       431022065000099       22065         431       6276.9711
       431022065000042       22065         431       719.68966
       431022065000560       22065         431       5203.9091
       431022243000042       22243         431       8841.0732
       431022704000042       22704         431       6276.9711
       431022704000051       22704         431       5290.3590
       432014606003671       14606         432       6271.5000
       432014644000042       14644         432       1025.5965
       434000274000042         274         434       6271.5000
       436000077008350          77         436       2316.7188
       436017494000150       17494         436       5203.9091
       436017494000150       17494         436       5203.9091
       436017494000150       17494         436       5203.9091
       436017494000232       17494         436       5203.9091
       436017494000232       17494         436       5203.9091
       436017494000232       17494         436       5203.9091
       436017494004886       17494         436       5203.9091
       436017494004886       17494         436       5203.9091
       436017494004886       17494         436       5203.9091
       436017494000895       17494         436       5203.9091
       436017494000895       17494         436       5203.9091
       436017494000895       17494         436       5203.9091
       436017494000169       17494         436       5290.3590
       436017494000169       17494         436       5290.3590
       436017494000169       17494         436       5290.3590
       436017494000156       17494         436       5290.3590
       436017494000156       17494         436       5290.3590
       436017494000156       17494         436       5290.3590
       436017494000157       17494         436       5290.3590
       436017494000157       17494         436       5290.3590
       436017494000157       17494         436       5290.3590
       436017494000158       17494         436       5290.3590
       436017494000158       17494         436       5290.3590
       436017494000158       17494         436       5290.3590
       436017494000240       17494         436       5290.3590
       436017494000240       17494         436       5290.3590
       436017494000240       17494         436       5290.3590
       436017494000243       17494         436       5290.3590
       436017494000243       17494         436       5290.3590
       436017494000243       17494         436       5290.3590
       436017494000151       17494         436       5290.3590
       436017494000151       17494         436       5290.3590
       436017494000151       17494         436       5290.3590
       436017494001052       17494         436       5290.3590
       436017494001052       17494         436       5290.3590
       436017494001052       17494         436       5290.3590
       436017494001357       17494         436       5290.3590
       436017494001357       17494         436       5290.3590
       436017494001357       17494         436       5290.3590
       436017494001657       17494         436       5290.3590
       436017494001657       17494         436       5290.3590
       436017494001657       17494         436       5290.3590
       436017494004307       17494         436       5290.3590
       436017494004307       17494         436       5290.3590
       436017494004307       17494         436       5290.3590
       436017494000756       17494         436       5290.3590
       436017494000756       17494         436       5290.3590
       436017494000756       17494         436       5290.3590
       436017494000236       17494         436       6276.9711
       436017494000236       17494         436       6276.9711
       436017494000236       17494         436       6276.9711
       436017494000164       17494         436       6276.9711
       436017494000164       17494         436       6276.9711
       436017494000164       17494         436       6276.9711
       436017494000250       17494         436       6276.9711
       436017494000250       17494         436       6276.9711
       436017494000250       17494         436       6276.9711
       436017494000324       17494         436       6276.9711
       436017494000324       17494         436       6276.9711
       436017494000324       17494         436       6276.9711
       436017494000329       17494         436       6276.9711
       436017494000329       17494         436       6276.9711
       436017494000329       17494         436       6276.9711
       436017494000334       17494         436       6276.9711
       436017494000334       17494         436       6276.9711
       436017494000334       17494         436       6276.9711
       436017494000152       17494         436       6276.9711
       436017494000152       17494         436       6276.9711
       436017494000152       17494         436       6276.9711
       436017494001059       17494         436       6276.9711
       436017494001059       17494         436       6276.9711
       436017494001059       17494         436       6276.9711
       436018063000048       18063         436       5290.3590
       436018063000042       18063         436       8322.0571
       436020542000140       20542         436       5290.3590
       437005170000151        5170         437       6271.5000
       437006053000042        6053         437       5203.9091
       438000123017045         123         438       2316.7188
       438000123017055         123         438       5290.3590
       440000216000042         216         440       1025.5965
       445005057000042        5057         445       2316.7188
       445005057000054        5057         445       5290.3590
       447000144000105         144         447       5290.3590
       447000144000115         144         447       5203.9091
       447000144000042         144         447       233.40741
       449001469000428        1469         449       1025.5965
       451000079000042          79         451       2.2380952
       451000079000137          79         451       5290.3590
       451000079000210          79         451       8322.0571
       451000079000165          79         451       8322.0571
       451000079000201          79         451       6276.9711
       453000037021616          37         453       5290.3590
       453000037021651          37         453       5290.3590
       453000037021680          37         453       5290.3590
       453000037021749          37         453       6276.9711
       453000037021569          37         453       6276.9711
       453000037021490          37         453       51.696970
       453021143000068       21143         453       5290.3590
       453021143000042       21143         453       8841.0732
       454000969000042         969         454       6276.9711
       454005985000042        5985         454       5203.9091
       455000168000713         168         455       6276.9711
       457000559000042         559         457       6276.9711
       457000559000045         559         457       5290.3590
       459001153000133        1153         459       5290.3590
       459001153001869        1153         459       5290.3590
       459001153000093        1153         459       6276.9711
       459001153000042        1153         459       51.696970
       459001156000042        1156         459       9.9117647
       459001156000207        1156         459       6276.9711
       459001156000153        1156         459       6276.9711
       459001156000157        1156         459       6276.9711
       459001156000137        1156         459       5290.3590
       459001156000166        1156         459       8322.0571
       460000238000052         238         460       6276.9711
       460000238000042         238         460       8841.0732
       461000711000042         711         461       5290.3590
       462000180000558         180         462       8841.0732
       463000517000042         517         463       2316.7188
       464001559000042        1559         464       2316.7188
       464001559000060        1559         464       8841.0732
       464001559000132        1559         464       6276.9711
       464001559000055        1559         464       8322.0571
       464002009000042        2009         464       6276.9711
       465000097001784          97         465       1025.5965
       465001686000042        1686         465       1025.5965
       465012256000082       12256         465       51.696970
       465012256000309       12256         465       5203.9091
       465012256000387       12256         465       5203.9091
       465012256000588       12256         465       5290.3590
       465012256000709       12256         465       8322.0571
       465012256000314       12256         465       8322.0571
       465012256000302       12256         465       6276.9711
       466000116000115         116         466       5203.9091
       466000116000209         116         466       5203.9091
       469003337000042        3337         469       719.68966
       470000176000042         176         470       51.696970
       470000176000265         176         470       5290.3590
       470000176000165         176         470       6276.9711
       470000176000188         176         470       6276.9711
       470000176000196         176         470       8322.0571
       471000183033752         183         471       8841.0732
       472000110000759         110         472       8322.0571
       472000110000739         110         472       2316.7188
       475000121000655         121         475       1025.5965
       475000294000042         294         475       2316.7188
       476000587000042         587         476       8322.0571
       476000759000042         759         476       8322.0571
       476001178001863        1178         476       8322.0571
       476001178001867        1178         476       8322.0571
       476001178001977        1178         476       8322.0571
       476001178001933        1178         476       8322.0571
       476001178001859        1178         476       6276.9711
       476001178001931        1178         476       6276.9711
       476001178001948        1178         476       6276.9711
       476001178001959        1178         476       6276.9711
       476001178001985        1178         476       6276.9711
       476001178001963        1178         476       8841.0732
       476001178001928        1178         476       5203.9091
       476001178001758        1178         476       9.9117647
       476001178001989        1178         476       5290.3590
       481000548000105         548         481       6276.9711
       482000759000042         759         482       5290.3590
       483000082000124          82         483       5290.3590
       483000082000087          82         483       6276.9711
       483000082000756          82         483       6276.9711
       483000082000042          82         483       233.40741
       484000040000074          40         484       5203.9091
       484000040000288          40         484       5203.9091
       484000040000042          40         484       719.68966
       484000040000281          40         484       6276.9711
       484000040000359          40         484       6276.9711
       484000040000076          40         484       6276.9711
       484000040000105          40         484       6276.9711
       484000040000111          40         484       6276.9711
       484000040000059          40         484       5290.3590
       484000040000368          40         484       5290.3590
       484000040000187          40         484       8841.0732
       484015130000130       15130         484       5290.3590
       484015130000124       15130         484       6276.9711
       484015130000127       15130         484       6276.9711
       484015130000042       15130         484       9.9117647
       485008680000710        8680         485       8841.0732
       488000560000042         560         488       5290.3590
       496001062005830        1062         496       6271.5000
       496001062005733        1062         496       6276.9711
       496001062005738        1062         496       6276.9711
       496001062005857        1062         496       6276.9711
       496001062005704        1062         496       719.68966
       496001062006001        1062         496       8322.0571
       497000064000042          64         497       6276.9711
       497003425010745        3425         497       5203.9091
       497003436000042        3436         497       719.68966
       498000251000042         251         498       719.68966
       498000251000127         251         498       5203.9091
       498000251000108         251         498       6276.9711
       498000251000120         251         498       6276.9711
       500000080001930          80         500       6271.5000
       500000080000340          80         500       5290.3590
       500000080000070          80         500       5290.3590
       500000080000071          80         500       5290.3590
       500000080000079          80         500       5290.3590
       500000080000173          80         500       5203.9091
       500000080000180          80         500       5203.9091
       500000080000042          80         500       233.40741
       502002246000689        2246         502       6271.5000
       503000195007229         195         503       1025.5965
       503001993000042        1993         503       5290.3590
       503001993000046        1993         503       5290.3590
       505000113000082         113         505       1025.5965
       506000096001687          96         506       1025.5965
       507000370000057         370         507       5290.3590
       507000370000042         370         507       6271.5000
       509000161000042         161         509       2.2380952
       511002788003733        2788         511       6271.5000
       511002788003754        2788         511       5290.3590
