         625
             536000116         536           0       10072.500
         4000022000007          22           4       1808.0000
         4006995000007        6995           4       148115.68
         8018942000007       18942           8       27269.645
         9001061000007        1061           9       22822.824
        10000036004459          36          10       12.666667
        11000306000007         306          11       7013.5000
        14010869000007       10869          14       33.846154
        14010869011303       10869          14       15210.354
        14010869010820       10869          14       15210.354
        14010869011830       10869          14       27269.645
        14013696000007       13696          14       58571.222
        20000000034675           0          20       58571.222
        20000000034599           0          20       27269.645
        20000000034627           0          20       27269.645
        20000000025444           0          20       27269.645
        20000000025531           0          20       27269.645
        20000000026851           0          20       27269.645
        20000000028172           0          20       27269.645
        20000000024487           0          20       27269.645
        20000000024468           0          20       27269.645
        20000000025508           0          20       14364.525
        20000000025589           0          20       14364.525
        20000000024485           0          20       15210.354
        20000000024432           0          20       15210.354
        20000000024442           0          20       15210.354
        20000000024467           0          20       15210.354
        20000000026903           0          20       15210.354
        20000000034650           0          20       15210.354
        20000000026834           0          20       15210.354
        20000000025482           0          20       15210.354
        20000000025556           0          20       15210.354
        20000000025516           0          20       15210.354
        20000000024489           0          20       15210.354
        20000000029647           0          20       15210.354
        20000000029666           0          20       15210.354
        20000000029689           0          20       15210.354
        20000000029733           0          20       15210.354
        20000000029745           0          20       15210.354
        20000000029771           0          20       15210.354
        20000000000007           0          20       12.666667
        22018919000007       18919          22       27269.645
        23003330031303        3330          23       27269.645
        23003330031303        3330          23       27269.645
        23003330031325        3330          23       27269.645
        23003330031325        3330          23       27269.645
        23003330031356        3330          23       27269.645
        23003330031356        3330          23       27269.645
        23003330031367        3330          23       27269.645
        23003330031367        3330          23       27269.645
        23003330031387        3330          23       27269.645
        23003330031387        3330          23       27269.645
        23003330034523        3330          23       27269.645
        23003330034523        3330          23       27269.645
        23003330032977        3330          23       27269.645
        23003330032977        3330          23       27269.645
        23003330032875        3330          23       27269.645
        23003330032875        3330          23       27269.645
        23003330032905        3330          23       27269.645
        23003330032905        3330          23       27269.645
        23003330037020        3330          23       27269.645
        23003330037020        3330          23       27269.645
        23003330037094        3330          23       27269.645
        23003330037094        3330          23       27269.645
        23003330039738        3330          23       27269.645
        23003330039758        3330          23       27269.645
        23003330039784        3330          23       27269.645
        23003330035999        3330          23       27269.645
        23003330035999        3330          23       27269.645
        23003330036054        3330          23       86562.450
        23003330036054        3330          23       86562.450
        23003330000007        3330          23       1.6666667
        23003330000007        3330          23       1.6666667
        23003330031388        3330          23       15210.354
        23003330031388        3330          23       15210.354
        23003330032844        3330          23       15210.354
        23003330032844        3330          23       15210.354
        23003330032920        3330          23       15210.354
        23003330032920        3330          23       15210.354
        23003330032955        3330          23       15210.354
        23003330032955        3330          23       15210.354
        23003330034493        3330          23       15210.354
        23003330034493        3330          23       15210.354
        23003330031320        3330          23       14364.525
        23003330031320        3330          23       14364.525
        23003330031323        3330          23       15210.354
        23003330031323        3330          23       15210.354
        23003330031302        3330          23       15210.354
        23003330031302        3330          23       15210.354
        23003330034562        3330          23       15210.354
        23003330034562        3330          23       15210.354
        23003330036037        3330          23       15210.354
        23003330036037        3330          23       15210.354
        23003330037038        3330          23       15210.354
        23003330037038        3330          23       15210.354
        23003332008000        3332          23       15210.354
        23003332008864        3332          23       15210.354
        23003332000007        3332          23       33.846154
        23003332008032        3332          23       27269.645
        32000061000007          61          32       1808.0000
        35006986000007        6986          35       3613.0000
        44000118000007         118          44       1808.0000
        46012633000007       12633          46       148115.68
        47007723000007        7723          47       148115.68
        48015488009382       15488          48       27269.645
        48015488002249       15488          48       89.083333
        48015488009192       15488          48       15210.354
        48015488009201       15488          48       15210.354
        48015488009390       15488          48       14364.525
        48015488009219       15488          48       14364.525
        50000062000007          62          50       1126.3750
        51000141018855         141          51       33.846154
        51000141025501         141          51       15210.354
        51000141025533         141          51       15210.354
        51000141025626         141          51       15210.354
        51000141025648         141          51       27269.645
        51000141026015         141          51       27269.645
        51000141025492         141          51       27269.645
        52000036006459          36          52       27269.645
        52000036006492          36          52       27269.645
        52000036007164          36          52       15210.354
        52000036000007          36          52       89.083333
        54005123000007        5123          54       86562.450
        58000079000007          79          58       297.50000
        58000079003643          79          58       15210.354
        60001469000007        1469          60       35803.667
        61005221000007        5221          61       7013.5000
        67014760009021       14760          67       11851.200
        67014760000007       14760          67       33.846154
        67014760009022       14760          67       15210.354
        67014760010736       14760          67       15210.354
        67014760010754       14760          67       15210.354
        67014760015828       14760          67       15210.354
        67014760010763       14760          67       27269.645
        67014760013981       14760          67       27269.645
        67014760013992       14760          67       27269.645
        67014760010118       14760          67       27269.645
        67014760015850       14760          67       27269.645
        70015735000007       15735          70       13783.353
        74004911039082        4911          74       35803.667
        75000080004132          80          75       7047.8571
        75000080004380          80          75       15210.354
        78000117000007         117          78       297.50000
        84016836000007       16836          84       1126.3750
        84016836001689       16836          84       15210.354
        84016836001732       16836          84       27269.645
        88004585000007        4585          88       7013.5000
        88004893000007        4893          88       13783.353
        93000108000007         108          93       12.666667
        93000108000007         108          93       12.666667
        93000108017115         108          93       15210.354
        93000108017115         108          93       15210.354
        93000108019729         108          93       15210.354
        93000108019729         108          93       15210.354
        93000108021633         108          93       15210.354
        93000108021633         108          93       15210.354
        93000108023001         108          93       15210.354
        93000108020547         108          93       14364.525
        93000108020547         108          93       14364.525
        93000108017118         108          93       14364.525
        93000108017118         108          93       14364.525
        93000108017129         108          93       14364.525
        93000108017129         108          93       14364.525
        93000108020516         108          93       14364.525
        93000108020516         108          93       14364.525
        93000108021641         108          93       27269.645
        93000108021641         108          93       27269.645
        93000108021675         108          93       27269.645
        93000108021675         108          93       27269.645
        93000108020523         108          93       27269.645
        93000108020523         108          93       27269.645
        93000108018454         108          93       27269.645
        93000108018454         108          93       27269.645
        93000108018478         108          93       27269.645
        93000108018478         108          93       27269.645
        93000108015934         108          93       27269.645
        93000108015934         108          93       27269.645
        93000108015935         108          93       27269.645
        93000108015935         108          93       27269.645
        94000459000154         459          94       15210.354
        94000459000007         459          94       13783.353
        95000115000007         115          95       89.083333
        95000115005393         115          95       15210.354
        95000115005415         115          95       15210.354
        95000115006992         115          95       15210.354
        95000115005663         115          95       15210.354
        95000115006267         115          95       15210.354
        95000115006783         115          95       15210.354
        95000115006812         115          95       14364.525
        95000115005641         115          95       27269.645
        95017118000230       17118          95       14364.525
        95017118000007       17118          95       7013.5000
        98016634000007       16634          98       22822.824
        99000915000007         915          99       22822.824
       104001007000125        1007         104       22822.824
       106000389000007         389         106       10072.500
       106001876000007        1876         106       35803.667
       107009292000007        9292         107       148115.68
       108003428037511        3428         108       86562.450
       108003428028825        3428         108       27269.645
       108003428027855        3428         108       27269.645
       108003428027898        3428         108       27269.645
       108003428034475        3428         108       27269.645
       108003428034492        3428         108       27269.645
       108003428037444        3428         108       27269.645
       108003428037484        3428         108       27269.645
       108003428032978        3428         108       27269.645
       108003428033005        3428         108       27269.645
       108003428034372        3428         108       27269.645
       108003428000007        3428         108       12.666667
       108003428027879        3428         108       14364.525
       108003428028754        3428         108       15210.354
       108003428028766        3428         108       15210.354
       108003428028794        3428         108       15210.354
       108003428028804        3428         108       15210.354
       108003428027896        3428         108       15210.354
       108003428027878        3428         108       15210.354
       108003428028836        3428         108       15210.354
       108003428030379        3428         108       15210.354
       108003428032961        3428         108       15210.354
       108003428034394        3428         108       15210.354
       108003428034449        3428         108       15210.354
       110000645000007         645         110       22822.824
       116000054000007          54         116       613.37500
       116000185000007         185         116       7013.5000
       120006483000007        6483         120       13783.353
       124012662000007       12662         124       58571.222
       126028580000007       28580         126       297.50000
       128008718000007        8718         128       13783.353
       128008718000139        8718         128       15210.354
       129001122000007        1122         129       22822.824
       130004065000007        4065         130       10072.500
       131010206000007       10206         131       148115.68
       138004643000007        4643         138       86562.450
       144009947003922        9947         144       613.37500
       145005340000007        5340         145       89.083333
       145005340003645        5340         145       15210.354
       147000503000007         503         147       35803.667
       150002714000007        2714         150       35803.667
       153016315035294       16315         153       15210.354
       153016315035301       16315         153       15210.354
       153016315035443       16315         153       15210.354
       153016315026246       16315         153       33.846154
       153016325000007       16325         153       613.37500
       155000129010921         129         155       1126.3750
       155000270000007         270         155       7013.5000
       155000379000007         379         155       13783.353
       155012380000007       12380         155       7047.8571
       158006413000111        6413         158       33.846154
       158006413013610        6413         158       15210.354
       158006413013603        6413         158       27269.645
       160000020007902          20         160       15210.354
       160000020007905          20         160       15210.354
       160000020008514          20         160       15210.354
       160000020009276          20         160       15210.354
       160000020007898          20         160       14364.525
       160000020000007          20         160       33.846154
       161000045000134          45         161       613.37500
       161000045002102          45         161       14364.525
       162000141000007         141         162       3613.0000
       162021111000007       21111         162       22822.824
       167009322000007        9322         167       1808.0000
       168008673000126        8673         168       89.083333
       168008673003929        8673         168       15210.354
       168008673003530        8673         168       27269.645
       168009167000007        9167         168       10072.500
       171006101000007        6101         171       35803.667
       172003622000007        3622         172       58571.222
       174006198000007        6198         174       86562.450
       174006938000007        6938         174       148115.68
       180000062010049          62         180       11851.200
       180000062000007          62         180       12.666667
       180000062011548          62         180       14364.525
       180000062011695          62         180       15210.354
       180000062010051          62         180       15210.354
       180000062009358          62         180       15210.354
       180000062009361          62         180       15210.354
       180000062010045          62         180       15210.354
       181000103000007         103         181       1126.3750
       181025042000007       25042         181       148115.68
       183000805000007         805         183       35803.667
       183014866000007       14866         183       86562.450
       191009121000007        9121         191       148115.68
       191024453000007       24453         191       1808.0000
       194019438000007       19438         194       33.846154
       194019438006572       19438         194       15210.354
       194019438006560       19438         194       14364.525
       198020149000007       20149         198       10072.500
       200020279000007       20279         200       86562.450
       203013315000007       13315         203       13783.353
       203013315000110       13315         203       15210.354
       204011660022556       11660         204       15210.354
       204011660022577       11660         204       15210.354
       204011660022622       11660         204       14364.525
       204011660000007       11660         204       5.7500000
       204011660022596       11660         204       27269.645
       204011660022599       11660         204       27269.645
       213000142013808         142         213       27269.645
       213000142013781         142         213       27269.645
       213000142000007         142         213       12.666667
       213000142014368         142         213       15210.354
       213000142014370         142         213       15210.354
       213000142014666         142         213       15210.354
       213000142013796         142         213       15210.354
       213000142013797         142         213       15210.354
       213014847000007       14847         213       7013.5000
       220003329000007        3329         220       148115.68
       220009459000007        9459         220       7047.8571
       223000725000007         725         223       13783.353
       226022296000007       22296         226       10072.500
       228004995000114        4995         228       89.083333
       228004995006644        4995         228       27269.645
       228004995006731        4995         228       15210.354
       228006545000007        6545         228       35803.667
       229002732046129        2732         229       86562.450
       229002732030564        2732         229       27269.645
       229002732029173        2732         229       27269.645
       229002732030513        2732         229       27269.645
       229002732045902        2732         229       27269.645
       229002732044212        2732         229       27269.645
       229002732042718        2732         229       27269.645
       229002732030680        2732         229       27269.645
       229002732039498        2732         229       27269.645
       229002732028096        2732         229       27269.645
       229002732030541        2732         229       15210.354
       229002732030557        2732         229       15210.354
       229002732028033        2732         229       15210.354
       229002732028035        2732         229       15210.354
       229002732028055        2732         229       15210.354
       229002732028067        2732         229       15210.354
       229002732000007        2732         229       5.7500000
       229002732039568        2732         229       15210.354
       229002732042673        2732         229       15210.354
       229002732042769        2732         229       15210.354
       229002732044189        2732         229       15210.354
       229002732045879        2732         229       15210.354
       229002732029140        2732         229       15210.354
       229002732045939        2732         229       15210.354
       229002732046014        2732         229       15210.354
       229002732028125        2732         229       14364.525
       229002732030570        2732         229       14364.525
       232005091000007        5091         232       86562.450
       235014487007648       14487         235       27269.645
       235014487008255       14487         235       27269.645
       235014487007521       14487         235       15210.354
       235014487000007       14487         235       89.083333
       239000136000007         136         239       12.666667
       239000136016165         136         239       15210.354
       239000136014891         136         239       15210.354
       239000136013794         136         239       15210.354
       239000136013778         136         239       14364.525
       239000136013795         136         239       14364.525
       239000136014878         136         239       14364.525
       239000136015114         136         239       14364.525
       239000136013757         136         239       27269.645
       239000136013806         136         239       27269.645
       239000136013828         136         239       27269.645
       239000136016388         136         239       27269.645
       239000136016410         136         239       15210.354
       240000024006797          24         240       27269.645
       240000024006931          24         240       15210.354
       240000024000007          24         240       33.846154
       240012739000007       12739         240       22822.824
       241000053010023          53         241       15210.354
       241000053007872          53         241       27269.645
       241000053009243          53         241       27269.645
       241000053000007          53         241       33.846154
       241000053007582          53         241       11851.200
       241008847004890        8847         241       11851.200
       241008847000007        8847         241       89.083333
       241008847004894        8847         241       15210.354
       241008847004913        8847         241       15210.354
       241008847005059        8847         241       15210.354
       241008847005073        8847         241       27269.645
       241008847005328        8847         241       27269.645
       241009688000007        9688         241       22822.824
       250000985000007         985         250       58571.222
       251008790000007        8790         251       22822.824
       251016060000007       16060         251       27269.645
       255000373000007         373         255       7013.5000
       255022088000007       22088         255       86562.450
       259001850000007        1850         259       10072.500
       260004886000007        4886         260       58571.222
       263022683002709       22683         263       15210.354
       263022683000007       22683         263       297.50000
       264000056003628          56         264       613.37500
       264000056006157          56         264       148115.68
       264002544000007        2544         264       86562.450
       265009395012028        9395         265       27269.645
       265009395012052        9395         265       27269.645
       265009395012732        9395         265       15210.354
       265009395011003        9395         265       15210.354
       265009395011027        9395         265       15210.354
       265009395011029        9395         265       15210.354
       265009395011030        9395         265       15210.354
       265009395000007        9395         265       33.846154
       265009818000007        9818         265       10072.500
       266003661000007        3661         266       35803.667
       268005073000007        5073         268       58571.222
       273000048033106          48         273       613.37500
       278017027000007       17027         278       13783.353
       282001117000007        1117         282       148115.68
       290000668000007         668         290       10072.500
       291004832000007        4832         291       35803.667
       293000252000007         252         293       7013.5000
       293006684000007        6684         293       27269.645
       294004619000007        4619         294       58571.222
       294010495000007       10495         294       148115.68
       295005774000007        5774         295       58571.222
       300003591001272        3591         300       15210.354
       300003591001403        3591         300       15210.354
       300003591000007        3591         300       1126.3750
       307008732000007        8732         307       148115.68
       313001034000007        1034         313       35803.667
       316014201000007       14201         316       3613.0000
       317001703000007        1703         317       35803.667
       318001368000007        1368         318       22822.824
       319000120008581         120         319       15210.354
       319000120008615         120         319       15210.354
       319000120009291         120         319       27269.645
       319000120000007         120         319       33.846154
       326000837000007         837         326       22822.824
       326001193000007        1193         326       35803.667
       328011816009785       11816         328       27269.645
       328011816009828       11816         328       27269.645
       328011816009856       11816         328       27269.645
       328011816010366       11816         328       27269.645
       328011816009818       11816         328       15210.354
       328011816009820       11816         328       15210.354
       328011816010358       11816         328       15210.354
       328011816010893       11816         328       15210.354
       328011816016969       11816         328       15210.354
       328011816017344       11816         328       15210.354
       328011816017629       11816         328       15210.354
       328011816000007       11816         328       12.666667
       328017332000007       17332         328       86562.450
       333019328000007       19328         333       148115.68
       334000211000007         211         334       13783.353
       335003662000007        3662         335       7047.8571
       335004042000007        4042         335       10072.500
       338022120000007       22120         338       86562.450
       340000061016267          61         340       27269.645
       340000061015453          61         340       27269.645
       340000061017337          61         340       15210.354
       340000061000007          61         340       12.666667
       340000061015428          61         340       15210.354
       340000061016632          61         340       15210.354
       340000061015475          61         340       15210.354
       340000061015793          61         340       15210.354
       340000061015445          61         340       14364.525
       340000061016667          61         340       14364.525
       341001711000007        1711         341       35803.667
       342000087003189          87         342       27269.645
       342000087000007          87         342       297.50000
       342015482000065       15482         342       14364.525
       342015482000007       15482         342       35803.667
       344000077000007          77         344       1808.0000
       345004357000007        4357         345       58571.222
       348000056017989          56         348       27269.645
       348000056015747          56         348       15210.354
       348000056015768          56         348       15210.354
       348000056017095          56         348       15210.354
       348000056000007          56         348       12.666667
       348000056017972          56         348       14364.525
       348000057000321          57         348       297.50000
       348000057004428          57         348       15210.354
       348010290000007       10290         348       58571.222
       350002298000007        2298         350       86562.450
       357000016000007          16         357       27269.645
       358000486000007         486         358       13783.353
       359000119000007         119         359       1126.3750
       359000119001379         119         359       15210.354
       361000057017247          57         361       1126.3750
       361025318000007       25318         361       27269.645
       366000100000007         100         366       1126.3750
       366020579000007       20579         366       22822.824
       368010674000007       10674         368       10072.500
       369000087000007          87         369       33.846154
       369000087008205          87         369       15210.354
       369000087008204          87         369       15210.354
       369000087008188          87         369       15210.354
       369000087008187          87         369       15210.354
       369000087008186          87         369       15210.354
       369000087008185          87         369       15210.354
       369000087008425          87         369       15210.354
       370004431000007        4431         370       1808.0000
       372003876000007        3876         372       86562.450
       376017450000007       17450         376       86562.450
       377000081005907          81         377       27269.645
       377000081000007          81         377       89.083333
       380012144000007       12144         380       148115.68
       387000612000007         612         387       13783.353
       388000049053745          49         388       11851.200
       388000049000007          49         388       1.6666667
       388000049055611          49         388       14364.525
       388000049055631          49         388       14364.525
       388000049055650          49         388       14364.525
       388000049053798          49         388       86562.450
       388000049064163          49         388       35803.667
       388000049064121          49         388       27269.645
       388000049057305          49         388       27269.645
       388000049053834          49         388       27269.645
       388000049055497          49         388       27269.645
       388000049053797          49         388       27269.645
       388000049053761          49         388       27269.645
       388000049053774          49         388       27269.645
       388000049059848          49         388       27269.645
       388000049063937          49         388       27269.645
       388000049064027          49         388       27269.645
       388000049055546          49         388       27269.645
       388000049057258          49         388       27269.645
       388000049055578          49         388       15210.354
       388000049055529          49         388       15210.354
       388000049057360          49         388       15210.354
       388000049058634          49         388       15210.354
       388000049058647          49         388       15210.354
       388000049059785          49         388       15210.354
       388000049053748          49         388       15210.354
       388000049053738          49         388       15210.354
       388000049053796          49         388       15210.354
       388000049053830          49         388       15210.354
       388000049057285          49         388       15210.354
       388000049064087          49         388       15210.354
       388000049064049          49         388       148115.68
       388009799131245        9799         388       15210.354
       388009799132393        9799         388       15210.354
       388009799120192        9799         388       15210.354
       388009799120234        9799         388       15210.354
       388009799129833        9799         388       15210.354
       388009799129846        9799         388       15210.354
       388009799117801        9799         388       15210.354
       388009799117804        9799         388       27269.645
       388009799117819        9799         388       27269.645
       388009799119003        9799         388       27269.645
       388009799133529        9799         388       27269.645
       388009799117818        9799         388       14364.525
       388009799119037        9799         388       14364.525
       388009799120178        9799         388       14364.525
       388009799131221        9799         388       14364.525
       388009799097867        9799         388       5.7500000
       388013326000007       13326         388       58571.222
       391011208000007       11208         391       27269.645
       394001432000007        1432         394       22822.824
       396004355000666        4355         396       27269.645
       396004355000007        4355         396       1808.0000
       401013045000007       13045         401       613.37500
       401013045002132       13045         401       27269.645
       412000573000007         573         412       22822.824
       414000062008888          62         414       15210.354
       414000062006273          62         414       15210.354
       414000062006512          62         414       15210.354
       414000062008908          62         414       27269.645
       414000062008606          62         414       27269.645
       414000062000007          62         414       89.083333
       414000062007517          62         414       14364.525
       415019504000007       19504         415       148115.68
       419000139000007         139         419       7047.8571
       419000436000007         436         419       13783.353
       420002691000007        2691         420       89.083333
       430000978000007         978         430       35803.667
       431000183012561         183         431       12.666667
       431022157000007       22157         431       7047.8571
       433000111000007         111         433       3613.0000
       433000111000602         111         433       15210.354
       434000037000007          37         434       13783.353
       435000367000007         367         435       7013.5000
       436017494000007       17494         436       5.7500000
       436017494020841       17494         436       15210.354
       436017494020843       17494         436       15210.354
       436017494023186       17494         436       15210.354
       436017494023204       17494         436       15210.354
       436017494023253       17494         436       15210.354
       436017494024727       17494         436       15210.354
       436017494025537       17494         436       15210.354
       436017494022197       17494         436       15210.354
       436017494020920       17494         436       15210.354
       436017494020897       17494         436       27269.645
       436017494020922       17494         436       27269.645
       436017494022162       17494         436       27269.645
       436017494022182       17494         436       27269.645
       436017494022217       17494         436       27269.645
       436017494023190       17494         436       27269.645
       436017494028502       17494         436       27269.645
       436017494028539       17494         436       27269.645
       436017494028566       17494         436       27269.645
       436017494025410       17494         436       27269.645
       436017494025504       17494         436       27269.645
       437005153000007        5153         437       613.37500
       441000388000007         388         441       7013.5000
       442003139000007        3139         442       3613.0000
       444006860000007        6860         444       86562.450
       447023519000007       23519         447       58571.222
       449001587000007        1587         449       3613.0000
       449002511000007        2511         449       22822.824
       450004873000007        4873         450       58571.222
       451010951000007       10951         451       22822.824
       454000540000007         540         454       10072.500
       455000197000007         197         455       3613.0000
       455018801000007       18801         455       7013.5000
       458006120000007        6120         458       148115.68
       458008114000007        8114         458       148115.68
       465002497000007        2497         465       13783.353
       469003334000007        3334         469       297.50000
       471014599000007       14599         471       27269.645
       471024772000007       24772         471       58571.222
       472000128000007         128         472       3613.0000
       473000118001849         118         473       7047.8571
       483002404000007        2404         483       58571.222
       490000110000007         110         490       1808.0000
       492002605000007        2605         492       58571.222
       498020156000007       20156         498       13783.353
       501010073000007       10073         501       89.083333
       501010073004963       10073         501       27269.645
       501010073004986       10073         501       27269.645
       501010073004292       10073         501       15210.354
       504013301000007       13301         504       35803.667
       505000568000007         568         505       13783.353
       508000129000007         129         508       297.50000
       508000129003728         129         508       27269.645
       508000129003724         129         508       15210.354
       508000129003727         129         508       15210.354
       508000211000692         211         508       58571.222
       508024182000007       24182         508       10072.500
       509000505000007         505         509       10072.500
       511007883000007        7883         511       86562.450
