         300
     40000000000168384           0          40       992.85333
     40000000000326376           0          40       566.69091
     40000010000000969          10          40       730.18182
     40000022000000026          22          40       439.46667
     40000136000000026         136          40       992.85333
     41000000000182621           0          41       992.85333
     41000000000645667           0          41       992.85333
     41000000000165878           0          41       932.82807
     41000000000262182           0          41       378.40000
     41000000000629006           0          41       730.18182
     41000000000426996           0          41       730.18182
     41000001000000026           1          41       136.14545
     41000028000000026          28          41       566.69091
     41000132000000026         132          41       992.85333
     42000000000120503           0          42       932.82807
     42000000000588370           0          42       566.69091
     42000000000691194           0          42       730.18182
     42000000000840652           0          42       566.69091
     42000000000204123           0          42       566.69091
     42000000000444226           0          42       136.14545
     42000000000816867           0          42       371.20000
     42000000000066565           0          42       108.80000
     42000022000000026          22          42       439.46667
     42000046000000026          46          42       730.18182
     42000079000000026          79          42       932.82807
     43000000000159803           0          43       932.82807
     43000000000113927           0          43       302.93333
     43000000000000026           0          43       89.600000
     43000001000000026           1          43       136.14545
     43000004000001930           4          43       378.40000
     43000007000000026           7          43       439.46667
     43000010000002176          10          43       992.85333
     43000019000000026          19          43       439.46667
     43000123000000026         123          43       932.82807
     44000000000704944           0          44       730.18182
     44000000000311382           0          44       566.69091
     44000000000478839           0          44       730.18182
     44000000000283224           0          44       566.69091
     44000000000257194           0          44       439.46667
     44000000000082378           0          44       327.46667
     44000000000066297           0          44       302.93333
     44000000000844279           0          44       992.85333
     44000000000355949           0          44       932.82807
     44000000000763088           0          44       932.82807
     44000000000491283           0          44       992.85333
     44000162000000026         162          44       992.85333
     44000172000000026         172          44       992.85333
     45000000000246630           0          45       992.85333
     45000000000232211           0          45       992.85333
     45000000000243737           0          45       932.82807
     45000000000197101           0          45       566.69091
     45000000000249785           0          45       136.14545
     45000000000000026           0          45       108.80000
     45000001000013942           1          45       932.82807
     45000007000003126           7          45       566.69091
     45000020000000026          20          45       439.46667
     45000031000000026          31          45       730.18182
     45000040000000026          40          45       730.18182
     45000108000000026         108          45       992.85333
     45000121000000026         121          45       992.85333
     46000000000245365           0          46       932.82807
     46000000000234390           0          46       992.85333
     46000000000128675           0          46       566.69091
     46000078000000026          78          46       932.82807
     46000189000000026         189          46       992.85333
     47000000000323659           0          47       378.40000
     47000010000000026          10          47       439.46667
     47000014000000026          14          47       378.40000
     47000187000000026         187          47       992.85333
     48000002000021517           2          48       327.46667
     48000005000003916           5          48       439.46667
     48000031000000026          31          48       566.69091
     48000046000000571          46          48       992.85333
     48000050000000026          50          48       932.82807
     48000059000000342          59          48       992.85333
     48000121000000026         121          48       992.85333
     48000177000000026         177          48       992.85333
     49000000000160979           0          49       992.85333
     49000001000018523           1          49       932.82807
     49000167000000026         167          49       992.85333
     50000000000128070           0          50       992.85333
     50000000000126220           0          50       730.18182
     50000000000220356           0          50       730.18182
     50000000000217108           0          50       730.18182
     50000177000000026         177          50       992.85333
     51000000000319238           0          51       992.85333
     51000000000381498           0          51       992.85333
     51000000000387238           0          51       992.85333
     51000000000197449           0          51       932.82807
     51000000000297311           0          51       932.82807
     51000000000201916           0          51       932.82807
     51000000000170510           0          51       932.82807
     51000000000192229           0          51       932.82807
     51000000000142537           0          51       136.14545
     51000001000008696           1          51       566.69091
     51000002000008632           2          51       327.46667
     51000007000001733           7          51       566.69091
     51000010000000026          10          51       439.46667
     51000022000002045          22          51       992.85333
     51000022000001927          22          51       992.85333
     51000037000000026          37          51       932.82807
     51000060000000026          60          51       932.82807
     52000000000091355           0          52       932.82807
     52000000000135812           0          52       378.40000
     52000010000001465          10          52       566.69091
     52000058000001048          58          52       992.85333
     52000082000000026          82          52       932.82807
     52000109000000026         109          52       932.82807
     52000142000000026         142          52       992.85333
     53000000000114067           0          53       932.82807
     53000000000110280           0          53       992.85333
     53000000000095061           0          53       378.40000
     53000000000098606           0          53       566.69091
     53000000000099341           0          53       566.69091
     53000001000014126           1          53       932.82807
     53000001000035087           1          53       992.85333
     53000057000000026          57          53       932.82807
     54000000000257881           0          54       992.85333
     54000000000086582           0          54       566.69091
     54000000000156208           0          54       136.14545
     54000002000005989           2          54       730.18182
     54000004000009607           4          54       439.46667
     54000005000003812           5          54       730.18182
     54000007000000026           7          54       439.46667
     55000000000140017           0          55       992.85333
     55000003000004967           3          55       730.18182
     55000009000002377           9          55       992.85333
     55000149000000026         149          55       992.85333
     55000179000000026         179          55       992.85333
     56000000000182779           0          56       992.85333
     56000002000013766           2          56       992.85333
     56000022000001473          22          56       566.69091
     56000027000000026          27          56       932.82807
     56000049000000026          49          56       932.82807
     56000090000000026          90          56       992.85333
     56000147000000026         147          56       992.85333
     57000000000116715           0          57       932.82807
     57000004000009666           4          57       992.85333
     57000005000001045           5          57       439.46667
     57000098000000026          98          57       932.82807
     57000118000000026         118          57       992.85333
     57000172000000026         172          57       992.85333
     58000000000086230           0          58       378.40000
     58000000000146534           0          58       136.14545
     58000062000000026          62          58       932.82807
     58000095000000026          95          58       932.82807
     58000098000000026          98          58       992.85333
     59000000000104808           0          59       992.85333
     59000000000155601           0          59       992.85333
     59000000000156125           0          59       730.18182
     59000015000000026          15          59       439.46667
     59000029000000026          29          59       730.18182
     59000034000000571          34          59       992.85333
     59000054000000026          54          59       730.18182
     60000000000000026           0          60       108.80000
     60000004000000026           4          60       378.40000
     60000006000000026           6          60       378.40000
     60000036000000492          36          60       992.85333
     60000114000000026         114          60       992.85333
     60000120000000026         120          60       932.82807
     61000000000328818           0          61       932.82807
     61000000000648096           0          61       327.46667
     61000000000468133           0          61       136.14545
     61000000000601795           0          61       136.14545
     61000000000264770           0          61       327.46667
     61000000000607399           0          61       730.18182
     61000000000089927           0          61       730.18182
     61000017000000026          17          61       439.46667
     61000098000000026          98          61       932.82807
     61000166000000026         166          61       992.85333
     62000000000165011           0          62       932.82807
     62000001000000026           1          62       302.93333
     62000063000000306          63          62       992.85333
     63000000000055122           0          63       327.46667
     63000000000099013           0          63       730.18182
     63000000000033105           0          63       371.20000
     63000002000000026           2          63       302.93333
     63000005000000026           5          63       378.40000
     63000005000003934           5          63       730.18182
     63000013000000026          13          63       378.40000
     63000017000000026          17          63       932.82807
     63000019000000026          19          63       439.46667
     64000000000360622           0          64       439.46667
     64000000000263496           0          64       730.18182
     64000000000075571           0          64       730.18182
     64000000000131551           0          64       730.18182
     64000000000265611           0          64       992.85333
     64000062000000026          62          64       932.82807
     65000000000081716           0          65       932.82807
     65000005000000026           5          65       327.46667
     65000032000000026          32          65       730.18182
     65000048000000209          48          65       992.85333
     65000052000000348          52          65       992.85333
     66000001000014565           1          66       730.18182
     66000002000005011           2          66       378.40000
     66000006000002943           6          66       566.69091
     66000021000000026          21          66       566.69091
     66000038000000300          38          66       992.85333
     66000156000000299         156          66       992.85333
     66000176000000026         176          66       992.85333
     67000000000178456           0          67       992.85333
     67000000000144764           0          67       932.82807
     67000021000001165          21          67       992.85333
     67000040000000026          40          67       730.18182
     67000072000000026          72          67       992.85333
     67000117000000026         117          67       992.85333
     68000000000123855           0          68       730.18182
     68000000000134540           0          68       302.93333
     68000000000081935           0          68       327.46667
     68000000000086407           0          68       108.80000
     68000027000000026          27          68       566.69091
     68000036000000026          36          68       566.69091
     68000057000000026          57          68       932.82807
     69000005000002556           5          69       730.18182
     69000007000000026           7          69       378.40000
     69000057000000241          57          69       992.85333
     69000159000000026         159          69       992.85333
     70000000000366318           0          70       992.85333
     70000000000243216           0          70       992.85333
     70000000000087855           0          70       439.46667
     70000001000000026           1          70       302.93333
     70000005000000026           5          70       566.69091
     70000011000003164          11          70       992.85333
     70000015000001291          15          70       932.82807
     70000019000000026          19          70       566.69091
     70000035000000026          35          70       730.18182
     70000042000000026          42          70       730.18182
     70000055000000234          55          70       992.85333
     71000000000118977           0          71       992.85333
     71000000000224378           0          71       992.85333
     71000000000227516           0          71       992.85333
     71000000000133993           0          71       730.18182
     71000000000191166           0          71       327.46667
     71000010000000026          10          71       378.40000
     71000010000002121          10          71       932.82807
     71000112000000026         112          71       932.82807
     72000000000081232           0          72       992.85333
     72000000000121547           0          72       730.18182
     72000003000000026           3          72       378.40000
     73000001000010770           1          73       378.40000
     73000003000006670           3          73       992.85333
     73000028000000392          28          73       992.85333
     73000033000000026          33          73       992.85333
     74000006000000026           6          74       566.69091
     74000092000000026          92          74       932.82807
     74000094000000026          94          74       932.82807
     75000000000104976           0          75       932.82807
     75000003000001522           3          75       439.46667
     75000007000003852           7          75       439.46667
     75000016000000026          16          75       730.18182
     75000054000000026          54          75       932.82807
     75000088000000026          88          75       932.82807
     75000128000000026         128          75       992.85333
     75000134000000026         134          75       992.85333
     75000162000000026         162          75       992.85333
     76000000000065204           0          76       992.85333
     76000000000121699           0          76       327.46667
     76000000000067216           0          76       327.46667
     76000003000014352           3          76       992.85333
     76000013000000026          13          76       439.46667
     76000016000000026          16          76       439.46667
     76000021000002551          21          76       932.82807
     76000066000000026          66          76       992.85333
     76000143000000026         143          76       992.85333
     77000000000118150           0          77       992.85333
     77000000000083026           0          77       932.82807
     77000000000078120           0          77       730.18182
     77000003000006910           3          77       992.85333
     77000087000000026          87          77       932.82807
     77000136000000026         136          77       992.85333
     78000000000312780           0          78       992.85333
     78000000000076231           0          78       566.69091
     78000000000101744           0          78       730.18182
     78000000000431437           0          78       566.69091
     78000000000084865           0          78       566.69091
     78000000000235584           0          78       730.18182
     78000000000054747           0          78       136.14545
     78000007000004608           7          78       566.69091
     78000020000001759          20          78       566.69091
     78000052000001193          52          78       730.18182
     78000115000000026         115          78       992.85333
     79000000000089379           0          79       992.85333
     79000000000072681           0          79       730.18182
     79000000000073324           0          79       439.46667
     79000003000006492           3          79       327.46667
     79000004000004712           4          79       932.82807
     79000013000000026          13          79       439.46667
     79000019000001494          19          79       932.82807
     79000093000000026          93          79       932.82807
     80000000000271370           0          80       932.82807
     80000000000365649           0          80       932.82807
     80000000000082755           0          80       566.69091
     80000000000158315           0          80       136.14545
     80000000000414941           0          80       730.18182
     80000000000454344           0          80       730.18182
     80000000000346156           0          80       730.18182
     80000000000177305           0          80       566.69091
     80000007000004692           7          80       566.69091
     80000007000001894           7          80       730.18182
     80000014000000026          14          80       439.46667
