         438
             511000013         511           0       4290.1471
         1000250000013         250           1       2780.5484
         5000137001396         137           5       36732.540
         5000168000646         168           5       22303.700
         5022670000013       22670           5       1895.0000
         6000080000675          80           6       2780.5484
         7014810000561       14810           7       36732.540
        10000033007603          33          10       22303.700
        11001741000013        1741          11       22303.700
        11019904000013       19904          11       9698.3571
        13013542000013       13542          13       4290.1471
        13015152000013       15152          13       22303.700
        14010870017719       10870          14       90467.515
        14014829000013       14829          14       36732.540
        16013122003337       13122          16       90467.515
        18001184000013        1184          18       220.75000
        18001225001143        1225          18       36732.540
        19000601000013         601          19       7167.6765
        19000669000013         669          19       7167.6765
        20000006000013           6          20       569.86667
        20006283000013        6283          20       1057.9333
        21007591000013        7591          21       90467.515
        27016095000013       16095          27       9698.3571
        28020728000013       20728          28       1895.0000
        30005121000013        5121          30       4290.1471
        30008104000013        8104          30       36732.540
        31000118000977         118          31       7167.6765
        33012722000013       12722          33       1057.9333
        38014454008390       14454          38       569.86667
        39009264005887        9264          39       220.75000
        42006869002599        6869          42       90467.515
        44001608000013        1608          44       9698.3571
        45000927000013         927          45       7167.6765
        45001665000013        1665          45       16528.195
        45009455000013        9455          45       90467.515
        46003675000013        3675          46       16528.195
        47002073000013        2073          47       220.75000
        48015462000013       15462          48       9698.3571
        48016062000013       16062          48       16528.195
        48023856000024       23856          48       569.86667
        49000064000013          64          49       220.75000
        51018389000013       18389          51       9698.3571
        52010462000013       10462          52       221527.65
        55000913000075         913          55       16528.195
        55001083000013        1083          55       9698.3571
        56011959000013       11959          56       146.71429
        56019714000013       19714          56       90467.515
        57004614000013        4614          57       90467.515
        59000960000013         960          59       7167.6765
        59007223000013        7223          59       36732.540
        62000944000013         944          62       16528.195
        63000110000100         110          63       1057.9333
        63012960000013       12960          63       22303.700
        68012704000013       12704          68       22303.700
        71019698010315       19698          71       220.75000
        72006721000013        6721          72       90467.515
        73031154000013       31154          73       221527.65
        74007263000013        7263          74       22303.700
        74007383000013        7383          74       36732.540
        81010728000388       10728          81       90467.515
        85004841000013        4841          85       36732.540
        86000280000013         280          86       2780.5484
        88000340000013         340          88       16528.195
        89000029002873          29          89       22303.700
        90002322000013        2322          90       9698.3571
        92000082000013          82          92       220.75000
        94020415004269       20415          94       36732.540
        95000798000013         798          95       9698.3571
        96001181000151        1181          96       90467.515
        96015241000013       15241          96       16528.195
        98000092042941          92          98       36732.540
        98016555000072       16555          98       9698.3571
        99000271000013         271          99       4290.1471
       100000051000013          51         100       1895.0000
       102017784000013       17784         102       220.75000
       104001833000013        1833         104       22303.700
       106000106032250         106         106       569.86667
       106000207000013         207         106       2927.0588
       107000120000013         120         107       146.71429
       107000194000467         194         107       7167.6765
       109019093000013       19093         109       1057.9333
       109019365000013       19365         109       4290.1471
       110010726000695       10726         110       22303.700
       110011716000013       11716         110       9698.3571
       110012448000013       12448         110       16528.195
       110016574000013       16574         110       90467.515
       111006735001055        6735         111       9698.3571
       111009667000013        9667         111       22303.700
       112000013000013          13         112       146.71429
       112009977000013        9977         112       9698.3571
       113014666000013       14666         113       22303.700
       114000297000013         297         114       4290.1471
       115000389000463         389         115       7167.6765
       115014053000079       14053         115       22303.700
       117000396000013         396         117       7167.6765
       118000169000013         169         118       2927.0588
       122004426000013        4426         122       36732.540
       124000188000013         188         124       7167.6765
       125000180000473         180         125       4290.1471
       125010259007948       10259         125       16528.195
       126003853000013        3853         126       2780.5484
       127000131020039         131         127       90467.515
       129001069000013        1069         129       16528.195
       130006253000087        6253         130       221527.65
       131003560002568        3560         131       220.75000
       131026330000013       26330         131       1895.0000
       135006527000013        6527         135       4290.1471
       137005512000013        5512         137       16528.195
       138002183000013        2183         138       16528.195
       139010272000013       10272         139       22303.700
       142009198000821        9198         142       9698.3571
       142009222000887        9222         142       9698.3571
       144006087000013        6087         144       221527.65
       144010508000126       10508         144       16528.195
       147000210000013         210         147       4290.1471
       149000128000013         128         149       2927.0588
       150000102007920         102         150       36732.540
       152005243000013        5243         152       90467.515
       154012639000013       12639         154       146.71429
       154012640005382       12640         154       16528.195
       155012211000013       12211         155       146.71429
       156009368000297        9368         156       36732.540
       156011355000013       11355         156       22303.700
       156014479000013       14479         156       90467.515
       158004239000844        4239         158       90467.515
       159000198000110         198         159       4290.1471
       159002768000013        2768         159       36732.540
       160000241000013         241         160       2780.5484
       161000350000013         350         161       4290.1471
       161000780000013         780         161       7167.6765
       163000150000957         150         163       16528.195
       165000087000013          87         165       220.75000
       165012357000013       12357         165       569.86667
       166007168000013        7168         166       2927.0588
       166010917000131       10917         166       146.71429
       167009420000013        9420         167       2780.5484
       168008798000013        8798         168       1895.0000
       168009492000013        9492         168       9698.3571
       169002687000013        2687         169       22303.700
       169004456000013        4456         169       22303.700
       170005356000013        5356         170       36732.540
       170017631000013       17631         170       221527.65
       171003925003093        3925         171       220.75000
       171004200000309        4200         171       16528.195
       172008358021493        8358         172       146.71429
       173010284000013       10284         173       221527.65
       173014303000013       14303         173       456926.83
       174024132000069       24132         174       90467.515
       176010887000013       10887         176       90467.515
       177008429000013        8429         177       2927.0588
       178015314000146       15314         178       9698.3571
       180001483000013        1483         180       16528.195
       181008626000013        8626         181       90467.515
       185015302007980       15302         185       22303.700
       185015579000013       15579         185       7167.6765
       186000122001327         122         186       2927.0588
       186007572000013        7572         186       456926.83
       186015002000013       15002         186       4290.1471
       187000661000013         661         187       9698.3571
       188003957000013        3957         188       569.86667
       188004654000013        4654         188       7167.6765
       189001826000013        1826         189       4290.1471
       190004177045978        4177         190       7167.6765
       190004184000013        4184         190       220.75000
       190005186000013        5186         190       9698.3571
       191001770000013        1770         191       22303.700
       191024465000013       24465         191       1895.0000
       193001077000013        1077         193       16528.195
       193005997000013        5997         193       90467.515
       194000097000656          97         194       4290.1471
       194004999000013        4999         194       36732.540
       195009011000013        9011         195       7167.6765
       196000220000313         220         196       36732.540
       196000776000013         776         196       9698.3571
       196018728000013       18728         196       221527.65
       198020024000673       20024         198       221527.65
       199000752000013         752         199       7167.6765
       200001162000013        1162         200       16528.195
       200011604000013       11604         200       456926.83
       200019550000013       19550         200       36732.540
       201010829006125       10829         201       2927.0588
       202014929000013       14929         202       16528.195
       203012966000013       12966         203       1057.9333
       203013062000013       13062         203       2780.5484
       203013235000013       13235         203       7167.6765
       204000031000013          31         204       146.71429
       209002924000013        2924         209       9698.3571
       210007719001575        7719         210       2927.0588
       210019565000052       19565         210       2780.5484
       212000328000173         328         212       221527.65
       212000394000013         394         212       4290.1471
       213014643018795       14643         213       2780.5484
       213014658001087       14658         213       1895.0000
       215000101001808         101         215       2780.5484
       215007178000013        7178         215       2780.5484
       216005612000108        5612         216       7167.6765
       217000175000013         175         217       7167.6765
       221000061000013          61         221       16528.195
       221005593000013        5593         221       2927.0588
       221005755000013        5755         221       4290.1471
       222004397000161        4397         222       9698.3571
       222005735000013        5735         222       16528.195
       223004095000218        4095         223       220.75000
       224000079001222          79         224       1057.9333
       226000157000013         157         226       1895.0000
       227000222000464         222         227       16528.195
       227000385000013         385         227       7167.6765
       227011756000013       11756         227       220.75000
       230003059000013        3059         230       2780.5484
       230004981000056        4981         230       36732.540
       231005897000013        5897         231       36732.540
       231013446000013       13446         231       90467.515
       232000078004630          78         232       36732.540
       232025384000013       25384         232       9698.3571
       234000256000013         256         234       2780.5484
       234001728000013        1728         234       22303.700
       235014597000013       14597         235       2780.5484
       236007858000061        7858         236       90467.515
       237000084001631          84         237       4290.1471
       239024745000013       24745         239       36732.540
       241014225000013       14225         241       90467.515
       243002791000013        2791         243       36732.540
       244005746000013        5746         244       7167.6765
       246002573000013        2573         246       1895.0000
       247000164000013         164         247       569.86667
       248000332000013         332         248       4290.1471
       249012431000013       12431         249       9698.3571
       250015088000013       15088         250       90467.515
       252000127000013         127         252       1895.0000
       252003914000013        3914         252       90467.515
       252012041000013       12041         252       4290.1471
       255020394005725       20394         255       2927.0588
       258006523000013        6523         258       221527.65
       261007312023981        7312         261       22303.700
       262015154000013       15154         262       36732.540
       263000149000171         149         263       221527.65
       263001161000013        1161         263       569.86667
       267003261000102        3261         267       36732.540
       269021465000013       21465         269       221527.65
       270000184000013         184         270       4290.1471
       271000317000013         317         271       4290.1471
       274004248000013        4248         274       569.86667
       274007394000013        7394         274       22303.700
       279015422000013       15422         279       22303.700
       282000142000013         142         282       4290.1471
       283001777000326        1777         283       9698.3571
       285001256000013        1256         285       36732.540
       285010205000013       10205         285       36732.540
       286000151000288         151         286       22303.700
       289003046000013        3046         289       36732.540
       292017813000013       17813         292       474731.00
       294001099000013        1099         294       146.71429
       300005971000013        5971         300       16528.195
       301000232000013         232         301       2780.5484
       301003402000013        3402         301       22303.700
       301005098094897        5098         301       90467.515
       304001448000013        1448         304       16528.195
       304018616000013       18616         304       22303.700
       305000470000013         470         305       4290.1471
       305000599000013         599         305       4290.1471
       307004560000013        4560         307       36732.540
       308002491000013        2491         308       2780.5484
       311002919000013        2919         311       16528.195
       312001546000013        1546         312       16528.195
       314012991028990       12991         314       22303.700
       315000134000013         134         315       569.86667
       315000236000013         236         315       2780.5484
       316000946000013         946         316       22303.700
       319010605000013       10605         319       221527.65
       320002401000316        2401         320       220.75000
       321002825000286        2825         321       22303.700
       322008634000013        8634         322       36732.540
       324002634000013        2634         324       22303.700
       324014529000013       14529         324       1895.0000
       326003062000013        3062         326       36732.540
       327000151001598         151         327       9698.3571
       327000309000013         309         327       7167.6765
       327016637000013       16637         327       456926.83
       328002771000013        2771         328       36732.540
       329004786000013        4786         329       9698.3571
       329004794000013        4794         329       7167.6765
       330000480000013         480         330       4290.1471
       330000501000168         501         330       22303.700
       331001626006010        1626         331       1057.9333
       331001664001300        1664         331       16528.195
       331005674000013        5674         331       36732.540
       332007197000013        7197         332       1057.9333
       333009602000013        9602         333       220.75000
       335004567000107        4567         335       36732.540
       336000030039770          30         336       4290.1471
       339000072023408          72         339       569.86667
       339000096000013          96         339       1057.9333
       341000129000013         129         341       569.86667
       342000094000013          94         342       220.75000
       343000250000013         250         343       2780.5484
       344008464000013        8464         344       90467.515
       345000125000013         125         345       1057.9333
       345000250000013         250         345       4290.1471
       345025229000013       25229         345       22303.700
       348000684000057         684         348       22303.700
       349012909000013       12909         349       22303.700
       351003090000013        3090         351       36732.540
       354011159000013       11159         354       7167.6765
       356000384000013         384         356       7167.6765
       358000226000013         226         358       2927.0588
       358003813000013        3813         358       36732.540
       359014599000013       14599         359       22303.700
       359015671000013       15671         359       22303.700
       362001689000013        1689         362       9698.3571
       362001726000013        1726         362       16528.195
       366001404000013        1404         366       9698.3571
       366024121000013       24121         366       36732.540
       367000820000013         820         367       9698.3571
       369006549008326        6549         369       16528.195
       369006551000013        6551         369       146.71429
       370004429000013        4429         370       1057.9333
       371010316000013       10316         371       7167.6765
       372000463000013         463         372       7167.6765
       374021102000013       21102         374       22303.700
       377005968000013        5968         377       90467.515
       377016466000012       16466         377       456926.83
       378000236000451         236         378       22303.700
       379001810000068        1810         379       221527.65
       380000444000013         444         380       2780.5484
       380002032000013        2032         380       16528.195
       381000358000013         358         381       2780.5484
       381004811000013        4811         381       22303.700
       382001307000013        1307         382       9698.3571
       385008376000013        8376         385       1895.0000
       386003102000013        3102         386       36732.540
       387016347000013       16347         387       2780.5484
       387017565000013       17565         387       16528.195
       390000815000064         815         390       221527.65
       392000210000013         210         392       2927.0588
       392023519000013       23519         392       146.71429
       396004328000013        4328         396       220.75000
       397001059000013        1059         397       16528.195
       398000139000013         139         398       2927.0588
       398017879000013       17879         398       221527.65
       399007682000013        7682         399       221527.65
       401000949000013         949         401       9698.3571
       401005661000013        5661         401       221527.65
       402000611000336         611         402       36732.540
       402000853000013         853         402       9698.3571
       403000507000013         507         403       4290.1471
       404000943000013         943         404       9698.3571
       406002087000013        2087         406       1895.0000
       407001227000013        1227         407       7167.6765
       407022793000013       22793         407       2780.5484
       408000097046370          97         408       90467.515
       408000990000013         990         408       9698.3571
       408018566000013       18566         408       146.71429
       412010771000013       10771         412       7167.6765
       413015852015046       15852         413       2927.0588
       413015859000013       15859         413       220.75000
       415000389000013         389         415       9698.3571
       416005656000013        5656         416       90467.515
       417000763000013         763         417       9698.3571
       417001924000071        1924         417       22303.700
       418000354000393         354         418       9698.3571
       418000367000331         367         418       90467.515
       419000252000200         252         419       9698.3571
       423009539001828        9539         423       2780.5484
       423014745000013       14745         423       36732.540
       425001641000073        1641         425       36732.540
       425019753000013       19753         425       2780.5484
       427000226000013         226         427       2780.5484
       427000323000013         323         427       2780.5484
       428016656003311       16656         428       9698.3571
       430000118000620         118         430       2780.5484
       431000195002517         195         431       2927.0588
       431000239000013         239         431       1057.9333
       432019314000012       19314         432       90467.515
       434009607000013        9607         434       221527.65
       435000539000013         539         435       4290.1471
       437000093000013          93         437       146.71429
       437001477000013        1477         437       36732.540
       438025995000013       25995         438       22303.700
       439000201001999         201         439       22303.700
       440000122000013         122         440       220.75000
       441000118006472         118         441       220.75000
       442004874000013        4874         442       16528.195
       445008576000013        8576         445       90467.515
       447022953000013       22953         447       7167.6765
       449001493000013        1493         449       1057.9333
       449001874000013        1874         449       4290.1471
       449022386000013       22386         449       456926.83
       453000078001213          78         453       4290.1471
       457001262000013        1262         457       16528.195
       457001849000013        1849         457       16528.195
       459003255000013        3255         459       16528.195
       460000057000013          57         460       146.71429
       461000755000013         755         461       7167.6765
       464007303000013        7303         464       36732.540
       466003507000013        3507         466       22303.700
       468001503000013        1503         468       569.86667
       468005860000013        5860         468       36732.540
       468005954000013        5954         468       36732.540
       469003476000013        3476         469       1895.0000
       469003615000013        3615         469       4290.1471
       470000229000013         229         470       2780.5484
       472001282000013        1282         472       22303.700
       476001229000013        1229         476       16528.195
       477005012000013        5012         477       7167.6765
       478002238000013        2238         478       221527.65
       480022647005547       22647         480       22303.700
       481021127000013       21127         481       9698.3571
       482000090000013          90         482       569.86667
       482025111000013       25111         482       36732.540
       483016498002139       16498         483       4290.1471
       483017574000013       17574         483       16528.195
       484000758000013         758         484       9698.3571
       486000124001982         124         486       36732.540
       486002391000013        2391         486       22303.700
       487000175000013         175         487       1057.9333
       487001919000013        1919         487       22303.700
       489000126007461         126         489       569.86667
       489020629000565       20629         489       36732.540
       491000374000013         374         491       7167.6765
       492000172000013         172         492       2927.0588
       493009118000013        9118         493       4290.1471
       494000530000013         530         494       7167.6765
       494001721000013        1721         494       36732.540
       494014938000013       14938         494       7167.6765
       496001375000013        1375         496       2780.5484
       497003431011700        3431         497       90467.515
       498001545000013        1545         498       16528.195
       500016475000013       16475         500       36732.540
       501000860000013         860         501       16528.195
       501014706000013       14706         501       22303.700
       502003556000013        3556         502       9698.3571
       504012515005896       12515         504       2780.5484
       505016009000013       16009         505       2927.0588
       506003309000013        3309         506       22303.700
       507000173000013         173         507       1057.9333
       510000218000013         218         510       1895.0000
       510002972000013        2972         510       22303.700
       511000154022994         154         511       2780.5484
