         201
     40000000000264559           0          40       1368.9600
     40000000000200033           0          40       692.90667
     40000069000000028          69          40       1368.9600
     40000118000000028         118          40       1491.6267
     41000000000275591           0          41       1368.9600
     41000000000136775           0          41       860.64762
     41000000000330414           0          41       168.00000
     41000003000000028           3          41       491.88571
     41000008000002806           8          41       580.65455
     41000027000000028          27          41       1092.8552
     41000041000000028          41          41       1092.8552
     42000000000814976           0          42       1092.8552
     42000000000857356           0          42       1092.8552
     42000000000342018           0          42       1491.6267
     42000000000471508           0          42       1491.6267
     42000000000384957           0          42       168.00000
     42000000000816869           0          42       168.00000
     42000006000005227           6          42       1491.6267
     42000173000000028         173          42       1491.6267
     43000000000128110           0          43       1368.9600
     43000000000079962           0          43       692.90667
     43000004000005075           4          43       1491.6267
     43000045000000028          45          43       1368.9600
     44000000000291385           0          44       1491.6267
     44000000000127580           0          44       1491.6267
     44000000000838418           0          44       580.65455
     44000000000861370           0          44       491.88571
     44000001000019588           1          44       1491.6267
     44000021000001146          21          44       1491.6267
     44000112000000028         112          44       1368.9600
     44000157000000028         157          44       1491.6267
     45000000000448868           0          45       1491.6267
     45000000000102455           0          45       580.65455
     45000000000080270           0          45       168.00000
     45000024000000028          24          45       1092.8552
     45000047000000028          47          45       1368.9600
     45000063000000028          63          45       1092.8552
     46000000000172624           0          46       1092.8552
     46000000000212277           0          46       1092.8552
     46000000000115452           0          46       1092.8552
     46000000000113070           0          46       580.65455
     46000025000001194          25          46       1491.6267
     46000031000000028          31          46       860.64762
     46000050000000028          50          46       1368.9600
     46000062000000028          62          46       1491.6267
     47000000000292059           0          47       1491.6267
     47000000000207977           0          47       1491.6267
     47000158000000028         158          47       1491.6267
     48000000000115678           0          48       1368.9600
     48000000000000028           0          48       179.20000
     48000002000009160           2          48       860.64762
     48000005000002198           5          48       860.64762
     48000133000000028         133          48       1491.6267
     49000002000000028           2          49       491.88571
     49000003000000028           3          49       491.88571
     49000006000002691           6          49       1368.9600
     49000019000000028          19          49       692.90667
     49000021000000028          21          49       860.64762
     49000030000000028          30          49       1092.8552
     49000125000000028         125          49       1491.6267
     50000000000128072           0          50       1491.6267
     50000000000012889           0          50       300.80000
     50000014000000028          14          50       692.90667
     50000017000001569          17          50       1491.6267
     50000025000000028          25          50       860.64762
     50000033000000028          33          50       860.64762
     50000042000000389          42          50       1491.6267
     51000000000106494           0          51       1368.9600
     51000000000394488           0          51       168.00000
     51000002000054305           2          51       1092.8552
     51000030000000028          30          51       1368.9600
     52000000000105023           0          52       860.64762
     52000003000000028           3          52       580.65455
     52000011000001972          11          52       1491.6267
     52000012000004243          12          52       1368.9600
     52000024000000028          24          52       1092.8552
     52000027000000795          27          52       1491.6267
     52000046000000028          46          52       1092.8552
     52000108000000028         108          52       1491.6267
     53000000000196276           0          53       860.64762
     53000000000095063           0          53       580.65455
     53000000000261860           0          53       692.90667
     53000000000080767           0          53       168.00000
     53000000000119910           0          53       168.00000
     53000009000000695           9          53       860.64762
     53000020000000028          20          53       860.64762
     54000000000119639           0          54       1368.9600
     54000000000071215           0          54       491.88571
     54000000000081840           0          54       692.90667
     54000001000026476           1          54       1092.8552
     54000002000005991           2          54       1092.8552
     54000009000000028           9          54       1092.8552
     54000049000000028          49          54       1368.9600
     54000070000000150          70          54       1491.6267
     54000190000000028         190          54       1491.6267
     55000000000051939           0          55       1491.6267
     55000000000101240           0          55       1092.8552
     55000119000000028         119          55       1491.6267
     56000000000106451           0          56       860.64762
     56000001000015648           1          56       1368.9600
     56000014000000028          14          56       692.90667
     56000015000000028          15          56       860.64762
     56000072000000028          72          56       1368.9600
     57000004000003398           4          57       692.90667
     58000000000350144           0          58       1368.9600
     58000000000134974           0          58       1491.6267
     58000000000115949           0          58       1491.6267
     58000005000013150           5          58       1491.6267
     58000005000003319           5          58       1092.8552
     58000007000000028           7          58       580.65455
     58000115000000028         115          58       1491.6267
     59000000000098399           0          59       1368.9600
     59000000000093049           0          59       692.90667
     59000013000000910          13          59       1491.6267
     59000040000000028          40          59       1368.9600
     60000058000000028          58          60       1092.8552
     60000076000000283          76          60       1491.6267
     61000000000788392           0          61       1491.6267
     61000000000108140           0          61       1092.8552
     61000000000457030           0          61       860.64762
     61000000000391139           0          61       1368.9600
     61000000000715183           0          61       1368.9600
     61000000000187822           0          61       692.90667
     61000005000000028           5          61       580.65455
     61000017000000028          17          61       860.64762
     62000000000148737           0          62       1368.9600
     62000054000000028          54          62       1368.9600
     62000075000000855          75          62       1491.6267
     62000076000000028          76          62       1491.6267
     63000000000284347           0          63       1368.9600
     63000000000125965           0          63       168.00000
     63000049000000028          49          63       1368.9600
     64000000000188019           0          64       1092.8552
     64000000000116393           0          64       860.64762
     64000000000086348           0          64       1491.6267
     64000000000328176           0          64       1491.6267
     64000000000367584           0          64       1491.6267
     64000000000365668           0          64       1491.6267
     64000000000032100           0          64       354.13333
     64000018000000322          18          64       692.90667
     64000022000000370          22          64       1368.9600
     65000000000156458           0          65       580.65455
     65000006000000028           6          65       692.90667
     65000031000000028          31          65       860.64762
     65000059000000028          59          65       1491.6267
     65000186000000028         186          65       1491.6267
     66000000000094705           0          66       1491.6267
     66000000000144899           0          66       354.13333
     66000005000003724           5          66       1368.9600
     67000000000096476           0          67       1368.9600
     67000007000001551           7          67       692.90667
     67000008000007304           8          67       1092.8552
     67000200000000028         200          67       1491.6267
     68000000000170010           0          68       1368.9600
     68000000000467209           0          68       1491.6267
     68000000000207425           0          68       860.64762
     68000090000000028          90          68       1491.6267
     69000001000017108           1          69       1491.6267
     69000015000000332          15          69       1092.8552
     69000016000000667          16          69       1491.6267
     70000000000168656           0          70       1092.8552
     70000000000220105           0          70       1368.9600
     70000000000213131           0          70       692.90667
     70000000000085889           0          70       860.64762
     70000000000021180           0          70       300.80000
     70000000000035548           0          70       332.80000
     70000053000000028          53          70       1092.8552
     70000126000000028         126          70       1491.6267
     71000000000067527           0          71       491.88571
     71000000000274237           0          71       580.65455
     71000002000007964           2          71       1368.9600
     71000031000000028          31          71       1368.9600
     72000000000078201           0          72       1368.9600
     72000002000000028           2          72       354.13333
     73000000000270311           0          73       354.13333
     73000000000075628           0          73       354.13333
     73000000000354489           0          73       1092.8552
     73000000000283639           0          73       1368.9600
     73000000000235016           0          73       1491.6267
     73000001000010772           1          73       580.65455
     74000105000000028         105          74       1491.6267
     74000125000000028         125          74       1491.6267
     76000000000065353           0          76       860.64762
     76000000000236223           0          76       491.88571
     76000140000000028         140          76       1491.6267
     77000000000040058           0          77       354.13333
     77000066000000028          66          77       1491.6267
     78000000000096515           0          78       1491.6267
     78000000000052397           0          78       1491.6267
     78000000000456763           0          78       1368.9600
     78000004000004531           4          78       1368.9600
     78000006000002103           6          78       1092.8552
     78000016000000028          16          78       692.90667
     78000025000000028          25          78       1092.8552
     79000000000103225           0          79       1092.8552
     79000057000000028          57          79       1491.6267
     80000000000438760           0          80       1368.9600
     80000023000000378          23          80       1368.9600
     80000030000000028          30          80       860.64762
     80000077000000138          77          80       1368.9600
     80000084000000028          84          80       1491.6267
