         432
             387000004         387           0       4331.0000
         1000067000004          67           1       1903.5333
         1001192000004        1192           1       9035.6429
         4000000000004           0           4       130.05263
         4001086000004        1086           4       9035.6429
         4020833003989       20833           4       2889.4118
         6020413000108       20413           6       76138.056
         7000094000004          94           7       130.05263
         7000707000139         707           7       21881.511
         7013127000004       13127           7       658919.00
         7015591000004       15591           7       17046.081
         8013240000132       13240           8       35932.128
         9003917000004        3917           9       35932.128
        12000071000004          71          12       769.75000
        17014357000329       14357          17       4331.0000
        17016944000004       16944          17       21881.511
        18002131000004        2131          18       6965.1515
        19000966000004         966          19       9035.6429
        20000050000004          50          20       2889.4118
        21000971000004         971          21       6965.1515
        23000070000004          70          23       2889.4118
        25005421005142        5421          25       9035.6429
        31000296000004         296          31       6965.1515
        32001097000004        1097          32       17046.081
        32016197000161       16197          32       35932.128
        32018907000004       18907          32       35932.128
        33002485000004        2485          33       21881.511
        34012371000004       12371          34       17046.081
        35017253000004       17253          35       76138.056
        37014882000004       14882          37       6965.1515
        38014460004126       14460          38       21881.511
        38014469000004       14469          38       1168.9286
        39009269000004        9269          39       248.95000
        41010432000004       10432          41       4331.0000
        41016884000004       16884          41       76138.056
        43006465000004        6465          43       35932.128
        44006920000004        6920          44       35932.128
        45000227000004         227          45       2889.4118
        45002043000004        2043          45       17046.081
        45008843000004        8843          45       76138.056
        46002135002275        2135          46       2889.4118
        46007635000004        7635          46       35932.128
        48000028000004          28          48       248.95000
        49000064000004          64          49       248.95000
        51018194000004       18194          51       1903.5333
        54020931000004       20931          54       2771.7333
        55000295000256         295          55       9035.6429
        55022025000004       22025          55       76138.056
        56000023000004          23          56       1168.9286
        56013103000004       13103          56       21881.511
        59000122000004         122          59       130.05263
        59001806000004        1806          59       17046.081
        60000181000004         181          60       2889.4118
        60000274000249         274          60       35932.128
        61022225000004       22225          61       179662.43
        62003936000004        3936          62       76138.056
        62011492000004       11492          62       17046.081
        64000075000004          75          64       1903.5333
        66003567000004        3567          66       6965.1515
        67017875000004       17875          67       35932.128
        67019026000004       19026          67       76138.056
        72000024006972          24          72       179662.43
        72004283000004        4283          72       76138.056
        73016102000004       16102          73       17046.081
        74000504000004         504          74       21881.511
        74007259000004        7259          74       35932.128
        77003882000061        3882          77       76138.056
        79000281000507         281          79       9035.6429
        81010747000004       10747          81       2771.7333
        82001773000121        1773          82       130.05263
        82020402000507       20402          82       2771.7333
        88005123000004        5123          88       6965.1515
        89003415002423        3415          89       9035.6429
        92027126000004       27126          92       35932.128
        94000523000004         523          94       4331.0000
        95017338000004       17338          95       6965.1515
        96014432000004       14432          96       4331.0000
        99012902000004       12902          99       17046.081
       100000042000691          42         100       2771.7333
       101002060000004        2060         101       21881.511
       102010614000004       10614         102       453664.86
       103000786000004         786         103       9035.6429
       103021953000004       21953         103       179662.43
       105006798000004        6798         105       1168.9286
       108007372000004        7372         108       35932.128
       109001737000004        1737         109       17046.081
       109019075017049       19075         109       9035.6429
       111001284000004        1284         111       76138.056
       114014946003137       14946         114       2771.7333
       114018171000004       18171         114       35932.128
       115019588000004       19588         115       76138.056
       117012441000004       12441         117       9035.6429
       119000330000004         330         119       4331.0000
       120008634000004        8634         120       35932.128
       121011800000004       11800         121       2771.7333
       122001281000004        1281         122       17046.081
       127026374000004       26374         127       179662.43
       128000368000004         368         128       6965.1515
       130003611000004        3611         130       1168.9286
       130004895000004        4895         130       9035.6429
       131003756000004        3756         131       2889.4118
       131003802000004        3802         131       2771.7333
       131026311000004       26311         131       248.95000
       132000972000004         972         132       9035.6429
       132006083000004        6083         132       35932.128
       132007804000004        7804         132       76138.056
       133000598000004         598         133       6965.1515
       133008528000004        8528         133       76138.056
       136006065000004        6065         136       9035.6429
       138005594000004        5594         138       35932.128
       139009257000004        9257         139       6965.1515
       139012627000004       12627         139       35932.128
       141006761000004        6761         141       17046.081
       142009883000004        9883         142       6965.1515
       145000950000004         950         145       21881.511
       148003425000004        3425         148       21881.511
       149001197000004        1197         149       9035.6429
       149001682000004        1682         149       9035.6429
       150000102000004         102         150       248.95000
       152000959000004         959         152       9035.6429
       154001219000004        1219         154       17046.081
       155007798000004        7798         155       453664.86
       157009615000004        9615         157       1903.5333
       157012102000042       12102         157       179662.43
       161002454000004        2454         161       21881.511
       163018534000004       18534         163       35932.128
       164000092000004          92         164       1903.5333
       164000284000004         284         164       4331.0000
       164015086000004       15086         164       21881.511
       165014151000004       14151         165       17046.081
       166007098000004        7098         166       1168.9286
       168006888000004        6888         168       179662.43
       168012311000004       12311         168       21881.511
       170006461000004        6461         170       35932.128
       172000553000004         553         172       2889.4118
       172000576000699         576         172       4331.0000
       174001250000004        1250         174       9035.6429
       175004258000004        4258         175       21881.511
       175004847000004        4847         175       35932.128
       178000130000004         130         178       2889.4118
       180000102001112         102         180       6965.1515
       181000087000004          87         181       130.05263
       181000092000004          92         181       769.75000
       184001291000004        1291         184       17046.081
       184002250000051        2250         184       76138.056
       185016300000004       16300         185       17046.081
       187013286000004       13286         187       130.05263
       191001293000084        1293         191       9035.6429
       191005858000004        5858         191       35932.128
       191024487000700       24487         191       2771.7333
       191027790000004       27790         191       76138.056
       192011899000004       11899         192       453664.86
       196000513000004         513         196       6965.1515
       196002727000004        2727         196       21881.511
       196002797000004        2797         196       21881.511
       197000393000004         393         197       2771.7333
       199000115000004         115         199       130.05263
       201000151000319         151         201       4331.0000
       201001708000004        1708         201       21881.511
       201012642000004       12642         201       21881.511
       202000060007229          60         202       769.75000
       206027372000004       27372         206       17046.081
       208000353000004         353         208       17046.081
       208003523000004        3523         208       248.95000
       210010121000143       10121         210       179662.43
       212000036004428          36         212       769.75000
       212000551000004         551         212       6965.1515
       214021324000004       21324         214       179662.43
       215000420000004         420         215       9035.6429
       215008893000004        8893         215       17046.081
       215010415000004       10415         215       35932.128
       216005355001404        5355         216       1903.5333
       218006753000004        6753         218       9035.6429
       218009211000004        9211         218       21881.511
       219001416000004        1416         219       9035.6429
       219023081000004       23081         219       17046.081
       220012265000004       12265         220       21881.511
       220020111000004       20111         220       179662.43
       224002142000004        2142         224       17046.081
       226001371000004        1371         226       9035.6429
       226023332000004       23332         226       21881.511
       230000098000004          98         230       2889.4118
       231001491000004        1491         231       4331.0000
       233022933000004       22933         233       4331.0000
       233024086000004       24086         233       21881.511
       234017903000004       17903         234       21881.511
       236006910000004        6910         236       1903.5333
       236009093000004        9093         236       21881.511
       237015035000004       15035         237       9035.6429
       239000141000004         141         239       248.95000
       239022482006522       22482         239       21881.511
       239024389000004       24389         239       21881.511
       241009017000004        9017         241       2771.7333
       243000159000974         159         243       4331.0000
       243014692000004       14692         243       35932.128
       244010783000004       10783         244       35932.128
       244013759000004       13759         244       76138.056
       246010087000004       10087         246       35932.128
       247000065000004          65         247       2889.4118
       248000377000004         377         248       4331.0000
       249000460000004         460         249       6965.1515
       249012065000684       12065         249       6965.1515
       249022429000004       22429         249       179662.43
       250000180000004         180         250       2771.7333
       250008788000092        8788         250       9035.6429
       251008389000004        8389         251       6965.1515
       252006742000004        6742         252       453664.86
       253012932000004       12932         253       17046.081
       253012971000004       12971         253       21881.511
       254000137000004         137         254       248.95000
       256000504000004         504         256       4331.0000
       257000446000287         446         257       179662.43
       260001954000004        1954         260       769.75000
       261001602000004        1602         261       35932.128
       261014114000004       14114         261       76138.056
       262000220000129         220         262       35932.128
       266002240000004        2240         266       6965.1515
       266004905000004        4905         266       21881.511
       267001698000004        1698         267       769.75000
       267008581000004        8581         267       35932.128
       267012530000004       12530         267       76138.056
       268003110000004        3110         268       17046.081
       270000571000004         571         270       9035.6429
       270009933000004        9933         270       9035.6429
       272000934000004         934         272       17046.081
       272010253000004       10253         272       2771.7333
       273000501000004         501         273       6965.1515
       273013343000004       13343         273       2771.7333
       274004740000004        4740         274       4331.0000
       275007461000004        7461         275       17046.081
       276013260000004       13260         276       2889.4118
       276013796000004       13796         276       17046.081
       277000058000004          58         277       130.05263
       277000677000004         677         277       6965.1515
       277000785000004         785         277       6965.1515
       278016942000004       16942         278       4331.0000
       280000881000004         881         280       9035.6429
       281000055000004          55         281       130.05263
       282005154000004        5154         282       2771.7333
       283001604000004        1604         283       248.95000
       283002952000004        2952         283       9035.6429
       284012015000004       12015         284       76138.056
       285011031000004       11031         285       35932.128
       289022082000347       22082         289       17046.081
       291003088000004        3088         291       2771.7333
       296028094000004       28094         296       2771.7333
       298002352000004        2352         298       17046.081
       298008411000004        8411         298       76138.056
       299001058000004        1058         299       9035.6429
       299006583000004        6583         299       35932.128
       300003814000004        3814         300       2771.7333
       303007316000004        7316         303       21881.511
       305000630000122         630         305       179662.43
       305002766000004        2766         305       21881.511
       305023867000004       23867         305       248.95000
       306003031000004        3031         306       21881.511
       307000102000004         102         307       130.05263
       307000113000004         113         307       248.95000
       307000502000004         502         307       4331.0000
       307010227000004       10227         307       76138.056
       308002553000004        2553         308       2771.7333
       309001072014698        1072         309       9035.6429
       309025484000004       25484         309       35932.128
       310001365000004        1365         310       21881.511
       314000258000004         258         314       4331.0000
       314012992000004       12992         314       130.05263
       318000205000004         205         318       2771.7333
       319000510000004         510         319       2771.7333
       321006978000004        6978         321       35932.128
       324001594000004        1594         324       21881.511
       324014450000004       14450         324       130.05263
       327008054000123        8054         327       1168.9286
       328012214000004       12214         328       4331.0000
       328022041000004       22041         328       76138.056
       329004523000004        4523         329       4331.0000
       329010665000004       10665         329       76138.056
       330000119000004         119         330       1903.5333
       331001886000004        1886         331       4331.0000
       331012701000004       12701         331       179662.43
       332007508000004        7508         332       6965.1515
       333001391000004        1391         333       21881.511
       335003521003214        3521         335       21881.511
       335003526002382        3526         335       1168.9286
       336000318000004         318         336       2771.7333
       336002674000004        2674         336       21881.511
       336023576000004       23576         336       9035.6429
       337004224000004        4224         337       35932.128
       338000241000004         241         338       2771.7333
       338003535000004        3535         338       35932.128
       339019107000004       19107         339       17046.081
       340021227000004       21227         340       248.95000
       341014427000004       14427         341       2771.7333
       342000131001035         131         342       17046.081
       344000051000004          51         344       248.95000
       345000467000004         467         345       4331.0000
       346006155000004        6155         346       76138.056
       347006610000004        6610         347       21881.511
       350014812000004       14812         350       76138.056
       351000145000004         145         351       248.95000
       352001383000004        1383         352       17046.081
       352001501000004        1501         352       21881.511
       354000540000004         540         354       9035.6429
       355000323000004         323         355       6965.1515
       356014671000004       14671         356       769.75000
       358005444000004        5444         358       76138.056
       360000073000004          73         360       1903.5333
       362002600000004        2600         362       17046.081
       362025137000004       25137         362       248.95000
       367014628000004       14628         367       2771.7333
       367018978000004       18978         367       35932.128
       369007188000004        7188         369       6965.1515
       372017476000004       17476         372       248.95000
       373001769000004        1769         373       17046.081
       374019310000004       19310         374       1903.5333
       378001245000004        1245         378       9035.6429
       379024188005427       24188         379       2771.7333
       381003228000004        3228         381       21881.511
       383021902000004       21902         383       179662.43
       384011205000200       11205         384       179662.43
       386000207000004         207         386       2771.7333
       386002723000004        2723         386       21881.511
       387000100000004         100         387       130.05263
       388013678000004       13678         388       35932.128
       390000165000004         165         390       2771.7333
       390012186000004       12186         390       21881.511
       391000124000004         124         391       769.75000
       392000096000004          96         392       769.75000
       392003658000004        3658         392       21881.511
       392010891000004       10891         392       76138.056
       392012269000004       12269         392       179662.43
       394001608000004        1608         394       9035.6429
       396004460000004        4460         396       2889.4118
       396017627000004       17627         396       179662.43
       397001832000004        1832         397       35932.128
       398013258000004       13258         398       6965.1515
       401013226000004       13226         401       4331.0000
       402000042000004          42         402       248.95000
       402000066000004          66         402       1168.9286
       402000354000004         354         402       4331.0000
       405000796000004         796         405       6965.1515
       405023081000004       23081         405       453664.86
       407000718000395         718         407       76138.056
       409011535000004       11535         409       6965.1515
       411017099000004       17099         411       6965.1515
       412000079000004          79         412       130.05263
       412003181000004        3181         412       35932.128
       413000097000004          97         413       248.95000
       413001238000004        1238         413       17046.081
       415000316000004         316         415       4331.0000
       415002261000004        2261         415       21881.511
       417001734000004        1734         417       35932.128
       417022813000004       22813         417       2771.7333
       420002734001834        2734         420       35932.128
       422007125000004        7125         422       769.75000
       422007228000456        7228         422       76138.056
       422007561000004        7561         422       4331.0000
       424000687000004         687         424       9035.6429
       425009530000004        9530         425       179662.43
       425019687000004       19687         425       769.75000
       426000073000004          73         426       130.05263
       427016864000004       16864         427       1168.9286
       428002128000004        2128         428       35932.128
       428016656004383       16656         428       1168.9286
       429000104033583         104         429       4331.0000
       431000237000004         237         431       1168.9286
       432000252000004         252         432       2771.7333
       432001641000004        1641         432       17046.081
       433014101000004       14101         433       9035.6429
       435000184000004         184         435       1903.5333
       435023025000004       23025         435       9035.6429
       435023888000004       23888         435       35932.128
       439000593000004         593         439       6965.1515
       442003072000004        3072         442       1168.9286
       442003230000004        3230         442       2889.4118
       442015409000004       15409         442       76138.056
       442027691000004       27691         442       1903.5333
       443007813000004        7813         443       76138.056
       449013778000004       13778         449       179662.43
       451000093000004          93         451       1903.5333
       453000129000004         129         453       2889.4118
       454001320000004        1320         454       9035.6429
       454001362000004        1362         454       17046.081
       454002149000004        2149         454       17046.081
       455000437000362         437         455       76138.056
       455002015000004        2015         455       21881.511
       455019202000004       19202         455       9035.6429
       455022202000004       22202         455       35932.128
       457000082000004          82         457       130.05263
       457002453000004        2453         457       21881.511
       458000666000004         666         458       4331.0000
       459001153057220        1153         459       35932.128
       459001159000004        1159         459       130.05263
       459019532000004       19532         459       179662.43
       460024510000004       24510         460       1168.9286
       460025167000004       25167         460       35932.128
       462011640000004       11640         462       179662.43
       463000183000004         183         463       1168.9286
       467000221001858         221         467       2889.4118
       467000538000004         538         467       4331.0000
       468001504000004        1504         468       769.75000
       469003356002029        3356         469       1903.5333
       469003788000004        3788         469       4331.0000
       469011225000004       11225         469       76138.056
       472000087000004          87         472       248.95000
       473000115000004         115         473       248.95000
       475008063000004        8063         475       76138.056
       476001015000004        1015         476       9035.6429
       476010782000004       10782         476       179662.43
       478022445000004       22445         478       453664.86
       479002447000403        2447         479       17046.081
       482009254000004        9254         482       76138.056
       482023481000004       23481         482       1903.5333
       484015231000004       15231         484       2889.4118
       484015305000004       15305         484       2771.7333
       484015476000004       15476         484       4331.0000
       485010189000004       10189         485       21881.511
       489000133000004         133         489       130.05263
       489002631000004        2631         489       21881.511
       490009714000004        9714         490       453664.86
       491004213000004        4213         491       35932.128
       492000651000004         651         492       6965.1515
       494000211000507         211         494       6965.1515
       495000625000004         625         495       6965.1515
       499000385000004         385         499       6965.1515
       501013293000004       13293         501       21881.511
       502003609000004        3609         502       9035.6429
       502003788000004        3788         502       9035.6429
       502030094000004       30094         502       76138.056
       506000093000004          93         506       130.05263
       508000625000004         625         508       4331.0000
       511007440000004        7440         511       35932.128
       511018216000004       18216         511       179662.43
