         494
             529000005         529           0       4355.2188
            6134000005        6134           0       36216.106
         2003287000005        3287           2       2697.4516
         3011188000005       11188           3       129.00000
         3011188003402       11188           3       62841.273
         3011188003438       11188           3       160099.12
         4006269000005        6269           4       62841.273
         6002969000005        2969           6       22062.553
         7002708000005        2708           7       36216.106
         8000195000005         195           8       4355.2188
         8013521000058       13521           8       36216.106
        10004676000005        4676          10       36216.106
        14019328000005       19328          14       62841.273
        15019320000005       19320          15       160099.12
        17003872000005        3872          17       36216.106
        17014871000005       14871          17       6080.2105
        18004154000005        4154          18       22062.553
        20000007000005           7          20       235.38095
        20007266000005        7266          20       6080.2105
        22004845005753        4845          22       706.46154
        22007866000005        7866          22       36216.106
        26013591000005       13591          26       62841.273
        27000151000005         151          27       2891.3529
        28000514000005         514          28       9108.8810
        29000661000005         661          29       6080.2105
        32019064000005       19064          32       36216.106
        33012769000005       12769          33       1367.5238
        35012147000005       12147          35       36216.106
        36001076000005        1076          36       22062.553
        36011882000005       11882          36       36216.106
        37000087000568          87          37       160099.12
        37000087000005          87          37       1367.5238
        37000682000005         682          37       9108.8810
        40000038000005          38          40       2891.3529
        42010585000005       10585          42       22062.553
        44001981000005        1981          44       9108.8810
        44006293000005        6293          44       36216.106
        45003132000005        3132          45       22062.553
        46002139000005        2139          46       1090.1333
        47002080000005        2080          47       235.38095
        47002189000005        2189          47       2697.4516
        49000094000005          94          49       1367.5238
        49025957000005       25957          49       79966.564
        50009321000005        9321          50       160099.12
        54025297000005       25297          54       62841.273
        56012258000005       12258          56       4355.2188
        59001366000005        1366          59       9108.8810
        62000325000005         325          62       6080.2105
        62010955000005       10955          62       9108.8810
        64000058000005          58          64       1367.5238
        65000127000005         127          65       2697.4516
        65002334000005        2334          65       16275.385
        67000925000005         925          67       9108.8810
        70001063000005        1063          70       16275.385
        71000084000005          84          71       129.00000
        71000328000005         328          71       2697.4516
        73015649000005       15649          73       9108.8810
        74007839000005        7839          74       36216.106
        75000583000005         583          75       6080.2105
        78000177000005         177          78       1367.5238
        78003140000005        3140          78       22062.553
        81013001000005       13001          81       62841.273
        82001455000005        1455          82       16275.385
        83019680000005       19680          83       1090.1333
        85019957000005       19957          85       706.46154
        85019957001529       19957          85       160099.12
        85021250000005       21250          85       36216.106
        88000001000005           1          88       235.38095
        90001217000005        1217          90       1367.5238
        91000118000005         118          91       129.00000
        91000118003788         118          91       160099.12
        91000118004022         118          91       79966.564
        92000539000005         539          92       4355.2188
        92000823000005         823          92       6080.2105
        94001326000005        1326          94       16275.385
        95016983000005       16983          95       235.38095
        96015632000005       15632          96       22062.553
        98017779000005       17779          98       22062.553
        99000103001026         103          99       160099.12
        99000103000005         103          99       1090.1333
       101000110004102         110         101       79966.564
       101002904000005        2904         101       22062.553
       101004322000005        4322         101       36216.106
       101020642000005       20642         101       4355.2188
       102017784000005       17784         102       129.00000
       102020896000005       20896         102       62841.273
       103018802000005       18802         103       4355.2188
       104020265000005       20265         104       6080.2105
       105000122000005         122         105       2697.4516
       105000122000133         122         105       79966.564
       109000182001954         182         109       160099.12
       111007127000005        7127         111       4355.2188
       113000085000005          85         113       1090.1333
       114000132000425         132         114       235.38095
       114000132004313         132         114       79966.564
       114000584000005         584         114       6080.2105
       115002230000005        2230         115       36216.106
       116000133000005         133         116       2697.4516
       116010327000005       10327         116       235.38095
       116010327001559       10327         116       160099.12
       117015408000005       15408         117       62841.273
       120010537000005       10537         120       36216.106
       123001044000005        1044         123       9108.8810
       124009701000005        9701         124       2891.3529
       127016765000005       16765         127       9108.8810
       127016892000005       16892         127       16275.385
       128000003000005           3         128       129.00000
       128000191000005         191         128       4355.2188
       128011830000005       11830         128       36216.106
       129000121000005         121         129       2891.3529
       129022177000005       22177         129       160099.12
       130005072000005        5072         130       16275.385
       131017465000005       17465         131       160099.12
       133001874000005        1874         133       16275.385
       134007765000005        7765         134       2697.4516
       134008220000005        8220         134       6080.2105
       138000522000005         522         138       235.38095
       139008593000781        8593         139       22062.553
       142001046000005        1046         142       16275.385
       145000596000005         596         145       22062.553
       146002018000005        2018         146       62841.273
       146008898000005        8898         146       16275.385
       147000342000337         342         147       36216.106
       149010156000005       10156         149       62841.273
       151005869000005        5869         151       36216.106
       151008809000005        8809         151       62841.273
       152000950000005         950         152       9108.8810
       152005379000005        5379         152       36216.106
       152005818000005        5818         152       36216.106
       152019586000005       19586         152       2697.4516
       153000955000005         955         153       9108.8810
       155000625000005         625         155       9108.8810
       156009183000005        9183         156       129.00000
       156009183003188        9183         156       79966.564
       156011524000005       11524         156       22062.553
       157000626000005         626         157       9108.8810
       157010956000005       10956         157       16275.385
       158005254000005        5254         158       9108.8810
       160000047000005          47         160       706.46154
       160001327000059        1327         160       36216.106
       160022729000005       22729         160       235.38095
       162013162000038       13162         162       1090.1333
       162013162000959       13162         162       160099.12
       163000149000005         149         163       1367.5238
       163000215000005         215         163       2697.4516
       163018039000005       18039         163       22062.553
       165012356000005       12356         165       706.46154
       165020405000005       20405         165       62841.273
       165028709000005       28709         165       79966.564
       166000369000005         369         166       9108.8810
       170004046000005        4046         170       62841.273
       171003949000005        3949         171       706.46154
       174002981000005        2981         174       22062.553
       175000201000005         201         175       1367.5238
       179000701000005         701         179       6080.2105
       181001112000005        1112         181       9108.8810
       181022755000005       22755         181       1367.5238
       182000149000005         149         182       1090.1333
       184012628004315       12628         184       79966.564
       184012852000005       12852         184       4355.2188
       185015454000005       15454         185       4355.2188
       185015837000005       15837         185       9108.8810
       186000728000005         728         186       9108.8810
       186014940000005       14940         186       4355.2188
       190005602000005        5602         190       9108.8810
       190006336000005        6336         190       22062.553
       191008544000005        8544         191       62841.273
       192002431000005        2431         192       22062.553
       192017926000005       17926         192       16275.385
       193000415000005         415         193       4355.2188
       193000623000005         623         193       6080.2105
       194027164000005       27164         194       160099.12
       197008015000005        8015         197       79966.564
       197022756000005       22756         197       9108.8810
       197027313000005       27313         197       79966.564
       199019468000005       19468         199       2891.3529
       200016455000005       16455         200       4355.2188
       202015337000005       15337         202       22062.553
       203000654000005         654         203       6080.2105
       203001206000005        1206         203       22062.553
       204000299000005         299         204       6080.2105
       204011889000005       11889         204       2697.4516
       204019052000005       19052         204       62841.273
       205021828000005       21828         205       79966.564
       206000150000005         150         206       1090.1333
       206000195000005         195         206       1367.5238
       206000195000725         195         206       160099.12
       207002584000005        2584         207       16275.385
       209002110000005        2110         209       2891.3529
       210001714000005        1714         210       36216.106
       210008481000005        8481         210       6080.2105
       211009827000005        9827         211       9108.8810
       214009791000005        9791         214       1090.1333
       214009791000853        9791         214       160099.12
       214009791000769        9791         214       79966.564
       214010680000005       10680         214       9108.8810
       215000129000005         129         215       2891.3529
       215001743000005        1743         215       36216.106
       216005332002914        5332         216       79966.564
       216005332002902        5332         216       79966.564
       216005332000005        5332         216       129.00000
       216008076000005        8076         216       16275.385
       217004178000005        4178         217       2697.4516
       219000145000005         145         219       129.00000
       220009359000069        9359         220       1090.1333
       220012861000044       12861         220       36216.106
       222004135000005        4135         222       2697.4516
       223001255000005        1255         223       9108.8810
       223002850000005        2850         223       22062.553
       224019612000005       19612         224       235.38095
       228000002000005           2         228       235.38095
       228000002002583           2         228       79966.564
       228000002002362           2         228       160099.12
       229002774000005        2774         229       1090.1333
       230000094000005          94         230       1367.5238
       230000094000394          94         230       79966.564
       230010187000005       10187         230       62841.273
       231000388000005         388         231       62841.273
       231001416000005        1416         231       2697.4516
       232000237000005         237         232       2697.4516
       233000049000005          49         233       9108.8810
       233000139000005         139         233       706.46154
       239003680000005        3680         239       22062.553
       239023399000005       23399         239       16275.385
       240000612000005         612         240       9108.8810
       240001661000005        1661         240       22062.553
       241010648000005       10648         241       22062.553
       243010940000005       10940         243       235.38095
       243013336000005       13336         243       22062.553
       247000223000005         223         247       1367.5238
       247001155000005        1155         247       9108.8810
       248018534000005       18534         248       4355.2188
       249011809000005       11809         249       129.00000
       249011859000005       11859         249       1367.5238
       249011974000005       11974         249       2697.4516
       251000145000005         145         251       2697.4516
       251008070000468        8070         251       16275.385
       251008085000005        8085         251       2697.4516
       251008677000005        8677         251       9108.8810
       252012037000005       12037         252       4355.2188
       254001494000005        1494         254       16275.385
       255001419000005        1419         255       9108.8810
       258001764000005        1764         258       9108.8810
       260001993000005        1993         260       1090.1333
       261007469000005        7469         261       2697.4516
       261015528000005       15528         261       62841.273
       262008829000005        8829         262       79966.564
       264001450000005        1450         264       22062.553
       264012837000005       12837         264       16275.385
       264015226000005       15226         264       36216.106
       266014138000005       14138         266       79966.564
       268005974000005        5974         268       36216.106
       270001244000005        1244         270       22062.553
       272004824000005        4824         272       62841.273
       273002106000005        2106         273       22062.553
       277000256000005         256         277       2891.3529
       278000409000005         409         278       4355.2188
       279001219000005        1219         279       16275.385
       282004954007165        4954         282       129.00000
       282009091000005        9091         282       36216.106
       282018271000005       18271         282       160099.12
       283001661000005        1661         283       1367.5238
       283008300000005        8300         283       36216.106
       285010842000005       10842         285       36216.106
       286010309000005       10309         286       62841.273
       287001507000005        1507         287       2697.4516
       288000157000005         157         288       4355.2188
       291000123000005         123         291       4355.2188
       291005480000005        5480         291       16275.385
       291013195000005       13195         291       79966.564
       292002075001482        2075         292       79966.564
       292002075000005        2075         292       706.46154
       292018159000005       18159         292       79966.564
       293000539000005         539         293       4355.2188
       296003841017153        3841         296       1090.1333
       297000154000005         154         297       1367.5238
       297000622000005         622         297       4355.2188
       299000209000979         209         299       4355.2188
       299000547000005         547         299       4355.2188
       299001833000005        1833         299       16275.385
       301000246000005         246         301       2697.4516
       301002739000038        2739         301       160099.12
       301002739000005        2739         301       36216.106
       302007732000005        7732         302       4355.2188
       305000166000005         166         305       2891.3529
       309030387000005       30387         309       79966.564
       310010786000005       10786         310       62841.273
       311002094000005        2094         311       4355.2188
       311002890000005        2890         311       9108.8810
       311010718000005       10718         311       160099.12
       313000084000005          84         313       235.38095
       316004139000005        4139         316       62841.273
       316010349000005       10349         316       79966.564
       317000140001603         140         317       79966.564
       317000140000005         140         317       706.46154
       318000213000005         213         318       2891.3529
       318004037000005        4037         318       22062.553
       319000805000122         805         319       6080.2105
       319026343000005       26343         319       62841.273
       320000228000005         228         320       2697.4516
       321002221000005        2221         321       1367.5238
       323010696000005       10696         323       36216.106
       324000004000005           4         324       129.00000
       324000496000005         496         324       6080.2105
       324000619000005         619         324       9108.8810
       324001161000005        1161         324       16275.385
       326002689000005        2689         326       36216.106
       327000203000005         203         327       1367.5238
       327019978000005       19978         327       2891.3529
       328012118000005       12118         328       2697.4516
       329007181000053        7181         329       22062.553
       330000098000005          98         330       706.46154
       331009722000005        9722         331       62841.273
       332000202000084         202         332       79966.564
       332000202000005         202         332       6080.2105
       332008100000005        8100         332       16275.385
       332013069000005       13069         332       160099.12
       333009614001121        9614         333       79966.564
       333009614000005        9614         333       706.46154
       333020437000005       20437         333       160099.12
       337000745000005         745         337       6080.2105
       338022305000005       22305         338       36216.106
       339000942000005         942         339       9108.8810
       340021274000005       21274         340       2891.3529
       341014312000005       14312         341       1367.5238
       341014550000005       14550         341       6080.2105
       341014698000005       14698         341       6080.2105
       341014698000089       14698         341       79966.564
       341014769000005       14769         341       9108.8810
       342005507000005        5507         342       62841.273
       346001556000005        1556         346       16275.385
       346009040000005        9040         346       62841.273
       347004074000005        4074         347       6080.2105
       348000057000319          57         348       129.00000
       348000057004426          57         348       79966.564
       349000158000005         158         349       1367.5238
       350009800000005        9800         350       235.38095
       352016208000005       16208         352       62841.273
       353000129000005         129         353       1090.1333
       353000833000005         833         353       9108.8810
       354010658000005       10658         354       235.38095
       355012186000005       12186         355       22062.553
       355014799000005       14799         355       62841.273
       357000187000005         187         357       2891.3529
       358000219000005         219         358       2891.3529
       359000206000369         206         359       22062.553
       359012364000182       12364         359       129.00000
       359018142000005       18142         359       62841.273
       360013267000005       13267         360       36216.106
       361010678000005       10678         361       6080.2105
       362000141003155         141         362       22062.553
       366020431000005       20431         366       4355.2188
       367000377000005         377         367       4355.2188
       367014418000005       14418         367       129.00000
       367014418004030       14418         367       79966.564
       367014418004216       14418         367       160099.12
       369000105000754         105         369       79966.564
       369000105000005         105         369       1090.1333
       371010114000005       10114         371       706.46154
       373020620000005       20620         373       22062.553
       374000124003808         124         374       79966.564
       374000124003792         124         374       79966.564
       374000124000005         124         374       129.00000
       374000619000005         619         374       6080.2105
       374019288000005       19288         374       235.38095
       374019288001748       19288         374       79966.564
       376000216000005         216         376       4355.2188
       377000661000005         661         377       6080.2105
       377004370000005        4370         377       36216.106
       378001325000005        1325         378       9108.8810
       379010615000005       10615         379       62841.273
       380007642000005        7642         380       62841.273
       381011017000005       11017         381       62841.273
       384008284000005        8284         384       706.46154
       385000136000005         136         385       2697.4516
       385009215000005        9215         385       16275.385
       388009799200208        9799         388       16275.385
       388011296000005       11296         388       16275.385
       392000087000005          87         392       235.38095
       393002192000005        2192         393       16275.385
       393002868000005        2868         393       22062.553
       394004750000005        4750         394       36216.106
       396000050000005          50         396       2697.4516
       403002560000005        2560         403       22062.553
       403023351000005       23351         403       22062.553
       407001196000005        1196         407       6080.2105
       407002065000051        2065         407       36216.106
       407023850000005       23850         407       22062.553
       408002350000005        2350         408       22062.553
       408023762000005       23762         408       62841.273
       409013439000005       13439         409       22062.553
       409013996000005       13996         409       22062.553
       410000345000005         345         410       6080.2105
       410002024000005        2024         410       22062.553
       410014717000005       14717         410       22062.553
       411001646000005        1646         411       16275.385
       412000081000005          81         412       235.38095
       413000489000005         489         413       6080.2105
       413003997000005        3997         413       36216.106
       413004184000005        4184         413       36216.106
       414013181000005       13181         414       16275.385
       416000530000005         530         416       4355.2188
       416002507000005        2507         416       22062.553
       418002347000005        2347         418       22062.553
       418008178000005        8178         418       62841.273
       419014072000005       14072         419       160099.12
       421006435000005        6435         421       1367.5238
       421006878000005        6878         421       6080.2105
       422000466000005         466         422       9108.8810
       423010813000005       10813         423       16275.385
       425000062017561          62         425       62841.273
       430008880000005        8880         430       4355.2188
       430011154000005       11154         430       16275.385
       431000210003166         210         431       129.00000
       431000210006291         210         431       209085.67
       431007329000005        7329         431       62841.273
       433000077000005          77         433       235.38095
       433000167000005         167         433       2891.3529
       433002661000005        2661         433       36216.106
       435007264000005        7264         435       62841.273
       436017541000428       17541         436       209085.67
       436017541000005       17541         436       1367.5238
       436017672000054       17672         436       2697.4516
       436017835000005       17835         436       4355.2188
       437006015000005        6015         437       6080.2105
       437006446000005        6446         437       16275.385
       439000911000005         911         439       9108.8810
       439001190000005        1190         439       9108.8810
       439001687000005        1687         439       16275.385
       440000239000005         239         440       2891.3529
       442005087000005        5087         442       16275.385
       443001519000005        1519         443       16275.385
       443024907000005       24907         443       22062.553
       444002355000005        2355         444       22062.553
       447007714000005        7714         447       62841.273
       450002005000005        2005         450       2891.3529
       453023073000005       23073         453       62841.273
       453024977000005       24977         453       160099.12
       459001235000990        1235         459       79966.564
       459001366000005        1366         459       2697.4516
       460000759000005         759         460       6080.2105
       462003426000005        3426         462       22062.553
       464002019000005        2019         464       6080.2105
       465003216000005        3216         465       9108.8810
       466008052000005        8052         466       36216.106
       468001484000005        1484         468       129.00000
       469003617000005        3617         469       2697.4516
       470010646000005       10646         470       62841.273
       470026595000097       26595         470       16275.385
       471000672000005         672         471       6080.2105
       471002248000005        2248         471       16275.385
       473000436000005         436         473       4355.2188
       473015343000005       15343         473       1090.1333
       473022202000005       22202         473       62841.273
       475000771000005         771         475       6080.2105
       476000092000005          92         476       235.38095
       478004234000005        4234         478       2697.4516
       478004859000005        4859         478       6080.2105
       478005378000005        5378         478       9108.8810
       478010386000005       10386         478       36216.106
       479002359002752        2359         479       79966.564
       479002359000005        2359         479       235.38095
       479003099000005        3099         479       6080.2105
       482000682000005         682         482       6080.2105
       483016724000005       16724         483       4355.2188
       486003264000005        3264         486       36216.106
       487017694000005       17694         487       22062.553
       487019089000005       19089         487       36216.106
       490000194000005         194         490       2697.4516
       490000389000005         389         490       6080.2105
       491001692000005        1692         491       16275.385
       493001947000005        1947         493       36216.106
       495000123000005         123         495       235.38095
       497012753000005       12753         497       62841.273
       497014301000005       14301         497       62841.273
       498000402000005         402         498       2697.4516
       498001409000005        1409         498       9108.8810
       499000848000005         848         499       16275.385
       499021958000005       21958         499       79966.564
       500013362002576       13362         500       129.00000
       500013365000005       13365         500       129.00000
       500013365003289       13365         500       79966.564
       500013365003297       13365         500       209085.67
       500016834000005       16834         500       36216.106
       501010120001408       10120         501       9108.8810
       502010879000005       10879         502       160099.12
       504020592000005       20592         504       160099.12
       505000090001244          90         505       79966.564
       505000090001232          90         505       79966.564
       505000090000005          90         505       706.46154
       508004944000005        4944         508       36216.106
       510000904000005         904         510       6080.2105
       511003025000005        3025         511       2697.4516
       511016656000005       16656         511       62841.273
