         195
              14000024          14           0       638.87500
         5001385000024        1385           5       38111.053
         9001719000024        1719           9       55248.136
        10000036056431          36          10       24925.824
        12013973000433       13973          12       9397.2000
        18001516000273        1516          18       38111.053
        20000000000024           0          20       1.0000000
        20009877000024        9877          20       92043.864
        21000101000024         101          21       1576.0000
        22003478000675        3478          22       55248.136
        23003332000024        3332          23       33.000000
        23003333000024        3333          23       538.00000
        31000102000722         102          31       55248.136
        33015449000024       15449          33       92043.864
        34000013020432          13          34       638.87500
        34000088000024          88          34       24925.824
        39009273000024        9273          39       3681.8333
        39010707000065       10707          39       92043.864
        42000042013519          42          42       16417.267
        42007851000024        7851          42       38111.053
        46004387000024        4387          46       55248.136
        48014702001095       14702          48       9397.2000
        52000124000024         124          52       7132.4545
        55000537000024         537          55       24925.824
        60000484000094         484          60       92043.864
        60001519000088        1519          60       300706.09
        63012925000024       12925          63       92043.864
        66000706000024         706          66       92043.864
        67015689000024       15689          67       38111.053
        69000403000024         403          69       38111.053
        78000266000024         266          78       7132.4545
        84016832002990       16832          84       7132.4545
        89004737000024        4737          89       24925.824
        90000080004204          80          90       16417.267
        92000075013590          75          92       55248.136
        92003742000024        3742          92       55248.136
        94020531000024       20531          94       9397.2000
        95000117002317         117          95       538.00000
       103018723000024       18723         103       66.454545
       104000370000024         370         104       16417.267
       109000151006329         151         109       3681.8333
       109000156000024         156         109       638.87500
       109001178000070        1178         109       55248.136
       115012614000024       12614         115       1.0000000
       129001762000024        1762         129       300706.09
       130004083000246        4083         130       802735.50
       132000051000864          51         132       38111.053
       133000196000024         196         133       5352.6250
       136005979000085        5979         136       92043.864
       137000032000024          32         137       66.454545
       137004038000065        4038         137       7132.4545
       141000104000024         104         141       16417.267
       141006822000024        6822         141       38111.053
       142000150000024         150         142       9397.2000
       144009946049597        9946         144       33.000000
       148000047000024          47         148       66.454545
       150013506000024       13506         150       802735.50
       152000089000024          89         152       1576.0000
       152002548000024        2548         152       55248.136
       154000185003010         185         154       66.454545
       154000223000250         223         154       24925.824
       158006413000128        6413         158       33.000000
       159016404000367       16404         159       92043.864
       164000038000189          38         164       66.454545
       167009314000024        9314         167       1576.0000
       168000030014748          30         168       24925.824
       169000098000869          98         169       92043.864
       170004783000024        4783         170       92043.864
       172000376003840         376         172       16417.267
       177008518000024        8518         177       9397.2000
       184000797000024         797         184       55248.136
       189002004000024        2004         189       24925.824
       191000125001021         125         191       802735.50
       194000685000432         685         194       38111.053
       202013880000108       13880         202       55248.136
       206006287000024        6287         206       92043.864
       210000069006828          69         210       802735.50
       210000726000024         726         210       38111.053
       210007753002819        7753         210       92043.864
       211000111001099         111         211       16417.267
       221005951000024        5951         221       16417.267
       223000564000024         564         223       24925.824
       224019607006161       19607         224       9397.2000
       225000143000024         143         225       7132.4545
       226024957000024       24957         226       300706.09
       231001467000024        1467         231       16417.267
       231001513000219        1513         231       300706.09
       237000097000024          97         237       5352.6250
       237000118000024         118         237       7132.4545
       237014593000024       14593         237       9397.2000
       239000298000024         298         239       9397.2000
       243015051000024       15051         243       92043.864
       244004930000024        4930         244       45.000000
       244004942002555        4942         244       9397.2000
       244004942005554        4942         244       24925.824
       248018876000024       18876         248       16417.267
       249000113003673         113         249       7132.4545
       251007866009305        7866         251       3681.8333
       256000056000024          56         256       3681.8333
       258000056006086          56         258       9397.2000
       258004515000024        4515         258       92043.864
       259001330001380        1330         259       16417.267
       260002815000024        2815         260       24925.824
       270008887000024        8887         270       33.000000
       274007217000024        7217         274       92043.864
       275000574001549         574         275       538.00000
       275006029000024        6029         275       7132.4545
       276000009000756           9         276       5352.6250
       277001639000024        1639         277       55248.136
       281001169000024        1169         281       24925.824
       286006422000382        6422         286       16417.267
       287001344006720        1344         287       38111.053
       288000668000101         668         288       38111.053
       291002838007361        2838         291       5352.6250
       297000155000604         155         297       55248.136
       299002569000024        2569         299       55248.136
       301000104000024         104         301       7132.4545
       304000053000024          53         304       1576.0000
       304001964000024        1964         304       92043.864
       308002310001341        2310         308       16417.267
       310000974000024         974         310       38111.053
       313009957000024        9957         313       5352.6250
       313010079000024       10079         313       7132.4545
       319000123003052         123         319       638.87500
       321002149000739        2149         321       300706.09
       321002986000024        2986         321       24925.824
       323007225000681        7225         323       24925.824
       329004025000024        4025         329       1.0000000
       331001630004589        1630         331       9397.2000
       332001146000024        1146         332       802735.50
       333001008000024        1008         333       38111.053
       337000471000024         471         337       24925.824
       338000080000024          80         338       1576.0000
       340021233000531       21233         340       9397.2000
       341015825000024       15825         341       55248.136
       344000059001955          59         344       9397.2000
       348009109002176        9109         348       9397.2000
       350000214000442         214         350       300706.09
       351000419000024         419         351       24925.824
       359000103033500         103         359       55248.136
       359012362014580       12362         359       5352.6250
       364000079006254          79         364       16417.267
       370004416003524        4416         370       55248.136
       374000120010172         120         374       538.00000
       374001259000063        1259         374       92043.864
       379000126000024         126         379       66.454545
       379003981000024        3981         379       92043.864
       381003777000024        3777         381       55248.136
       386000014000024          14         386       1576.0000
       387004044000024        4044         387       300706.09
       387016164001283       16164         387       5352.6250
       388000049000024          49         388       1.0000000
       391004445000024        4445         391       300706.09
       397013329002163       13329         397       55248.136
       398000072000024          72         398       66.454545
       398012579004123       12579         398       3681.8333
       398012632000523       12632         398       16417.267
       399000152009643         152         399       55248.136
       399017236000024       17236         399       300706.09
       407000579005677         579         407       38111.053
       408000406000024         406         408       16417.267
       413000813000098         813         413       55248.136
       418023032000024       23032         418       55248.136
       420002704001773        2704         420       3681.8333
       420005400000024        5400         420       92043.864
       431000183092566         183         431       638.87500
       432022224000024       22224         432       802735.50
       433000169000460         169         433       300706.09
       434021018000024       21018         434       638.87500
       436017494014235       17494         436       66.454545
       438000123000024         123         438       66.454545
       439003809000024        3809         439       92043.864
       440000114000024         114         440       66.454545
       442004505000111        4505         442       300706.09
       453000037000024          37         453       33.000000
       454000116002281         116         454       7132.4545
       459001194001551        1194         459       38111.053
       459003224000081        3224         459       2713913.0
       464001808000024        1808         464       9397.2000
       464003678000024        3678         464       38111.053
       470000176000024         176         470       638.87500
       471000185000024         185         471       33.000000
       477004705001188        4705         477       38111.053
       479002343000024        2343         479       1.0000000
       481000439000024         439         481       24925.824
       487000159000024         159         487       1576.0000
       491003908000024        3908         491       92043.864
       491024258000024       24258         491       92043.864
       494000228000149         228         494       55248.136
       497003886001452        3886         497       66.454545
       498000151016405         151         498       638.87500
       503000233001807         233         503       38111.053
       503000303000024         303         503       5352.6250
       504012598000201       12598         504       24925.824
       505015999001146       15999         505       38111.053
