         299
     40000000000275481           0          40       842.07213
     40000000000109204           0          40       842.07213
     40000000000128821           0          40       618.57391
     40000000000198309           0          40       505.39355
     40000000000101986           0          40       327.20000
     40000003000006151           3          40       895.46667
     40000047000000117          47          40       895.46667
     41000000000597142           0          41       895.46667
     41000000000382575           0          41       842.07213
     41000000000446929           0          41       842.07213
     41000000000300142           0          41       217.60000
     41000003000007741           3          41       842.07213
     41000112000000034         112          41       895.46667
     42000000000027356           0          42       895.46667
     42000000000274482           0          42       895.46667
     42000000001240737           0          42       895.46667
     42000000001136272           0          42       895.46667
     42000000000465052           0          42       842.07213
     42000000000372215           0          42       842.07213
     42000000001076055           0          42       895.46667
     42000000000858546           0          42       895.46667
     42000000000076494           0          42       895.46667
     42000000001164764           0          42       618.57391
     42000000000458466           0          42       505.39355
     42000000000000034           0          42       151.27273
     42000000000377136           0          42       151.27273
     42000000000275816           0          42       505.39355
     42000000000505804           0          42       183.46667
     42000001000018777           1          42       895.46667
     42000002000012825           2          42       895.46667
     42000005000003737           5          42       895.46667
     42000028000000034          28          42       842.07213
     43000000000085908           0          43       842.07213
     43000000000228445           0          43       895.46667
     43000000000219931           0          43       505.39355
     43000000000000034           0          43       19.200000
     44000000000047452           0          44       151.27273
     44000000000118253           0          44       505.39355
     44000000000599280           0          44       429.13684
     44000000000094993           0          44       429.13684
     44000000000152189           0          44       151.27273
     44000000000065191           0          44       327.20000
     44000000000419424           0          44       618.57391
     44000000000032804           0          44       618.57391
     44000000000671624           0          44       895.46667
     44000000000441591           0          44       895.46667
     44000000000491959           0          44       895.46667
     44000000000393872           0          44       895.46667
     44000000000356347           0          44       895.46667
     44000000000244387           0          44       895.46667
     44000000000864571           0          44       842.07213
     44000000000465001           0          44       842.07213
     44000002000000034           2          44       429.13684
     45000000000068731           0          45       429.13684
     45000000000088930           0          45       327.20000
     45000000000045277           0          45       618.57391
     45000000000231173           0          45       842.07213
     45000000000071706           0          45       842.07213
     45000000000474073           0          45       895.46667
     45000000000249793           0          45       151.27273
     45000000000000034           0          45       183.46667
     45000001000014360           1          45       505.39355
     45000007000001790           7          45       895.46667
     45000008000002738           8          45       842.07213
     45000110000000034         110          45       895.46667
     46000000000172630           0          46       895.46667
     46000000000104248           0          46       429.13684
     46000000000062391           0          46       327.20000
     46000000000094948           0          46       275.20000
     46000000000103619           0          46       505.39355
     46000001000011003           1          46       618.57391
     46000005000010704           5          46       505.39355
     46000008000002311           8          46       842.07213
     47000000000361596           0          47       842.07213
     47000000000394507           0          47       895.46667
     47000000000307656           0          47       895.46667
     47000000000341405           0          47       895.46667
     47000000000281545           0          47       895.46667
     47000000000070488           0          47       895.46667
     47000000000076422           0          47       618.57391
     47000001000003900           1          47       327.20000
     47000026000000562          26          47       895.46667
     47000032000000216          32          47       895.46667
     47000038000000034          38          47       618.57391
     47000044000000034          44          47       842.07213
     47000056000000034          56          47       618.57391
     47000131000000034         131          47       895.46667
     48000000000139560           0          48       895.46667
     48000000000103926           0          48       895.46667
     48000000000056050           0          48       183.46667
     48000001000000034           1          48       151.27273
     48000002000027244           2          48       618.57391
     48000004000003886           4          48       895.46667
     48000008000000034           8          48       429.13684
     48000025000000729          25          48       895.46667
     48000030000000034          30          48       842.07213
     48000070000000034          70          48       895.46667
     49000002000004224           2          49       327.20000
     49000016000000034          16          49       618.57391
     49000102000000034         102          49       895.46667
     50000009000000800           9          50       842.07213
     50000047000000034          47          50       895.46667
     50000111000000034         111          50       895.46667
     51000000000521661           0          51       895.46667
     51000000000264664           0          51       895.46667
     51000000000165573           0          51       895.46667
     51000000000172870           0          51       842.07213
     51000000000057854           0          51       618.57391
     51000000000419114           0          51       618.57391
     51000000000411887           0          51       327.20000
     51000000000576998           0          51       275.20000
     51000002000018749           2          51       618.57391
     51000003000005505           3          51       895.46667
     51000004000002152           4          51       505.39355
     51000030000000034          30          51       842.07213
     52000000000129838           0          52       895.46667
     52000000000084397           0          52       505.39355
     52000006000004669           6          52       505.39355
     52000038000000034          38          52       895.46667
     52000107000000034         107          52       895.46667
     53000000000277134           0          53       895.46667
     53000000000129120           0          53       895.46667
     53000000000013828           0          53       895.46667
     53000000000110288           0          53       895.46667
     53000000000154825           0          53       895.46667
     53000000000076704           0          53       505.39355
     53000000000225348           0          53       842.07213
     53000002000000034           2          53       275.20000
     53000009000000320           9          53       895.46667
     53000011000000034          11          53       505.39355
     54000000000156216           0          54       151.27273
     54000000000095096           0          54       842.07213
     54000052000000034          52          54       618.57391
     55000003000004975           3          55       618.57391
     56000000000076418           0          56       618.57391
     56000000000105792           0          56       842.07213
     56000000000172823           0          56       327.20000
     56000000000085503           0          56       429.13684
     56000000000144338           0          56       505.39355
     56000074000000034          74          56       842.07213
     57000000000084573           0          57       618.57391
     57000000000185399           0          57       895.46667
     57000004000004354           4          57       895.46667
     57000007000000034           7          57       505.39355
     57000012000000716          12          57       895.46667
     58000000000039879           0          58       895.46667
     58000000000197891           0          58       895.46667
     58000013000002657          13          58       895.46667
     59000000000039336           0          59       842.07213
     59000000000256009           0          59       842.07213
     59000000000464848           0          59       842.07213
     59000000000133106           0          59       842.07213
     59000000000450727           0          59       151.27273
     59000000000063811           0          59       275.20000
     59000004000001851           4          59       842.07213
     59000018000000510          18          59       842.07213
     59000037000000034          37          59       618.57391
     60000000000096985           0          60       842.07213
     60000000000096407           0          60       505.39355
     60000000000095122           0          60       505.39355
     60000000000094160           0          60       842.07213
     60000001000017801           1          60       842.07213
     60000005000003506           5          60       842.07213
     60000005000001046           5          60       618.57391
     60000011000000985          11          60       895.46667
     60000013000001359          13          60       842.07213
     60000054000000034          54          60       895.46667
     60000087000000077          87          60       895.46667
     61000000000568984           0          61       842.07213
     61000000000197553           0          61       842.07213
     61000000000301543           0          61       505.39355
     61000000000265766           0          61       618.57391
     61000001000001201           1          61       327.20000
     61000006000000034           6          61       429.13684
     61000010000001678          10          61       842.07213
     61000011000001333          11          61       842.07213
     61000036000000034          36          61       618.57391
     61000083000000034          83          61       895.46667
     62000000000000034           0          62       140.80000
     62000002000008623           2          62       842.07213
     62000008000005935           8          62       895.46667
     62000008000001621           8          62       618.57391
     63000000000161243           0          63       618.57391
     63000000000094583           0          63       895.46667
     63000004000004818           4          63       895.46667
     63000022000000034          22          63       505.39355
     63000030000000034          30          63       618.57391
     64000000000068672           0          64       505.39355
     64000000000092526           0          64       429.13684
     64000000000124206           0          64       429.13684
     64000000000247556           0          64       327.20000
     64000000000144223           0          64       151.27273
     64000000000276567           0          64       842.07213
     64000000000097130           0          64       842.07213
     64000000000085494           0          64       842.07213
     64000001000000034           1          64       151.27273
     64000002000006313           2          64       505.39355
     64000003000006303           3          64       895.46667
     64000004000000997           4          64       842.07213
     64000074000000034          74          64       842.07213
     65000000000103411           0          65       505.39355
     65000000000152158           0          65       327.20000
     65000045000000182          45          65       895.46667
     65000058000000034          58          65       842.07213
     65000078000000106          78          65       895.46667
     66000000000095335           0          66       618.57391
     66000000000131590           0          66       618.57391
     66000000000091247           0          66       275.20000
     66000014000000034          14          66       618.57391
     67000000000086894           0          67       327.20000
     67000000000083026           0          67       327.20000
     67000000000000034           0          67       19.200000
     67000013000000034          13          67       429.13684
     67000064000000137          64          67       895.46667
     67000068000000034          68          67       895.46667
     68000000000240108           0          68       895.46667
     68000000000269428           0          68       895.46667
     68000000000062476           0          68       505.39355
     68000000000081943           0          68       327.20000
     68000000000317822           0          68       275.20000
     68000000000391566           0          68       618.57391
     68000000000000034           0          68       19.200000
     68000010000000034          10          68       618.57391
     69000000000096204           0          69       842.07213
     69000000000107712           0          69       842.07213
     69000000000000034           0          69       19.200000
     69000006000000956           6          69       618.57391
     70000000000238987           0          70       505.39355
     70000000000094727           0          70       842.07213
     70000000000175319           0          70       842.07213
     70000000000255532           0          70       895.46667
     70000000000217905           0          70       895.46667
     70000000000106854           0          70       895.46667
     70000003000000034           3          70       327.20000
     70000012000000034          12          70       618.57391
     70000019000000034          19          70       842.07213
     70000032000000034          32          70       618.57391
     70000082000000034          82          70       895.46667
     71000000000226793           0          71       842.07213
     71000000000101711           0          71       618.57391
     71000000000144226           0          71       505.39355
     71000000000190348           0          71       429.13684
     71000002000006308           2          71       618.57391
     72000000000098787           0          72       618.57391
     72000000000071823           0          72       842.07213
     72000007000000034           7          72       429.13684
     72000008000000034           8          72       429.13684
     72000091000000034          91          72       895.46667
     73000000000262629           0          73       275.20000
     73000000000070485           0          73       505.39355
     74000005000002858           5          74       842.07213
     74000065000000034          65          74       895.46667
     75000000000079881           0          75       618.57391
     75000000000048193           0          75       327.20000
     75000001000011771           1          75       429.13684
     75000005000004791           5          75       895.46667
     75000007000004683           7          75       618.57391
     75000019000000034          19          75       895.46667
     75000036000000983          36          75       895.46667
     76000000000145817           0          76       895.46667
     76000000000230156           0          76       618.57391
     76000000000148251           0          76       505.39355
     76000008000002733           8          76       895.46667
     76000116000000034         116          76       895.46667
     77000000000082102           0          77       429.13684
     77000000000062530           0          77       275.20000
     77000001000000034           1          77       151.27273
     77000006000003035           6          77       618.57391
     77000026000000034          26          77       618.57391
     77000094000000034          94          77       842.07213
     78000000000192039           0          78       842.07213
     78000000000082581           0          78       842.07213
     78000000000078207           0          78       895.46667
     78000000000296409           0          78       895.46667
     78000000000102103           0          78       618.57391
     78000000000191262           0          78       618.57391
     78000000000141414           0          78       429.13684
     78000000000083112           0          78       429.13684
     78000000000361205           0          78       505.39355
     78000001000025901           1          78       842.07213
     78000028000001141          28          78       895.46667
     78000054000000034          54          78       895.46667
     79000000000104672           0          79       895.46667
     79000000000128651           0          79       618.57391
     79000014000001187          14          79       895.46667
     79000080000000034          80          79       895.46667
     80000000000401041           0          80       895.46667
     80000000000151781           0          80       842.07213
     80000000000444598           0          80       842.07213
     80000000000174439           0          80       618.57391
     80000000000144735           0          80       505.39355
     80000000000050999           0          80       275.20000
     80000000000135748           0          80       275.20000
     80000005000002879           5          80       505.39355
     80000005000000034           5          80       429.13684
     80000005000001598           5          80       895.46667
     80000016000000034          16          80       505.39355
     80000023000000384          23          80       895.46667
     80000026000000034          26          80       618.57391
