         631
         2004846000110        4846           2       58571.222
         4001713000007        1713           4       58571.222
         4022682000007       22682           4       175887.38
         5000214000289         214           5       14983.333
         5000214000007         214           5       5481.6667
         7001034000007        1034           7       37909.765
         7002972000007        2972           7       69249.960
         7004602000007        4602           7       175887.38
         7015484000007       15484           7       21554.889
         8012958000007       12958           8       3613.0000
        10000025000007          25          10       40.000000
        10000025008560          25          10       14983.333
        10000025008853          25          10       14983.333
        14010870008029       10870          14       14983.333
        14010870009002       10870          14       26751.867
        14010870000007       10870          14       40.000000
        14010870008270       10870          14       13680.500
        14010870008955       10870          14       13680.500
        18001175000007        1175          18       545.22222
        18013709000007       13709          18       26751.867
        20000000034599           0          20       26751.867
        20000000034627           0          20       26751.867
        20000000025444           0          20       26751.867
        20000000025531           0          20       26751.867
        20000000034675           0          20       58571.222
        20000000024468           0          20       26751.867
        20000000024487           0          20       26751.867
        20000000028172           0          20       26751.867
        20000000026851           0          20       26751.867
        20000000026834           0          20       14983.333
        20000000026903           0          20       14983.333
        20000000034650           0          20       14983.333
        20000000025516           0          20       14983.333
        20000000025482           0          20       14983.333
        20000000025556           0          20       14983.333
        20000000024432           0          20       14983.333
        20000000024442           0          20       14983.333
        20000000029647           0          20       14983.333
        20000000029666           0          20       14983.333
        20000000029689           0          20       14983.333
        20000000029733           0          20       14983.333
        20000000029745           0          20       14983.333
        20000000029771           0          20       14983.333
        20000000024485           0          20       14983.333
        20000000024467           0          20       14983.333
        20000000024489           0          20       14983.333
        20000000000007           0          20       12.666667
        20000000025508           0          20       13680.500
        20000000025589           0          20       13680.500
        23002171000007        2171          23       26751.867
        23003330037020        3330          23       26751.867
        23003330035999        3330          23       26751.867
        23003330037094        3330          23       26751.867
        23003330039738        3330          23       26751.867
        23003330039758        3330          23       26751.867
        23003330039784        3330          23       26751.867
        23003330031303        3330          23       26751.867
        23003330031325        3330          23       26751.867
        23003330031356        3330          23       26751.867
        23003330031367        3330          23       26751.867
        23003330031387        3330          23       26751.867
        23003330034523        3330          23       26751.867
        23003330032977        3330          23       26751.867
        23003330032875        3330          23       26751.867
        23003330032905        3330          23       26751.867
        23003330036054        3330          23       69249.960
        23003330037038        3330          23       14983.333
        23003330036037        3330          23       14983.333
        23003330032920        3330          23       14983.333
        23003330032955        3330          23       14983.333
        23003330034493        3330          23       14983.333
        23003330034562        3330          23       14983.333
        23003330032844        3330          23       14983.333
        23003330031388        3330          23       14983.333
        23003330031323        3330          23       14983.333
        23003330031302        3330          23       14983.333
        23003330000007        3330          23       1.2500000
        23003330031320        3330          23       13680.500
        23003367000007        3367          23       3613.0000
        25005423005135        5423          25       21554.889
        31000230000441         230          31       10847.308
        34000028000007          28          34       2034.0000
        35006883000007        6883          35       40.000000
        35006883006609        6883          35       13680.500
        35006883006674        6883          35       14983.333
        35006883008399        6883          35       13680.500
        35006883007577        6883          35       14983.333
        35006883008004        6883          35       14983.333
        35006883007090        6883          35       14983.333
        35006883006623        6883          35       26751.867
        35006883006652        6883          35       26751.867
        35006883007119        6883          35       26751.867
        35006883007069        6883          35       26751.867
        37023463000007       23463          37       14983.333
        39009262006890        9262          39       26751.867
        39009262006224        9262          39       13680.500
        39009262000007        9262          39       40.000000
        40008118000007        8118          40       297.50000
        40008732000007        8732          40       21554.889
        45000299000007         299          45       6474.0000
        47002067000007        2067          47       12.666667
        50015170000007       15170          50       13783.353
        54000096000805          96          54       14983.333
        54000096000007          96          54       2034.0000
        54000210000759         210          54       21554.889
        54011633000007       11633          54       26751.867
        54020835001647       20835          54       14983.333
        54020835000007       20835          54       1501.8333
        58002169000007        2169          58       58571.222
        59006736000007        6736          59       69249.960
        61001290000007        1290          61       69249.960
        65003184000007        3184          65       69249.960
        68010229000007       10229          68       5481.6667
        71000082000947          82          71       26751.867
        71000082000966          82          71       14983.333
        73014235023013       14235          73       14983.333
        73014235023018       14235          73       14983.333
        73014235022676       14235          73       26751.867
        73014235023065       14235          73       26751.867
        73014235024236       14235          73       26751.867
        73014235024902       14235          73       26751.867
        73014235024931       14235          73       26751.867
        73014235022261       14235          73       26751.867
        73014235022252       14235          73       13680.500
        73014235011234       14235          73       40.000000
        73014235022253       14235          73       14983.333
        76018193000644       18193          76       69249.960
        78019760000128       19760          78       37909.765
        78019760000007       19760          78       13783.353
        81000546000007         546          81       21554.889
        84001880000007        1880          84       58571.222
        84001880000056        1880          84       26751.867
        85000079003495          79          85       26751.867
        85000079003810          79          85       26751.867
        85000079003186          79          85       14983.333
        85000079000007          79          85       297.50000
        89004441000007        4441          89       13783.353
        91000143000007         143          91       2034.0000
        91000143000691         143          91       14983.333
        93000108017115         108          93       14983.333
        93000108021633         108          93       14983.333
        93000108019729         108          93       14983.333
        93000108023001         108          93       14983.333
        93000108020523         108          93       26751.867
        93000108018454         108          93       26751.867
        93000108018478         108          93       26751.867
        93000108021641         108          93       26751.867
        93000108021675         108          93       26751.867
        93000108015934         108          93       26751.867
        93000108015935         108          93       26751.867
        93000108000007         108          93       12.666667
        93000108020547         108          93       13680.500
        93000108020516         108          93       13680.500
        93000108017118         108          93       13680.500
        93000108017129         108          93       13680.500
        94000484000007         484          94       10847.308
        94000484000172         484          94       14983.333
        96000624000007         624          96       21554.889
        99001050000007        1050          99       37909.765
       105006737013857        6737         105       26751.867
       105006737015259        6737         105       26751.867
       105006737015264        6737         105       26751.867
       105006737000007        6737         105       12.666667
       105006737013856        6737         105       14983.333
       105006737013880        6737         105       14983.333
       105012424000007       12424         105       69249.960
       108003428037511        3428         108       69249.960
       108003428028825        3428         108       26751.867
       108003428027898        3428         108       26751.867
       108003428027855        3428         108       26751.867
       108003428034475        3428         108       26751.867
       108003428034492        3428         108       26751.867
       108003428037444        3428         108       26751.867
       108003428037484        3428         108       26751.867
       108003428032978        3428         108       26751.867
       108003428033005        3428         108       26751.867
       108003428034372        3428         108       26751.867
       108003428028754        3428         108       14983.333
       108003428028766        3428         108       14983.333
       108003428028794        3428         108       14983.333
       108003428028804        3428         108       14983.333
       108003428028836        3428         108       14983.333
       108003428030379        3428         108       14983.333
       108003428032961        3428         108       14983.333
       108003428034394        3428         108       14983.333
       108003428034449        3428         108       14983.333
       108003428027896        3428         108       14983.333
       108003428027878        3428         108       14983.333
       108003428000007        3428         108       12.666667
       108003428027879        3428         108       13680.500
       108027664000086       27664         108       14983.333
       108027664000007       27664         108       21554.889
       109005112000007        5112         109       69249.960
       110000421000007         421         110       13783.353
       110010958000007       10958         110       10847.308
       113001167000007        1167         113       37909.765
       117016169000007       16169         117       175887.38
       119001694000007        1694         119       37909.765
       126004022000007        4022         126       6474.0000
       128008175010629        8175         128       13680.500
       128008175011109        8175         128       13680.500
       128008175000007        8175         128       12.666667
       128008175011728        8175         128       26751.867
       128008175012410        8175         128       26751.867
       128008175012887        8175         128       26751.867
       128010840000007       10840         128       58571.222
       128012621000007       12621         128       69249.960
       132000082000007          82         132       2034.0000
       134000050000007          50         134       5481.6667
       134000050000328          50         134       13680.500
       135006411000007        6411         135       13783.353
       135006990000007        6990         135       13783.353
       136000057007392          57         136       14983.333
       136000057007415          57         136       13680.500
       136000057007383          57         136       13680.500
       136000057000007          57         136       40.000000
       136000057007443          57         136       26751.867
       136000057007972          57         136       26751.867
       136000057008505          57         136       26751.867
       136000057009089          57         136       14983.333
       136000057007404          57         136       14983.333
       137003926000007        3926         137       1501.8333
       137003926001469        3926         137       175887.38
       142009147000007        9147         142       40.000000
       142009147005798        9147         142       14983.333
       142009147008070        9147         142       26751.867
       143006127000007        6127         143       37909.765
       144009960003403        9960         144       6474.0000
       144009986000007        9986         144       3613.0000
       144009986000717        9986         144       14983.333
       148000039011278          39         148       13680.500
       148000039000007          39         148       12.666667
       148000039011861          39         148       14983.333
       148000039012612          39         148       14983.333
       148000039014891          39         148       14983.333
       148000039011287          39         148       26751.867
       157019738000007       19738         157       175887.38
       160000981000007         981         160       13783.353
       161000040010008          40         161       37909.765
       166009389000007        9389         166       58571.222
       168008669006760        8669         168       26751.867
       168008669006460        8669         168       14983.333
       168008669006303        8669         168       14983.333
       168008669000007        8669         168       106.90000
       169000043000007          43         169       40.000000
       169000043009952          43         169       14983.333
       169000043009962          43         169       14983.333
       169000043010472          43         169       26751.867
       169000840000007         840         169       13783.353
       171004861000007        4861         171       13783.353
       172027702000007       27702         172       175887.38
       173000547000007         547         173       10847.308
       173000862000007         862         173       21554.889
       179021204000007       21204         179       545.22222
       180000068000007          68         180       545.22222
       180000068002509          68         180       13680.500
       181023340000007       23340         181       37909.765
       187014116000007       14116         187       21554.889
       188025023000007       25023         188       26751.867
       194022731005238       22731         194       26751.867
       194022731005498       22731         194       26751.867
       194022731000760       22731         194       106.90000
       194022731005158       22731         194       13680.500
       195008563001023        8563         195       13680.500
       195008563000007        8563         195       1501.8333
       201000079000007          79         201       106.90000
       201000079005507          79         201       26751.867
       201000201000007         201         201       6474.0000
       211011838000007       11838         211       69249.960
       213006422000835        6422         213       26751.867
       214001204000007        1204         214       58571.222
       214009749000007        9749         214       2034.0000
       215012748000007       12748         215       69249.960
       217000226000007         226         217       21554.889
       219000144000007         144         219       297.50000
       219000144003211         144         219       14983.333
       219021312005417       21312         219       14983.333
       219021312005243       21312         219       14983.333
       219021312000007       21312         219       106.90000
       219021312005508       21312         219       14983.333
       222010990000007       10990         222       175887.38
       223000187000007         187         223       12.666667
       223000971000007         971         223       13783.353
       224000064006216          64         224       14983.333
       224000064006212          64         224       14983.333
       224000064000007          64         224       106.90000
       224000064006936          64         224       13680.500
       224000064006423          64         224       14983.333
       224000064006454          64         224       14983.333
       224000064006256          64         224       26751.867
       224000064006235          64         224       26751.867
       224000064006947          64         224       26751.867
       227012104000007       12104         227       10847.308
       228020110000007       20110         228       26751.867
       229002732042718        2732         229       26751.867
       229002732030680        2732         229       26751.867
       229002732039498        2732         229       26751.867
       229002732029173        2732         229       26751.867
       229002732030513        2732         229       26751.867
       229002732045902        2732         229       26751.867
       229002732044212        2732         229       26751.867
       229002732030564        2732         229       26751.867
       229002732046129        2732         229       69249.960
       229002732028096        2732         229       26751.867
       229002732029140        2732         229       14983.333
       229002732039568        2732         229       14983.333
       229002732042673        2732         229       14983.333
       229002732030541        2732         229       14983.333
       229002732030557        2732         229       14983.333
       229002732045939        2732         229       14983.333
       229002732046014        2732         229       14983.333
       229002732042769        2732         229       14983.333
       229002732044189        2732         229       14983.333
       229002732045879        2732         229       14983.333
       229002732028125        2732         229       13680.500
       229002732030570        2732         229       13680.500
       229002732000007        2732         229       5.7500000
       229002732028067        2732         229       14983.333
       229002732028055        2732         229       14983.333
       229002732028035        2732         229       14983.333
       229002732028033        2732         229       14983.333
       229002735004930        2735         229       14983.333
       229002735000007        2735         229       106.90000
       229002735004988        2735         229       14983.333
       229002735004991        2735         229       14983.333
       233022797000007       22797         233       297.50000
       233022797003404       22797         233       14983.333
       234000381000007         381         234       13783.353
       234000381000139         381         234       21554.889
       237000097020671          97         237       26751.867
       237000097018523          97         237       14983.333
       237000097018777          97         237       14983.333
       237000097018786          97         237       14983.333
       237000097020456          97         237       14983.333
       237000097003142          97         237       12.666667
       237000097018522          97         237       13680.500
       238000389000007         389         238       10847.308
       242000472000007         472         242       37909.765
       242004167000007        4167         242       175887.38
       251013579000007       13579         251       175887.38
       252000112000007         112         252       5481.6667
       252000112000267         112         252       14983.333
       253000174002539         174         253       14983.333
       253000174002911         174         253       14983.333
       253000174000007         174         253       297.50000
       254017297000007       17297         254       106.90000
       254017297006048       17297         254       14983.333
       254017297006034       17297         254       14983.333
       254017297006062       17297         254       14983.333
       254017297006056       17297         254       14814.000
       254017297006286       17297         254       26751.867
       254017297006929       17297         254       14983.333
       254018613000007       18613         254       58571.222
       256001028000007        1028         256       21554.889
       257000041002570          41         257       14983.333
       257000041002583          41         257       14983.333
       257000041003310          41         257       14983.333
       257000041000007          41         257       545.22222
       258000069000007          69         258       2034.0000
       259000013000007          13         259       6474.0000
       260002052000007        2052         260       3613.0000
       260002343000007        2343         260       10847.308
       263001168000007        1168         263       1501.8333
       265015004000007       15004         265       69249.960
       271019413000007       19413         271       26751.867
       274004254004555        4254         274       40.000000
       274004254010846        4254         274       14983.333
       274004254012148        4254         274       14983.333
       274004254012664        4254         274       14983.333
       274004254012687        4254         274       14983.333
       276003251000007        3251         276       69249.960
       277020315001327       20315         277       26751.867
       277020315001324       20315         277       14983.333
       277020315000007       20315         277       545.22222
       281000902000007         902         281       21554.889
       282006411000007        6411         282       37909.765
       289000333000007         333         289       13783.353
       290000120000007         120         290       3613.0000
       291003338000007        3338         291       10847.308
       294001103000078        1103         294       1501.8333
       294001103001320        1103         294       14983.333
       295003688000007        3688         295       21554.889
       298005305000007        5305         298       69249.960
       302009018000007        9018         302       37909.765
       308000037005869          37         308       26751.867
       308000037006341          37         308       14983.333
       308000037000007          37         308       106.90000
       312000059000007          59         312       106.90000
       312000059005686          59         312       14983.333
       312000059005663          59         312       14983.333
       312000059005826          59         312       26751.867
       312000059006060          59         312       175887.38
       314023216000007       23216         314       26751.867
       323000115000235         115         323       26751.867
       323000115000007         115         323       6474.0000
       325000070011305          70         325       58571.222
       327000132000007         132         327       297.50000
       330000278000007         278         330       6474.0000
       338000253000154         253         338       10847.308
       340000061015445          61         340       13680.500
       340000061016667          61         340       13680.500
       340000061000007          61         340       12.666667
       340000061015428          61         340       14983.333
       340000061017337          61         340       14983.333
       340000061015793          61         340       14983.333
       340000061016632          61         340       14983.333
       340000061015475          61         340       14983.333
       340000061016267          61         340       26751.867
       340000061015453          61         340       26751.867
       341000117019337         117         341       26751.867
       341000117019894         117         341       26751.867
       341000117018063         117         341       14983.333
       341000117020636         117         341       14983.333
       341000117020652         117         341       14983.333
       341000117000007         117         341       5.7500000
       341015026000007       15026         341       21554.889
       345000298000007         298         345       5481.6667
       345000591000007         591         345       13783.353
       348009109000007        9109         348       545.22222
       348009265000007        9265         348       6474.0000
       349014389000007       14389         349       69249.960
       350009836000007        9836         350       2034.0000
       350009836000692        9836         350       14983.333
       357000380000007         380         357       10847.308
       358000102000007         102         358       545.22222
       358000102002222         102         358       14983.333
       358000102002225         102         358       14983.333
       358000102002754         102         358       14983.333
       359000108003486         108         359       14983.333
       359000108000007         108         359       297.50000
       359000108003499         108         359       13680.500
       361009786000007        9786         361       545.22222
       361009786002339        9786         361       26751.867
       366000466000007         466         366       10847.308
       372004688000007        4688         372       175887.38
       374019281014280       19281         374       26751.867
       374019281000007       19281         374       12.666667
       374019281013879       19281         374       14983.333
       374019281013883       19281         374       14983.333
       374019281013887       19281         374       14983.333
       374019281013897       19281         374       14983.333
       374019281014290       19281         374       14983.333
       374019281014784       19281         374       14983.333
       374019281015282       19281         374       14983.333
       374019281018593       19281         374       14983.333
       374020205000007       20205         374       37909.765
       376000041006194          41         376       21554.889
       376000116000007         116         376       5481.6667
       376002273000007        2273         376       58571.222
       378000288000007         288         378       6474.0000
       380000589000007         589         380       13783.353
       380002950000007        2950         380       37909.765
       382000914000007         914         382       13783.353
       384008487000007        8487         384       6474.0000
       384013916000007       13916         384       175887.38
       388000049053798          49         388       69249.960
       388000049053798          49         388       69249.960
       388000049053798          49         388       69249.960
       388000049064163          49         388       37909.765
       388000049059848          49         388       26751.867
       388000049059848          49         388       26751.867
       388000049059848          49         388       26751.867
       388000049063937          49         388       26751.867
       388000049064027          49         388       26751.867
       388000049053797          49         388       26751.867
       388000049053797          49         388       26751.867
       388000049053797          49         388       26751.867
       388000049057258          49         388       26751.867
       388000049057258          49         388       26751.867
       388000049057258          49         388       26751.867
       388000049057305          49         388       26751.867
       388000049057305          49         388       26751.867
       388000049057305          49         388       26751.867
       388000049055546          49         388       26751.867
       388000049055546          49         388       26751.867
       388000049055546          49         388       26751.867
       388000049053761          49         388       26751.867
       388000049053761          49         388       26751.867
       388000049053761          49         388       26751.867
       388000049053774          49         388       26751.867
       388000049053774          49         388       26751.867
       388000049053774          49         388       26751.867
       388000049053834          49         388       26751.867
       388000049053834          49         388       26751.867
       388000049053834          49         388       26751.867
       388000049055497          49         388       26751.867
       388000049055497          49         388       26751.867
       388000049055497          49         388       26751.867
       388000049064121          49         388       26751.867
       388000049055611          49         388       13680.500
       388000049055611          49         388       13680.500
       388000049055611          49         388       13680.500
       388000049055631          49         388       13680.500
       388000049055631          49         388       13680.500
       388000049055631          49         388       13680.500
       388000049055650          49         388       13680.500
       388000049055650          49         388       13680.500
       388000049055650          49         388       13680.500
       388000049000007          49         388       1.2500000
       388000049000007          49         388       1.2500000
       388000049000007          49         388       1.2500000
       388000049053796          49         388       14983.333
       388000049053796          49         388       14983.333
       388000049053796          49         388       14983.333
       388000049055578          49         388       14983.333
       388000049055578          49         388       14983.333
       388000049055578          49         388       14983.333
       388000049057360          49         388       14983.333
       388000049057360          49         388       14983.333
       388000049053738          49         388       14983.333
       388000049053738          49         388       14983.333
       388000049053738          49         388       14983.333
       388000049053745          49         388       14814.000
       388000049053745          49         388       14814.000
       388000049053745          49         388       14814.000
       388000049053748          49         388       14983.333
       388000049053748          49         388       14983.333
       388000049053748          49         388       14983.333
       388000049055529          49         388       14983.333
       388000049055529          49         388       14983.333
       388000049055529          49         388       14983.333
       388000049057285          49         388       14983.333
       388000049057285          49         388       14983.333
       388000049057285          49         388       14983.333
       388000049053830          49         388       14983.333
       388000049053830          49         388       14983.333
       388000049053830          49         388       14983.333
       388000049064087          49         388       14983.333
       388000049057360          49         388       14983.333
       388000049058634          49         388       14983.333
       388000049058634          49         388       14983.333
       388000049058634          49         388       14983.333
       388000049058647          49         388       14983.333
       388000049058647          49         388       14983.333
       388000049058647          49         388       14983.333
       388000049059785          49         388       14983.333
       388000049059785          49         388       14983.333
       388000049059785          49         388       14983.333
       388000049064049          49         388       175887.38
       388009799117801        9799         388       14983.333
       388009799097867        9799         388       5.7500000
       388009799117818        9799         388       13680.500
       388009799117804        9799         388       26751.867
       388009799117819        9799         388       26751.867
       388012279000007       12279         388       58571.222
       399019630000007       19630         399       26751.867
       404000910000007         910         404       21554.889
       405016020000007       16020         405       26751.867
       407005751000007        5751         407       69249.960
       408018565010285       18565         408       13680.500
       408018565000007       18565         408       40.000000
       427001722000007        1722         427       37909.765
       427004467000007        4467         427       175887.38
       427017271000007       17271         427       21554.889
       436000417000007         417         436       10847.308
       436017494000007       17494         436       5.7500000
       436017494020920       17494         436       14983.333
       436017494020843       17494         436       14983.333
       436017494020841       17494         436       14983.333
       436017494022197       17494         436       14983.333
       436017494023186       17494         436       14983.333
       436017494023204       17494         436       14983.333
       436017494023253       17494         436       14983.333
       436017494024727       17494         436       14983.333
       436017494025537       17494         436       14983.333
       436017494022162       17494         436       26751.867
       436017494022182       17494         436       26751.867
       436017494023190       17494         436       26751.867
       436017494022217       17494         436       26751.867
       436017494028502       17494         436       26751.867
       436017494028539       17494         436       26751.867
       436017494028566       17494         436       26751.867
       436017494025410       17494         436       26751.867
       436017494025504       17494         436       26751.867
       436017494020897       17494         436       26751.867
       436017494020922       17494         436       26751.867
       437007582000007        7582         437       58571.222
       443000883000007         883         443       13783.353
       446006026000007        6026         446       26751.867
       451010256000007       10256         451       5481.6667
       459001157000007        1157         459       297.50000
       459001157004800        1157         459       14983.333
       459001157004922        1157         459       14983.333
       459001157004826        1157         459       26751.867
       461025676000007       25676         461       26751.867
       462000388000007         388         462       6474.0000
       464001879000007        1879         464       10847.308
       466000169000007         169         466       3613.0000
       468005432000007        5432         468       58571.222
       469007446000007        7446         469       69249.960
       474019602000007       19602         474       26751.867
       476000001000007           1         476       5481.6667
       479002345007510        2345         479       13680.500
       479002345000007        2345         479       106.90000
       479002345007517        2345         479       14983.333
       479002345007507        2345         479       14983.333
       479002345007509        2345         479       26751.867
       480000087000007          87         480       1501.8333
       482000085000007          85         482       545.22222
       484002601000007        2601         484       58571.222
       484015321000007       15321         484       6474.0000
       489000168000007         168         489       3613.0000
       489020464000007       20464         489       2034.0000
       489020464000861       20464         489       14983.333
       489022201000007       22201         489       58571.222
       489022509000007       22509         489       58571.222
       493008924000337        8924         493       5481.6667
       496001962000007        1962         496       13783.353
       497003750000007        3750         497       6474.0000
       497007399000007        7399         497       69249.960
       498004128000007        4128         498       69249.960
       498019825000007       19825         498       40.000000
       498019825011872       19825         498       14983.333
       498019825011890       19825         498       14983.333
       498019825011898       19825         498       14983.333
       498019825011901       19825         498       14983.333
       500000080012973          80         500       14983.333
       500000080013264          80         500       14983.333
       500000080014381          80         500       14983.333
       500000080000007          80         500       12.666667
       500000080015578          80         500       175887.38
       500000080015615          80         500       37909.765
       500000080014388          80         500       26751.867
       500000080015529          80         500       26751.867
       500000080012984          80         500       26751.867
       501016799000007       16799         501       69249.960
       503000284000007         284         503       3613.0000
       505008088000007        8088         505       26751.867
       506002982000007        2982         506       58571.222
       507010967000007       10967         507       175887.38
       508024487000007       24487         508       37909.765
