         225
     40000003000010258           3          40       1404.9627
     40000134000000019         134          40       1223.1805
     41000153000000481         153          41       1404.9627
     41000204000000019         204          41       1404.9627
     41000218000000019         218          41       1404.9627
     41000244000000019         244          41       1404.9627
     42000000000690683           0          42       1404.9627
     42000000000478476           0          42       31.288889
     42000000000114042           0          42       422.40000
     42000000001101211           0          42       551.56364
     42000001000032050           1          42       551.56364
     42000002000000019           2          42       171.20000
     42000106000000019         106          42       1223.1805
     42000136000000383         136          42       1404.9627
     43000001000051738           1          43       1404.9627
     43000054000000019          54          43       936.80000
     43000064000000768          64          43       1404.9627
     43000102000000019         102          43       1223.1805
     43000105000000019         105          43       1404.9627
     43000118000000019         118          43       1404.9627
     44000000000457517           0          44       1223.1805
     44000022000000019          22          44       522.88000
     44000050000000019          50          44       936.80000
     44000127000000019         127          44       1223.1805
     44000158000000019         158          44       1404.9627
     44000168000000019         168          44       1404.9627
     44000210000000019         210          44       1404.9627
     45000001000019199           1          45       422.40000
     45000016000000019          16          45       936.80000
     45000033000000019          33          45       808.83810
     45000076000000019          76          45       1223.1805
     46000000000273897           0          46       936.80000
     46000000000000019           0          46       38.400000
     46000003000000019           3          46       368.64000
     46000007000005322           7          46       1404.9627
     46000059000000019          59          46       1223.1805
     46000168000000019         168          46       1404.9627
     47000000000306979           0          47       1223.1805
     47000000000277139           0          47       171.20000
     47000000000000019           0          47       31.288889
     47000016000000019          16          47       936.80000
     47000051000000019          51          47       936.80000
     47000143000000019         143          47       1404.9627
     47000172000000019         172          47       1404.9627
     47000191000000019         191          47       1404.9627
     47000192000000019         192          47       1404.9627
     48000000000250945           0          48       936.80000
     48000000000250945           0          48       936.80000
     48000000000000019           0          48       96.000000
     48000002000033411           2          48       368.64000
     48000012000000019          12          48       551.56364
     48000060000000019          60          48       936.80000
     48000138000000019         138          48       1404.9627
     49000008000003387           8          49       1223.1805
     49000010000000019          10          49       522.88000
     50000025000000019          25          50       808.83810
     50000103000000019         103          50       1223.1805
     51000000000205448           0          51       1223.1805
     51000000000350219           0          51       1223.1805
     51000002000049891           2          51       551.56364
     51000002000036546           2          51       171.20000
     51000003000000019           3          51       368.64000
     51000011000000019          11          51       551.56364
     51000014000007705          14          51       1223.1805
     51000014000000019          14          51       936.80000
     51000023000000019          23          51       808.83810
     51000026000000428          26          51       936.80000
     51000053000000019          53          51       936.80000
     51000056000000019          56          51       936.80000
     51000236000000019         236          51       1404.9627
     51000248000000019         248          51       1404.9627
     52000105000000019         105          52       1404.9627
     53000000000213760           0          53       358.40000
     53000001000000019           1          53       341.33333
     53000006000000019           6          53       368.64000
     53000013000001148          13          53       808.83810
     53000069000000019          69          53       1223.1805
     53000071000000019          71          53       1404.9627
     53000183000000019         183          53       1404.9627
     53000219000000019         219          53       1404.9627
     54000000000074473           0          54       422.40000
     54000006000000019           6          54       368.64000
     54000015000000019          15          54       551.56364
     54000025000000019          25          54       808.83810
     54000029000000019          29          54       522.88000
     54000157000000019         157          54       1404.9627
     55000000000160730           0          55       171.20000
     55000006000000019           6          55       368.64000
     55000071000000019          71          55       1223.1805
     55000144000000019         144          55       1223.1805
     56000000000185662           0          56       171.20000
     56000026000000019          26          56       522.88000
     56000068000000019          68          56       936.80000
     56000102000000019         102          56       1223.1805
     56000222000000019         222          56       1404.9627
     57000026000000019          26          57       808.83810
     57000125000000019         125          57       1404.9627
     57000144000000019         144          57       1223.1805
     58000003000000019           3          58       368.64000
     58000103000000019         103          58       1223.1805
     58000104000000019         104          58       1223.1805
     58000114000000019         114          58       1404.9627
     59000000000248362           0          59       171.20000
     59000021000000019          21          59       522.88000
     59000062000000019          62          59       936.80000
     59000065000000019          65          59       936.80000
     59000186000000019         186          59       1404.9627
     60000007000000019           7          60       368.64000
     60000030000000019          30          60       808.83810
     60000061000000019          61          60       936.80000
     60000239000000019         239          60       1404.9627
     61000000000114340           0          61       936.80000
     61000000000295801           0          61       1223.1805
     61000000000515522           0          61       96.000000
     61000000000515522           0          61       96.000000
     61000000000000019           0          61       31.288889
     61000001000000019           1          61       171.20000
     61000005000003495           5          61       1223.1805
     61000013000000019          13          61       808.83810
     62000013000000019          13          62       551.56364
     62000018000000019          18          62       522.88000
     62000037000000019          37          62       936.80000
     62000051000000019          51          62       936.80000
     62000076000000019          76          62       936.80000
     63000001000000019           1          63       341.33333
     63000003000000019           3          63       368.64000
     63000064000000019          64          63       936.80000
     63000078000001511          78          63       1404.9627
     63000101000000019         101          63       1223.1805
     64000034000000019          34          64       808.83810
     65000000000213479           0          65       341.33333
     65000000000069517           0          65       551.56364
     65000002000000019           2          65       171.20000
     65000005000000019           5          65       422.40000
     65000026000001416          26          65       1223.1805
     65000029000000019          29          65       808.83810
     65000172000000019         172          65       1404.9627
     66000000000143318           0          66       936.80000
     66000000000143318           0          66       936.80000
     66000015000000019          15          66       522.88000
     66000021000000019          21          66       522.88000
     66000023000000019          23          66       522.88000
     66000037000000019          37          66       936.80000
     66000126000000019         126          66       1404.9627
     66000152000000019         152          66       1223.1805
     67000000000000019           0          67       31.288889
     67000002000000019           2          67       422.40000
     67000014000000019          14          67       522.88000
     67000072000000019          72          67       1404.9627
     68000000000000019           0          68       31.288889
     68000000000000019           0          68       31.288889
     68000012000000019          12          68       551.56364
     68000035000000019          35          68       808.83810
     68000055000000019          55          68       1223.1805
     69000000000000019           0          69       31.288889
     69000021000000019          21          69       522.88000
     69000093000000019          93          69       1404.9627
     70000000000000019           0          70       31.288889
     70000007000000019           7          70       522.88000
     70000020000000019          20          70       522.88000
     70000034000000019          34          70       936.80000
     70000050000000019          50          70       936.80000
     70000206000000019         206          70       1404.9627
     71000004000000019           4          71       551.56364
     71000013000000019          13          71       522.88000
     71000020000000019          20          71       522.88000
     71000154000000019         154          71       1404.9627
     72000024000000019          24          72       808.83810
     72000027000000543          27          72       936.80000
     72000106000000019         106          72       1223.1805
     72000195000000019         195          72       1404.9627
     73000000000254480           0          73       936.80000
     73000000000106526           0          73       522.88000
     73000000000000019           0          73       96.000000
     73000011000000019          11          73       551.56364
     73000032000000019          32          73       808.83810
     73000056000000718          56          73       1223.1805
     73000128000000019         128          73       1404.9627
     73000134000000019         134          73       1404.9627
     73000166000000019         166          73       1404.9627
     73000197000000019         197          73       1404.9627
     74000000000000019           0          74       31.288889
     74000012000000019          12          74       522.88000
     74000023000000019          23          74       522.88000
     74000025000000019          25          74       808.83810
     74000067000000019          67          74       1223.1805
     74000081000000019          81          74       1223.1805
     74000085000000019          85          74       1223.1805
     74000114000000019         114          74       1404.9627
     74000132000000019         132          74       1223.1805
     74000170000000019         170          74       1404.9627
     75000010000000019          10          75       522.88000
     75000042000001750          42          75       1404.9627
     75000100000000019         100          75       1223.1805
     75000131000000019         131          75       1404.9627
     75000142000000019         142          75       1404.9627
     75000195000000019         195          75       1404.9627
     76000000000205696           0          76       808.83810
     76000002000010343           2          76       1404.9627
     76000051000000019          51          76       936.80000
     76000093000000019          93          76       1404.9627
     76000139000000019         139          76       1223.1805
     76000152000000019         152          76       1404.9627
     76000192000000019         192          76       1404.9627
     77000034000000019          34          77       808.83810
     77000045000000019          45          77       808.83810
     77000047000000019          47          77       808.83810
     77000098000000019          98          77       1404.9627
     77000120000000019         120          77       1404.9627
     78000000000330421           0          78       808.83810
     78000000000449991           0          78       1223.1805
     78000001000036862           1          78       1223.1805
     78000009000000019           9          78       808.83810
     78000078000000019          78          78       1223.1805
     78000103000000019         103          78       1223.1805
     79000000000240414           0          79       1223.1805
     79000000000254518           0          79       1404.9627
     79000001000023660           1          79       1404.9627
     80000000000492602           0          80       808.83810
     80000000000271363           0          80       1223.1805
     80000001000017896           1          80       368.64000
     80000021000000019          21          80       522.88000
     80000021000001911          21          80       936.80000
     80000025000000019          25          80       936.80000
     80000051000000019          51          80       1223.1805
