         816
             536000119         536           0       11969.000
             536000213         536           0       18732.381
         4000022000010          22           4       3588.0000
         4006995000010        6995           4       96497.233
         8018942000010       18942           8       18732.381
         9001061000010        1061           9       23362.706
        10000036019304          36          10       96497.233
        10000036018717          36          10       18732.381
        10000036019332          36          10       18732.381
        10000036019233          36          10       10157.043
        10000036019242          36          10       10157.043
        10000036019257          36          10       10157.043
        10000036019277          36          10       10157.043
        10000036004462          36          10       9.6666667
        10000036018725          36          10       10157.043
        10000036018713          36          10       10157.043
        11000306000010         306          11       7110.5833
        14010869010330       10869          14       9216.0536
        14010869009785       10869          14       9216.0536
        14010869000010       10869          14       37.400000
        14010869009765       10869          14       10157.043
        14010869010346       10869          14       10157.043
        14010869011833       10869          14       10157.043
        14010869009779       10869          14       10157.043
        14010869011306       10869          14       18732.381
        14010869010098       10869          14       18732.381
        14010869009769       10869          14       18732.381
        14013696000010       13696          14       84853.048
        20000000034678           0          20       51592.952
        20000000022347           0          20       96497.233
        20000000034602           0          20       18732.381
        20000000034630           0          20       18732.381
        20000000026854           0          20       18732.381
        20000000025534           0          20       18732.381
        20000000024492           0          20       18732.381
        20000000023362           0          20       18732.381
        20000000024435           0          20       18732.381
        20000000021300           0          20       18732.381
        20000000021323           0          20       18732.381
        20000000021343           0          20       10157.043
        20000000022314           0          20       10157.043
        20000000022372           0          20       10157.043
        20000000024471           0          20       10157.043
        20000000025485           0          20       10157.043
        20000000025592           0          20       10157.043
        20000000026837           0          20       10157.043
        20000000026906           0          20       10157.043
        20000000029650           0          20       10157.043
        20000000029692           0          20       10157.043
        20000000029748           0          20       10157.043
        20000000034653           0          20       10157.043
        20000000000010           0          20       9.6666667
        22018919000010       18919          22       18732.381
        23003330027170        3330          23       18732.381
        23003330027170        3330          23       18732.381
        23003330027193        3330          23       18732.381
        23003330027193        3330          23       18732.381
        23003330027216        3330          23       18732.381
        23003330027216        3330          23       18732.381
        23003330027243        3330          23       18732.381
        23003330027243        3330          23       18732.381
        23003330027264        3330          23       18732.381
        23003330027264        3330          23       18732.381
        23003330025402        3330          23       18732.381
        23003330025402        3330          23       18732.381
        23003330025379        3330          23       18732.381
        23003330025379        3330          23       18732.381
        23003330034526        3330          23       18732.381
        23003330034526        3330          23       18732.381
        23003330032923        3330          23       18732.381
        23003330032923        3330          23       18732.381
        23003330029312        3330          23       18732.381
        23003330029312        3330          23       18732.381
        23003330029336        3330          23       18732.381
        23003330029336        3330          23       18732.381
        23003330031306        3330          23       18732.381
        23003330031306        3330          23       18732.381
        23003330031359        3330          23       18732.381
        23003330031359        3330          23       18732.381
        23003330031370        3330          23       18732.381
        23003330031370        3330          23       18732.381
        23003330032878        3330          23       18732.381
        23003330032878        3330          23       18732.381
        23003330029272        3330          23       18732.381
        23003330029272        3330          23       18732.381
        23003330037097        3330          23       18732.381
        23003330037097        3330          23       18732.381
        23003330039761        3330          23       18732.381
        23003330025469        3330          23       18732.381
        23003330025469        3330          23       18732.381
        23003330037023        3330          23       18732.381
        23003330037023        3330          23       18732.381
        23003330000010        3330          23       4.0000000
        23003330000010        3330          23       4.0000000
        23003330025350        3330          23       10157.043
        23003330025350        3330          23       10157.043
        23003330025354        3330          23       10157.043
        23003330025354        3330          23       10157.043
        23003330025390        3330          23       10157.043
        23003330025390        3330          23       10157.043
        23003330025420        3330          23       10157.043
        23003330025420        3330          23       10157.043
        23003330025425        3330          23       10157.043
        23003330025425        3330          23       10157.043
        23003330027156        3330          23       10157.043
        23003330027156        3330          23       10157.043
        23003330039787        3330          23       10157.043
        23003330037041        3330          23       10157.043
        23003330037041        3330          23       10157.043
        23003330027283        3330          23       10157.043
        23003330027283        3330          23       10157.043
        23003330029230        3330          23       10157.043
        23003330029230        3330          23       10157.043
        23003330029248        3330          23       10157.043
        23003330029248        3330          23       10157.043
        23003330029293        3330          23       10157.043
        23003330029293        3330          23       10157.043
        23003330032908        3330          23       10157.043
        23003330032908        3330          23       10157.043
        23003330032958        3330          23       10157.043
        23003330032958        3330          23       10157.043
        23003330034496        3330          23       10157.043
        23003330034496        3330          23       10157.043
        23003330034565        3330          23       10157.043
        23003330034565        3330          23       10157.043
        23003330036002        3330          23       10157.043
        23003330036002        3330          23       10157.043
        23003330036040        3330          23       10157.043
        23003330036040        3330          23       10157.043
        23003330025433        3330          23       96497.233
        23003330025433        3330          23       96497.233
        23003330036057        3330          23       84853.048
        23003330036057        3330          23       84853.048
        23003332000010        3332          23       69.714286
        23003332008035        3332          23       18732.381
        23003332008867        3332          23       18732.381
        23003332005869        3332          23       18732.381
        32000061000010          61          32       2019.8750
        35006986000010        6986          35       3588.0000
        44000118000010         118          44       1262.0000
        46012633000010       12633          46       96497.233
        47007723000010        7723          47       96497.233
        48015488002252       15488          48       69.714286
        48015488009393       15488          48       9216.0536
        48015488009195       15488          48       18732.381
        48015488009385       15488          48       18732.381
        50000062000010          62          50       1262.0000
        51000141018858         141          51       69.714286
        51000141024549         141          51       10157.043
        51000141024409         141          51       10157.043
        51000141025504         141          51       18732.381
        51000141026018         141          51       18732.381
        51000141024410         141          51       18732.381
        51000141024555         141          51       18732.381
        51000141025495         141          51       10157.043
        52000036006495          36          52       18732.381
        52000036006050          36          52       18732.381
        52000036006462          36          52       10157.043
        52000036006034          36          52       10157.043
        52000036000010          36          52       69.714286
        54005123000010        5123          54       84853.048
        58000079000010          79          58       281.25000
        58000079003646          79          58       10157.043
        58000131000535         131          58       11026.000
        60001469000010        1469          60       41237.812
        61005221000010        5221          61       7110.5833
        67014760006383       14760          67       9216.0536
        67014760006398       14760          67       9216.0536
        67014760008380       14760          67       9216.0536
        67014760000010       14760          67       69.714286
        67014760008434       14760          67       10157.043
        67014760010739       14760          67       10157.043
        67014760010757       14760          67       10157.043
        67014760013984       14760          67       10157.043
        67014760006481       14760          67       10157.043
        67014760006483       14760          67       10157.043
        67014760006485       14760          67       10157.043
        67014760006504       14760          67       10157.043
        67014760006422       14760          67       10157.043
        67014760008338       14760          67       10157.043
        67014760006406       14760          67       18732.381
        67014760006389       14760          67       18732.381
        67014760006461       14760          67       18732.381
        67014760006463       14760          67       18732.381
        67014760007029       14760          67       18732.381
        67014760007056       14760          67       18732.381
        67014760013995       14760          67       18732.381
        67014760015853       14760          67       18732.381
        67014760010766       14760          67       18732.381
        67014760008358       14760          67       18732.381
        70015735000010       15735          70       11969.000
        74004911039085        4911          74       41237.812
        75000080004135          80          75       6227.1250
        78000117001271         117          78       9216.0536
        78000117000010         117          78       430.81818
        78000117001258         117          78       18732.381
        84016836001735       16836          84       18732.381
        84016836000010       16836          84       1262.0000
        88004585000010        4585          88       7110.5833
        88004893000010        4893          88       11969.000
        93000108012933         108          93       18732.381
        93000108012933         108          93       18732.381
        93000108021678         108          93       18732.381
        93000108021678         108          93       18732.381
        93000108020526         108          93       18732.381
        93000108020526         108          93       18732.381
        93000108018457         108          93       18732.381
        93000108018457         108          93       18732.381
        93000108017121         108          93       18732.381
        93000108017121         108          93       18732.381
        93000108014873         108          93       18732.381
        93000108014873         108          93       18732.381
        93000108012982         108          93       18732.381
        93000108012982         108          93       18732.381
        93000108012955         108          93       9216.0536
        93000108012955         108          93       9216.0536
        93000108012964         108          93       9216.0536
        93000108012964         108          93       9216.0536
        93000108012977         108          93       9216.0536
        93000108012977         108          93       9216.0536
        93000108014847         108          93       9216.0536
        93000108014847         108          93       9216.0536
        93000108014850         108          93       9216.0536
        93000108014850         108          93       9216.0536
        93000108000010         108          93       9.6666667
        93000108000010         108          93       9.6666667
        93000108012874         108          93       10157.043
        93000108012874         108          93       10157.043
        93000108012893         108          93       10157.043
        93000108012893         108          93       10157.043
        93000108012912         108          93       10157.043
        93000108012912         108          93       10157.043
        93000108020550         108          93       10157.043
        93000108020550         108          93       10157.043
        93000108014867         108          93       10157.043
        93000108014867         108          93       10157.043
        93000108013941         108          93       10157.043
        93000108013941         108          93       10157.043
        93000108014776         108          93       10157.043
        93000108014776         108          93       10157.043
        93000108014895         108          93       10157.043
        93000108014895         108          93       10157.043
        93000108017132         108          93       10157.043
        93000108017132         108          93       10157.043
        93000108018481         108          93       10157.043
        93000108018481         108          93       10157.043
        93000108019732         108          93       10157.043
        93000108019732         108          93       10157.043
        94000459000157         459          94       18732.381
        94000459000010         459          94       11969.000
        95000115004944         115          95       18732.381
        95000115005005         115          95       10157.043
        95000115005030         115          95       10157.043
        95000115005237         115          95       10157.043
        95000115005644         115          95       10157.043
        95000115005666         115          95       10157.043
        95000115006995         115          95       10157.043
        95000115000010         115          95       69.714286
        95017118000010       17118          95       7110.5833
        95017118000233       17118          95       10157.043
        95017118000204       17118          95       18732.381
        98016634000010       16634          98       23362.706
        99000915000010         915          99       23362.706
       104001007000128        1007         104       23362.706
       106000389000010         389         106       11026.000
       106001876000010        1876         106       41237.812
       107009292000010        9292         107       96497.233
       108003428013422        3428         108       18732.381
       108003428027046        3428         108       18732.381
       108003428027077        3428         108       18732.381
       108003428027084        3428         108       18732.381
       108003428027858        3428         108       18732.381
       108003428037447        3428         108       18732.381
       108003428032981        3428         108       18732.381
       108003428034375        3428         108       18732.381
       108003428034397        3428         108       18732.381
       108003428034478        3428         108       18732.381
       108003428028769        3428         108       18732.381
       108003428013454        3428         108       10157.043
       108003428013459        3428         108       10157.043
       108003428013488        3428         108       10157.043
       108003428013506        3428         108       10157.043
       108003428014206        3428         108       10157.043
       108003428027028        3428         108       10157.043
       108003428028757        3428         108       10157.043
       108003428034452        3428         108       10157.043
       108003428028797        3428         108       10157.043
       108003428028807        3428         108       10157.043
       108003428028828        3428         108       10157.043
       108003428030382        3428         108       10157.043
       108003428034495        3428         108       10157.043
       108003428037487        3428         108       10157.043
       108003428013420        3428         108       9216.0536
       108003428027882        3428         108       9216.0536
       108003428000010        3428         108       9.6666667
       110000645000010         645         110       23362.706
       116000054000010          54         116       430.81818
       116000185000010         185         116       7110.5833
       120006483000010        6483         120       11969.000
       124012662000010       12662         124       51592.952
       126028580002468       28580         126       9216.0536
       126028580000010       28580         126       430.81818
       128008718000010        8718         128       11969.000
       128008718000142        8718         128       18732.381
       129001122000010        1122         129       23362.706
       130004065000010        4065         130       11026.000
       131010206000010       10206         131       96497.233
       134010393000010       10393         134       84853.048
       138004643000010        4643         138       84853.048
       144009947003925        9947         144       430.81818
       145005340000010        5340         145       281.25000
       145005340003351        5340         145       10157.043
       145005340003364        5340         145       18732.381
       147000503000010         503         147       41237.812
       150002714000010        2714         150       51592.952
       153016315034348       16315         153       18732.381
       153016315034363       16315         153       18732.381
       153016315034806       16315         153       10157.043
       153016315026249       16315         153       37.400000
       153016325000010       16325         153       430.81818
       155000129010924         129         155       1262.0000
       155000270000010         270         155       7110.5833
       155000379000010         379         155       11969.000
       155012380000010       12380         155       6227.1250
       157009525005558        9525         157       23362.706
       158006413000114        6413         158       37.400000
       158006413012671        6413         158       12990.250
       158006413013056        6413         158       10157.043
       158006413013613        6413         158       10157.043
       158006413012647        6413         158       18732.381
       160000020007339          20         160       18732.381
       160000020007362          20         160       10157.043
       160000020007383          20         160       10157.043
       160000020008517          20         160       10157.043
       160000020007033          20         160       10157.043
       160000020000010          20         160       37.400000
       161000045000137          45         161       430.81818
       162000141000010         141         162       3588.0000
       162021111000010       21111         162       23362.706
       167009322000010        9322         167       2019.8750
       167009322000802        9322         167       10157.043
       168008673003041        8673         168       10157.043
       168008673003161        8673         168       10157.043
       168008673003375        8673         168       10157.043
       168008673003533        8673         168       10157.043
       168008673000129        8673         168       281.25000
       168009167000010        9167         168       11026.000
       171006101000010        6101         171       51592.952
       172003622000010        3622         172       51592.952
       174006198000010        6198         174       84853.048
       174006938000010        6938         174       96497.233
       180000062007192          62         180       84853.048
       180000062006946          62         180       10157.043
       180000062006884          62         180       18732.381
       180000062007189          62         180       18732.381
       180000062006898          62         180       18732.381
       180000062006926          62         180       18732.381
       180000062000010          62         180       37.400000
       180000062006891          62         180       9216.0536
       180000062011698          62         180       9216.0536
       181000103000010         103         181       1262.0000
       181025042000010       25042         181       96497.233
       183000805000010         805         183       41237.812
       183014866000010       14866         183       84853.048
       190004185000010        4185         190       281.25000
       190004185001854        4185         190       10157.043
       191009121000010        9121         191       96497.233
       191024453000010       24453         191       2019.8750
       194019438000010       19438         194       69.714286
       194019438005056       19438         194       10157.043
       194019438005736       19438         194       10157.043
       194019438006575       19438         194       10157.043
       198020149000010       20149         198       11969.000
       200020279000010       20279         200       96497.233
       203013315000010       13315         203       11969.000
       203013315000113       13315         203       12990.250
       204011660019984       11660         204       10157.043
       204011660019989       11660         204       10157.043
       204011660022559       11660         204       10157.043
       204011660022580       11660         204       10157.043
       204011660020952       11660         204       10157.043
       204011660020973       11660         204       10157.043
       204011660021003       11660         204       10157.043
       204011660020000       11660         204       10157.043
       204011660020044       11660         204       18732.381
       204011660020932       11660         204       18732.381
       204011660020970       11660         204       18732.381
       204011660019998       11660         204       18732.381
       204011660000010       11660         204       4.0000000
       204011660020002       11660         204       9216.0536
       204011660020020       11660         204       9216.0536
       204011660021015       11660         204       9216.0536
       204011660021998       11660         204       96497.233
       213000142013800         142         213       9216.0536
       213000142000010         142         213       9.6666667
       213000142011673         142         213       18732.381
       213000142012825         142         213       18732.381
       213000142011668         142         213       12990.250
       213000142014669         142         213       10157.043
       213000142011669         142         213       10157.043
       213014847000010       14847         213       7110.5833
       220003329000010        3329         220       96497.233
       220009459000010        9459         220       6227.1250
       220009459000278        9459         220       10157.043
       220009459000287        9459         220       10157.043
       223000725000010         725         223       11969.000
       226022296000010       22296         226       11026.000
       226022296000129       22296         226       10157.043
       228004995005953        4995         228       18732.381
       228004995005956        4995         228       18732.381
       228004995000117        4995         228       69.714286
       228006545000084        6545         228       10157.043
       228006545000010        6545         228       41237.812
       229002732028099        2732         229       96497.233
       229002732025225        2732         229       10157.043
       229002732025259        2732         229       10157.043
       229002732025968        2732         229       10157.043
       229002732025971        2732         229       10157.043
       229002732025997        2732         229       10157.043
       229002732026700        2732         229       10157.043
       229002732026707        2732         229       10157.043
       229002732026786        2732         229       10157.043
       229002732026797        2732         229       10157.043
       229002732026856        2732         229       10157.043
       229002732026881        2732         229       10157.043
       229002732028038        2732         229       10157.043
       229002732025261        2732         229       10157.043
       229002732025281        2732         229       10157.043
       229002732025295        2732         229       10157.043
       229002732025296        2732         229       10157.043
       229002732025327        2732         229       10157.043
       229002732044192        2732         229       10157.043
       229002732045882        2732         229       10157.043
       229002732039571        2732         229       10157.043
       229002732042676        2732         229       10157.043
       229002732045942        2732         229       10157.043
       229002732046017        2732         229       10157.043
       229002732025198        2732         229       18732.381
       229002732025260        2732         229       18732.381
       229002732025238        2732         229       18732.381
       229002732025251        2732         229       18732.381
       229002732025951        2732         229       18732.381
       229002732028058        2732         229       18732.381
       229002732029143        2732         229       18732.381
       229002732029176        2732         229       18732.381
       229002732030544        2732         229       18732.381
       229002732030567        2732         229       18732.381
       229002732026805        2732         229       18732.381
       229002732026012        2732         229       18732.381
       229002732025974        2732         229       18732.381
       229002732042721        2732         229       18732.381
       229002732045905        2732         229       18732.381
       229002732000010        2732         229       4.0000000
       229002732025282        2732         229       9216.0536
       229002732025379        2732         229       9216.0536
       229002732042772        2732         229       9216.0536
       232005091000010        5091         232       84853.048
       235014487007651       14487         235       96497.233
       235014487006943       14487         235       9216.0536
       235014487007155       14487         235       9216.0536
       235014487007524       14487         235       9216.0536
       235014487000010       14487         235       69.714286
       235014487008258       14487         235       18732.381
       235014487007339       14487         235       10157.043
       235014487006969       14487         235       10157.043
       239000136013831         136         239       10157.043
       239000136016168         136         239       10157.043
       239000136012122         136         239       10157.043
       239000136011034         136         239       10157.043
       239000136012771         136         239       10157.043
       239000136012779         136         239       10157.043
       239000136012828         136         239       10157.043
       239000136012839         136         239       10157.043
       239000136012151         136         239       18732.381
       239000136016391         136         239       18732.381
       239000136016413         136         239       18732.381
       239000136013809         136         239       18732.381
       239000136012898         136         239       18732.381
       239000136013760         136         239       18732.381
       239000136000010         136         239       9.6666667
       239000136011054         136         239       9216.0536
       239000136013781         136         239       9216.0536
       239000136015117         136         239       9216.0536
       239000136012852         136         239       96497.233
       240000024006475          24         240       9216.0536
       240000024006441          24         240       9216.0536
       240000024006733          24         240       9216.0536
       240000024000010          24         240       37.400000
       240000024006639          24         240       18732.381
       240000024006934          24         240       10157.043
       240000024006636          24         240       10157.043
       240012739000010       12739         240       23362.706
       241000053006613          53         241       10157.043
       241000053006619          53         241       10157.043
       241000053006620          53         241       10157.043
       241000053006622          53         241       10157.043
       241000053006851          53         241       10157.043
       241000053009246          53         241       18732.381
       241000053010026          53         241       18732.381
       241000053006874          53         241       18732.381
       241000053007177          53         241       18732.381
       241000053000010          53         241       37.400000
       241000053007585          53         241       9216.0536
       241008847005062        8847         241       9216.0536
       241008847000010        8847         241       69.714286
       241008847005331        8847         241       10157.043
       241008847004148        8847         241       10157.043
       241008847004160        8847         241       10157.043
       241008847004897        8847         241       10157.043
       241009688000010        9688         241       23362.706
       250000985000010         985         250       51592.952
       251008790000010        8790         251       23362.706
       251016060000010       16060         251       10157.043
       255000373000010         373         255       7110.5833
       255022088000010       22088         255       84853.048
       259001850000010        1850         259       11969.000
       260004886000010        4886         260       51592.952
       263022683002712       22683         263       10157.043
       263022683002532       22683         263       18732.381
       263022683000010       22683         263       430.81818
       264000056003631          56         264       430.81818
       264000056006160          56         264       96497.233
       264002544000010        2544         264       84853.048
       265009395000010        9395         265       37.400000
       265009395012055        9395         265       18732.381
       265009395010756        9395         265       18732.381
       265009395011006        9395         265       10157.043
       265009818000010        9818         265       11026.000
       266003661000010        3661         266       41237.812
       268005073000010        5073         268       51592.952
       273000048033109          48         273       430.81818
       278017027000010       17027         278       11969.000
       282001117000010        1117         282       96497.233
       290000668000010         668         290       11026.000
       291004832000010        4832         291       41237.812
       293000252000010         252         293       7110.5833
       293006684000010        6684         293       18732.381
       294004619000010        4619         294       51592.952
       294010495000010       10495         294       96497.233
       295005774000010        5774         295       51592.952
       300003591000010        3591         300       1262.0000
       307008732000010        8732         307       96497.233
       313001034000010        1034         313       41237.812
       316014201000010       14201         316       3588.0000
       317001703000010        1703         317       41237.812
       318001368000010        1368         318       23362.706
       319000120000010         120         319       37.400000
       319000120007716         120         319       18732.381
       319000120009294         120         319       18732.381
       319000120007936         120         319       18732.381
       319000120007916         120         319       10157.043
       319000120007925         120         319       10157.043
       319000120007934         120         319       10157.043
       319000120007954         120         319       10157.043
       319000120007968         120         319       10157.043
       319000120008584         120         319       10157.043
       326000837000010         837         326       41237.812
       326001193000010        1193         326       41237.812
       328011816008267       11816         328       10157.043
       328011816008292       11816         328       10157.043
       328011816009186       11816         328       10157.043
       328011816009194       11816         328       10157.043
       328011816016972       11816         328       10157.043
       328011816017632       11816         328       10157.043
       328011816017347       11816         328       18732.381
       328011816009213       11816         328       18732.381
       328011816009788       11816         328       18732.381
       328011816010369       11816         328       18732.381
       328011816010896       11816         328       18732.381
       328011816008299       11816         328       18732.381
       328011816008269       11816         328       18732.381
       328011816007003       11816         328       18732.381
       328011816000010       11816         328       9.6666667
       328011816007024       11816         328       9216.0536
       328017332000010       17332         328       84853.048
       333019328000010       19328         333       18732.381
       334000211000010         211         334       11969.000
       335003662000010        3662         335       6227.1250
       335004042000010        4042         335       11969.000
       338022120000010       22120         338       84853.048
       340000061014062          61         340       18732.381
       340000061014077          61         340       18732.381
       340000061015106          61         340       18732.381
       340000061015456          61         340       18732.381
       340000061015796          61         340       18732.381
       340000061016270          61         340       18732.381
       340000061016670          61         340       12990.250
       340000061015133          61         340       10157.043
       340000061015431          61         340       10157.043
       340000061017340          61         340       10157.043
       340000061014728          61         340       10157.043
       340000061014738          61         340       10157.043
       340000061014758          61         340       10157.043
       340000061014052          61         340       10157.043
       340000061014076          61         340       9216.0536
       340000061015448          61         340       9216.0536
       340000061015125          61         340       9216.0536
       340000061000010          61         340       9.6666667
       341001711000010        1711         341       51592.952
       342000087000010          87         342       281.25000
       342000087003054          87         342       18732.381
       342000087003192          87         342       18732.381
       342015482000010       15482         342       41237.812
       344000077000010          77         344       2019.8750
       345004357000010        4357         345       51592.952
       348000056017992          56         348       96497.233
       348000056010971          56         348       18732.381
       348000056000010          56         348       9.6666667
       348000056010980          56         348       10157.043
       348000056011642          56         348       10157.043
       348000056015750          56         348       10157.043
       348000056015771          56         348       10157.043
       348000056017975          56         348       10157.043
       348000057000324          57         348       281.25000
       348000057004431          57         348       10157.043
       348010290000010       10290         348       51592.952
       350002298000010        2298         350       84853.048
       357000016000010          16         357       96497.233
       358000486000010         486         358       11969.000
       358018461000010       18461         358       11026.000
       359000119000010         119         359       2019.8750
       361000057017250          57         361       1262.0000
       361025318000010       25318         361       18732.381
       366020579000010       20579         366       23362.706
       368010674000010       10674         368       11026.000
       369000087000010          87         369       37.400000
       369000087008191          87         369       10157.043
       369000087008208          87         369       18732.381
       369000087008428          87         369       18732.381
       369000087007734          87         369       18732.381
       370004431000010        4431         370       2019.8750
       372003876000010        3876         372       84853.048
       376017450000010       17450         376       84853.048
       377000081005910          81         377       18732.381
       377000081000010          81         377       69.714286
       377000081003890          81         377       10157.043
       377000081003891          81         377       10157.043
       380012144000010       12144         380       18732.381
       387000612000010         612         387       11969.000
       388000049045092          49         388       10157.043
       388000049045100          49         388       10157.043
       388000049045101          49         388       10157.043
       388000049058637          49         388       9216.0536
       388000049059788          49         388       10157.043
       388000049046567          49         388       10157.043
       388000049051149          49         388       10157.043
       388000049053764          49         388       10157.043
       388000049064090          49         388       10157.043
       388000049045116          49         388       10157.043
       388000049045118          49         388       10157.043
       388000049046598          49         388       10157.043
       388000049046664          49         388       10157.043
       388000049000010          49         388       2.0000000
       388000049000010          49         388       2.0000000
       388000049051088          49         388       18732.381
       388000049051118          49         388       18732.381
       388000049045145          49         388       18732.381
       388000049045103          49         388       18732.381
       388000049053741          49         388       18732.381
       388000049053777          49         388       18732.381
       388000049051188          49         388       18732.381
       388000049046573          49         388       18732.381
       388000049059851          49         388       18732.381
       388000049063940          49         388       18732.381
       388000049064030          49         388       18732.381
       388000049058650          49         388       18732.381
       388000049055532          49         388       18732.381
       388000049057308          49         388       18732.381
       388000049064124          49         388       18732.381
       388000049064052          49         388       96497.233
       388000049051225          49         388       96497.233
       388000049053801          49         388       96497.233
       388000049064166          49         388       41237.812
       388009799115104        9799         388       18732.381
       388009799115772        9799         388       18732.381
       388009799117807        9799         388       18732.381
       388009799131248        9799         388       18732.381
       388009799133532        9799         388       18732.381
       388009799097870        9799         388       9.6666667
       388009799115100        9799         388       9216.0536
       388009799115101        9799         388       9216.0536
       388009799120237        9799         388       9216.0536
       388009799131224        9799         388       9216.0536
       388009799129836        9799         388       10157.043
       388009799115121        9799         388       10157.043
       388009799119006        9799         388       10157.043
       388009799120181        9799         388       10157.043
       388009799115103        9799         388       10157.043
       388009799115088        9799         388       10157.043
       388009799132396        9799         388       10157.043
       388013326000010       13326         388       51592.952
       391011208000010       11208         391       18732.381
       394001432000010        1432         394       23362.706
       396004355000669        4355         396       10157.043
       396004355000010        4355         396       2019.8750
       401013045000010       13045         401       430.81818
       401013045001975       13045         401       9216.0536
       401013045001977       13045         401       10157.043
       412000573000010         573         412       23362.706
       414000062005018          62         414       18732.381
       414000062006159          62         414       18732.381
       414000062008911          62         414       18732.381
       414000062005878          62         414       10157.043
       414000062005892          62         414       10157.043
       414000062008891          62         414       10157.043
       414000062006156          62         414       9216.0536
       414000062000010          62         414       69.714286
       415019504000010       19504         415       96497.233
       419000139000010         139         419       6227.1250
       419000436000177         436         419       10157.043
       419000436000010         436         419       11026.000
       420002691004866        2691         420       10157.043
       420002691005066        2691         420       10157.043
       420002691004857        2691         420       9216.0536
       420002691000010        2691         420       69.714286
       420002691005205        2691         420       18732.381
       430000978000010         978         430       41237.812
       431000183024473         183         431       51592.952
       431000183024425         183         431       18732.381
       431000183023594         183         431       18732.381
       431000183025120         183         431       18732.381
       431000183012564         183         431       9.6666667
       431000183023563         183         431       9216.0536
       431000183023569         183         431       9216.0536
       431000183025184         183         431       9216.0536
       431000183025209         183         431       10157.043
       431000183025216         183         431       10157.043
       431000183023570         183         431       10157.043
       431000183023595         183         431       10157.043
       431000183024458         183         431       10157.043
       431000183024464         183         431       10157.043
       431022157000010       22157         431       6227.1250
       433000111000010         111         433       3588.0000
       433000111000605         111         433       10157.043
       433002240000010        2240         433       51592.952
       434000037000010          37         434       11969.000
       435000367000010         367         435       7110.5833
       436017494019709       17494         436       9216.0536
       436017494000010       17494         436       4.0000000
       436017494018595       17494         436       10157.043
       436017494018617       17494         436       10157.043
       436017494018705       17494         436       10157.043
       436017494018729       17494         436       10157.043
       436017494018731       17494         436       10157.043
       436017494019723       17494         436       10157.043
       436017494018673       17494         436       10157.043
       436017494019289       17494         436       10157.043
       436017494022200       17494         436       10157.043
       436017494019330       17494         436       10157.043
       436017494019696       17494         436       10157.043
       436017494024730       17494         436       10157.043
       436017494025540       17494         436       10157.043
       436017494025507       17494         436       96497.233
       436017494019271       17494         436       18732.381
       436017494018649       17494         436       18732.381
       436017494018669       17494         436       18732.381
       436017494025413       17494         436       18732.381
       436017494022220       17494         436       18732.381
       436017494023193       17494         436       18732.381
       436017494023207       17494         436       18732.381
       436017494019313       17494         436       18732.381
       436017494018674       17494         436       18732.381
       436017494019727       17494         436       18732.381
       436017494019772       17494         436       18732.381
       436017494020900       17494         436       18732.381
       436017494028505       17494         436       18732.381
       436017494028542       17494         436       18732.381
       436017494028569       17494         436       18732.381
       437005153000010        5153         437       430.81818
       441000388000010         388         441       7110.5833
       442003139000010        3139         442       3588.0000
       442003139000578        3139         442       18732.381
       444006860000010        6860         444       84853.048
       447023519000010       23519         447       51592.952
       449001587000010        1587         449       6227.1250
       449002511000010        2511         449       23362.706
       450004873000010        4873         450       51592.952
       451010951000010       10951         451       23362.706
       454000540000128         540         454       10157.043
       454000540000010         540         454       11026.000
       455000197000343         197         455       10157.043
       455000197000010         197         455       3588.0000
       455018801000010       18801         455       7110.5833
       458006120000010        6120         458       84853.048
       458008114000010        8114         458       96497.233
       465002497000010        2497         465       11969.000
       469003334000010        3334         469       281.25000
       469003334003298        3334         469       10157.043
       469003334003305        3334         469       10157.043
       469003334003322        3334         469       10157.043
       469003334003335        3334         469       10157.043
       469003334003336        3334         469       18732.381
       471014599000010       14599         471       18732.381
       471024772000010       24772         471       51592.952
       472000128000564         128         472       10157.043
       472000128000570         128         472       10157.043
       472000128000010         128         472       3588.0000
       473000118001852         118         473       6227.1250
       473000118002175         118         473       18732.381
       483002404000010        2404         483       51592.952
       490000110000010         110         490       2019.8750
       492002605000010        2605         492       41237.812
       498020156000010       20156         498       11969.000
       501010073004989       10073         501       18732.381
       501010073000010       10073         501       69.714286
       501010073003553       10073         501       10157.043
       501010073003837       10073         501       10157.043
       501010073004295       10073         501       10157.043
       501010073004966       10073         501       10157.043
       504013301000010       13301         504       51592.952
       505000568000010         568         505       11969.000
       508000129000010         129         508       281.25000
       508024182000010       24182         508       11026.000
       509000505000010         505         509       11026.000
       511007883000010        7883         511       84853.048
       511009799000010        9799         511       84853.048
