         806
           25711000010       25711           0       23362.706
         4000879000010         879           4       23362.706
         6000038006824          38           6       18492.222
         6000038000010          38           6       28.769231
         6000038008839          38           6       9557.3889
         6000038007048          38           6       10530.463
         6000038008449          38           6       10530.463
        13005969000010        5969          13       18492.222
        13013547000010       13547          13       11026.000
        15009646000010        9646          15       4100.5714
        15018332000010       18332          15       10530.463
        15018332000026       18332          15       9557.3889
        17000083000010          83          17       4100.5714
        17000083000422          83          17       18492.222
        19001801000010        1801          19       54172.600
        20000000034678           0          20       54172.600
        20000000022347           0          20       87724.758
        20000000000010           0          20       11.600000
        20000000021343           0          20       10530.463
        20000000022314           0          20       10530.463
        20000000022372           0          20       10530.463
        20000000025592           0          20       10530.463
        20000000026837           0          20       10530.463
        20000000034653           0          20       10530.463
        20000000024471           0          20       10530.463
        20000000025485           0          20       10530.463
        20000000026906           0          20       10530.463
        20000000029650           0          20       10530.463
        20000000029692           0          20       10530.463
        20000000029748           0          20       10530.463
        20000000023362           0          20       18492.222
        20000000024435           0          20       18492.222
        20000000021300           0          20       18492.222
        20000000021323           0          20       18492.222
        20000000034602           0          20       18492.222
        20000000034630           0          20       18492.222
        20000000025534           0          20       18492.222
        20000000024492           0          20       18492.222
        20000000026854           0          20       18492.222
        20000003005910           3          20       18492.222
        20000003004877           3          20       18492.222
        20000003005927           3          20       10530.463
        20000003006549           3          20       10530.463
        20000003004901           3          20       10530.463
        20000003000010           3          20       88.727273
        20001017000010        1017          20       54172.600
        23003330025433        3330          23       87724.758
        23003330025379        3330          23       18492.222
        23003330029312        3330          23       18492.222
        23003330029336        3330          23       18492.222
        23003330031306        3330          23       18492.222
        23003330031359        3330          23       18492.222
        23003330031370        3330          23       18492.222
        23003330032878        3330          23       18492.222
        23003330029272        3330          23       18492.222
        23003330032923        3330          23       18492.222
        23003330025469        3330          23       18492.222
        23003330000010        3330          23       3.3333333
        23003330025390        3330          23       10530.463
        23003330025420        3330          23       10530.463
        23003330025425        3330          23       10530.463
        23003330027156        3330          23       10530.463
        23003330032908        3330          23       10530.463
        23003330032958        3330          23       10530.463
        23003330027283        3330          23       10530.463
        23003330029230        3330          23       10530.463
        23003330029248        3330          23       10530.463
        23003330029293        3330          23       10530.463
        23003330025350        3330          23       10530.463
        23003330025354        3330          23       10530.463
        23003330027170        3330          23       18492.222
        23003330027193        3330          23       18492.222
        23003330027216        3330          23       18492.222
        23003330027243        3330          23       18492.222
        23003330027264        3330          23       18492.222
        23003330025402        3330          23       18492.222
        24000167000010         167          24       6227.1250
        29000071000010          71          29       88.727273
        29000071004674          71          29       10530.463
        29000071004987          71          29       10530.463
        29000071004663          71          29       18492.222
        29000071005467          71          29       89095.700
        31002069000010        2069          31       18492.222
        31002069000042        2069          31       18492.222
        34001054000010        1054          34       32990.250
        34010727000010       10727          34       7110.5833
        37000056000010          56          37       2308.4286
        39002132000010        2132          39       87724.758
        46004578000010        4578          46       32990.250
        48000020017230          20          48       87724.758
        48000020013393          20          48       87724.758
        48000020000010          20          48       3.3333333
        48000020020252          20          48       9557.3889
        48000020017258          20          48       9557.3889
        48000020013390          20          48       10530.463
        48000020019419          20          48       10530.463
        48000020019429          20          48       10530.463
        48000020020213          20          48       10530.463
        48000020020230          20          48       18492.222
        48000020019435          20          48       18492.222
        48000020020172          20          48       18492.222
        48000020018037          20          48       18492.222
        48000020018930          20          48       18492.222
        48000020013430          20          48       18492.222
        48000020017208          20          48       18492.222
        48000020013370          20          48       18492.222
        48000020013334          20          48       18492.222
        48000020013359          20          48       10530.463
        48000020013369          20          48       10530.463
        48000020013410          20          48       10530.463
        48015258000010       15258          48       14081.176
        53000305000010         305          53       11026.000
        54000604000010         604          54       14081.176
        54008052000010        8052          54       87724.758
        54020844000010       20844          54       1262.0000
        60005390000010        5390          60       89095.700
        61005430000010        5430          61       11026.000
        63002038000010        2038          63       89095.700
        63014474000010       14474          63       89095.700
        67000113000010         113          67       2308.4286
        69000361000010         361          69       14081.176
        76000028023193          28          76       18492.222
        76000028018302          28          76       88.727273
        76000028023192          28          76       10530.463
        78005959000010        5959          78       87724.758
        79001209000010        1209          79       32990.250
        82021101000010       21101          82       54172.600
        83003351000010        3351          83       54172.600
        85000081002683          81          85       10530.463
        85000081002780          81          85       10530.463
        85000081000010          81          85       526.55556
        87008903000010        8903          87       87724.758
        88009281000010        9281          88       89095.700
        89013039000010       13039          89       87724.758
        93000108000010         108          93       11.600000
        93000108000010         108          93       11.600000
        93000108012955         108          93       9557.3889
        93000108012955         108          93       9557.3889
        93000108012964         108          93       9557.3889
        93000108012964         108          93       9557.3889
        93000108012977         108          93       9557.3889
        93000108012977         108          93       9557.3889
        93000108014847         108          93       9557.3889
        93000108014847         108          93       9557.3889
        93000108014850         108          93       9557.3889
        93000108014850         108          93       9557.3889
        93000108013941         108          93       10530.463
        93000108013941         108          93       10530.463
        93000108014776         108          93       10530.463
        93000108014776         108          93       10530.463
        93000108012874         108          93       10530.463
        93000108012874         108          93       10530.463
        93000108012893         108          93       10530.463
        93000108012893         108          93       10530.463
        93000108012912         108          93       10530.463
        93000108012912         108          93       10530.463
        93000108018481         108          93       10530.463
        93000108018481         108          93       10530.463
        93000108019732         108          93       10530.463
        93000108019732         108          93       10530.463
        93000108020550         108          93       10530.463
        93000108020550         108          93       10530.463
        93000108012933         108          93       18492.222
        93000108012933         108          93       18492.222
        93000108012982         108          93       18492.222
        93000108012982         108          93       18492.222
        93000108018457         108          93       18492.222
        93000108018457         108          93       18492.222
        93000108017121         108          93       18492.222
        93000108017121         108          93       18492.222
        93000108014873         108          93       18492.222
        93000108014873         108          93       18492.222
        93000108021678         108          93       18492.222
        93000108021678         108          93       18492.222
        93000108020526         108          93       18492.222
        93000108020526         108          93       18492.222
        93000108014867         108          93       10530.463
        93000108014867         108          93       10530.463
        93000108014895         108          93       10530.463
        93000108014895         108          93       10530.463
        93000108017132         108          93       10530.463
        93000108017132         108          93       10530.463
        93000109019289         109          93       10530.463
        93000109019290         109          93       10530.463
        93000109019333         109          93       10530.463
        93000109019334         109          93       10530.463
        93000109019305         109          93       18492.222
        93000109021196         109          93       18492.222
        93000109021969         109          93       18492.222
        93000109022667         109          93       18492.222
        93000109023298         109          93       18492.222
        93000109019925         109          93       18492.222
        93000109019888         109          93       18492.222
        93000109019912         109          93       10530.463
        93000109021945         109          93       10530.463
        93000109021956         109          93       10530.463
        93000109023325         109          93       10530.463
        93000109029497         109          93       10530.463
        93000109020472         109          93       10530.463
        93000109020483         109          93       10530.463
        93000109019366         109          93       9557.3889
        93000109019876         109          93       9557.3889
        93000109000010         109          93       3.3333333
        93000818000010         818          93       23362.706
        94021381000010       21381          94       54172.600
        95000416000010         416          95       11026.000
        97000059006017          59          97       18492.222
        97000059007665          59          97       18492.222
        97000059006993          59          97       18492.222
        97000059000010          59          97       88.727273
        97000059006679          59          97       9557.3889
        97000059007634          59          97       10530.463
        97000059006032          59          97       10530.463
        97000059006195          59          97       10530.463
        97005263000010        5263          97       89095.700
        98000921000010         921          98       23362.706
       100013129000010       13129         100       10530.463
       101000106007514         106         101       10530.463
       101000106007520         106         101       10530.463
       101000106008011         106         101       10530.463
       101000106008017         106         101       10530.463
       101000106000010         106         101       28.769231
       101000106008037         106         101       18492.222
       103001723000010        1723         103       54172.600
       103019431000010       19431         103       32990.250
       104021634000010       21634         104       54172.600
       105000050007253          50         105       88.727273
       108003428000010        3428         108       11.600000
       108003428013420        3428         108       9557.3889
       108003428027882        3428         108       9557.3889
       108003428028757        3428         108       10530.463
       108003428028797        3428         108       10530.463
       108003428028807        3428         108       10530.463
       108003428028828        3428         108       10530.463
       108003428030382        3428         108       10530.463
       108003428013454        3428         108       10530.463
       108003428013459        3428         108       10530.463
       108003428013488        3428         108       10530.463
       108003428013506        3428         108       10530.463
       108003428014206        3428         108       10530.463
       108003428027028        3428         108       10530.463
       108003428037487        3428         108       10530.463
       108003428034452        3428         108       10530.463
       108003428034495        3428         108       10530.463
       108003428037447        3428         108       18492.222
       108003428034478        3428         108       18492.222
       108003428027046        3428         108       18492.222
       108003428027077        3428         108       18492.222
       108003428027084        3428         108       18492.222
       108003428027858        3428         108       18492.222
       108003428032981        3428         108       18492.222
       108003428034375        3428         108       18492.222
       108003428034397        3428         108       18492.222
       108003428028769        3428         108       18492.222
       108003428013422        3428         108       18492.222
       110011227000010       11227         110       14081.176
       111000034000010          34         111       11026.000
       113014483000010       14483         113       32990.250
       118001342000010        1342         118       32990.250
       121001538000010        1538         121       54172.600
       123000085003745          85         123       89095.700
       123000085003242          85         123       18492.222
       123000085003461          85         123       18492.222
       123000085006780          85         123       18492.222
       123000085003264          85         123       9557.3889
       123000085000046          85         123       88.727273
       124000072000010          72         124       1262.0000
       124000072001908          72         124       10530.463
       128008543000010        8543         128       11026.000
       131000102000010         102         131       2308.4286
       131000904000010         904         131       89095.700
       131003578000010        3578         131       526.55556
       131003578001634        3578         131       9557.3889
       131003578001643        3578         131       18492.222
       131026616000010       26616         131       23362.706
       134009812000010        9812         134       54172.600
       142010352000010       10352         142       23362.706
       145006941000010        6941         145       32990.250
       149005096000010        5096         149       54172.600
       150000092007816          92         150       18492.222
       150000092008616          92         150       18492.222
       150000092007528          92         150       10530.463
       150000092000010          92         150       88.727273
       155000356000010         356         155       11026.000
       160000094000010          94         160       4100.5714
       160023296000067       23296         160       18492.222
       160023296000010       23296         160       32990.250
       160024499000010       24499         160       89095.700
       162021085000010       21085         162       14081.176
       166007104000010        7104         166       2308.4286
       172005261000010        5261         172       89095.700
       173000083006347          83         173       89095.700
       180000064000010          64         180       28.769231
       180000064005942          64         180       8660.1667
       180000064010744          64         180       9557.3889
       180000064006559          64         180       9557.3889
       180000064006517          64         180       10530.463
       180000064010339          64         180       10530.463
       180000064007304          64         180       10530.463
       180000064006534          64         180       18492.222
       180000064006575          64         180       18492.222
       180000064006596          64         180       18492.222
       180000064010315          64         180       18492.222
       181000099000010          99         181       1262.0000
       185000235000010         235         185       7110.5833
       185015308000010       15308         185       1262.0000
       186014842000010       14842         186       28.769231
       186014842006100       14842         186       9557.3889
       186014842010982       14842         186       9557.3889
       186014842007295       14842         186       10530.463
       186014842010126       14842         186       10530.463
       186014842006071       14842         186       18492.222
       186014842006102       14842         186       10530.463
       186014842011399       14842         186       54172.600
       189001995000010        1995         189       14081.176
       194019438006677       19438         194       18492.222
       194019438006686       19438         194       18492.222
       194019438005056       19438         194       10530.463
       194019438007569       19438         194       10530.463
       194019438005736       19438         194       10530.463
       194019438006575       19438         194       10530.463
       194019438006661       19438         194       10530.463
       194019438000010       19438         194       88.727273
       194019448000010       19448         194       281.25000
       194019448003008       19448         194       10530.463
       194020182000010       20182         194       23362.706
       195010238000010       10238         195       32990.250
       195020322000010       20322         195       10530.463
       197000049000010          49         197       526.55556
       197000059003872          59         197       89095.700
       199000460000010         460         199       11026.000
       201001102000010        1102         201       32990.250
       202013655000399       13655         202       10530.463
       202013655000010       13655         202       2308.4286
       202013696000010       13696         202       4100.5714
       202013696000403       13696         202       18492.222
       204011661016241       11661         204       18492.222
       204011661016261       11661         204       18492.222
       204011661015921       11661         204       10530.463
       204011661016226       11661         204       10530.463
       204011661016238       11661         204       10530.463
       204011661015822       11661         204       10530.463
       204011661015866       11661         204       10530.463
       204011661015883       11661         204       10530.463
       204011661015430       11661         204       10530.463
       204011661015417       11661         204       10530.463
       204011661015413       11661         204       10530.463
       204011661015909       11661         204       9557.3889
       204011661000010       11661         204       11.600000
       204011670000010       11670         204       281.25000
       204011670002701       11670         204       9557.3889
       204011670002554       11670         204       10530.463
       206027421000010       27421         206       32990.250
       210021141000010       21141         210       10530.463
       211008907142604        8907         211       23362.706
       213015178000010       15178         213       14081.176
       214009788000010        9788         214       4100.5714
       217000086000010          86         217       281.25000
       217000086002438          86         217       8660.1667
       217000086002425          86         217       18492.222
       217000086002658          86         217       10530.463
       218000064016531          64         218       10530.463
       218000064015894          64         218       10530.463
       218000064017730          64         218       10530.463
       218000064018955          64         218       10530.463
       218000064016537          64         218       18492.222
       218000064016600          64         218       18492.222
       218000064017239          64         218       18492.222
       218000064017265          64         218       18492.222
       218000064016568          64         218       9557.3889
       218000064000010          64         218       11.600000
       218000064015903          64         218       87724.758
       223000420000010         420         223       7110.5833
       223020189000010       20189         223       9557.3889
       225002077000010        2077         225       54172.600
       225011753000010       11753         225       18492.222
       226000354000010         354         226       7110.5833
       227000115011996         115         227       9557.3889
       227000115000010         115         227       28.769231
       227000115014102         115         227       18492.222
       227000115014111         115         227       18492.222
       227000115011516         115         227       18492.222
       227000115011505         115         227       18492.222
       227000115012231         115         227       18492.222
       227000115012686         115         227       10530.463
       227000115014411         115         227       10530.463
       227000115014708         115         227       10530.463
       227000115012002         115         227       10530.463
       227000115011531         115         227       10530.463
       227000115011517         115         227       10530.463
       227000115011489         115         227       10530.463
       227000115011488         115         227       10530.463
       227011755002137       11755         227       18492.222
       227011755000010       11755         227       526.55556
       229002732000010        2732         229       3.3333333
       229002732000010        2732         229       3.3333333
       229002732042772        2732         229       9557.3889
       229002732042772        2732         229       9557.3889
       229002732025282        2732         229       9557.3889
       229002732025282        2732         229       9557.3889
       229002732025379        2732         229       9557.3889
       229002732025379        2732         229       9557.3889
       229002732025974        2732         229       18492.222
       229002732025974        2732         229       18492.222
       229002732025951        2732         229       18492.222
       229002732025951        2732         229       18492.222
       229002732025198        2732         229       18492.222
       229002732025198        2732         229       18492.222
       229002732025260        2732         229       18492.222
       229002732025260        2732         229       18492.222
       229002732025238        2732         229       18492.222
       229002732025238        2732         229       18492.222
       229002732025251        2732         229       18492.222
       229002732025251        2732         229       18492.222
       229002732045905        2732         229       18492.222
       229002732028058        2732         229       18492.222
       229002732028058        2732         229       18492.222
       229002732026805        2732         229       18492.222
       229002732026805        2732         229       18492.222
       229002732025971        2732         229       10530.463
       229002732025971        2732         229       10530.463
       229002732045942        2732         229       10530.463
       229002732046017        2732         229       10530.463
       229002732025997        2732         229       10530.463
       229002732025997        2732         229       10530.463
       229002732039571        2732         229       10530.463
       229002732039571        2732         229       10530.463
       229002732042676        2732         229       10530.463
       229002732042676        2732         229       10530.463
       229002732042721        2732         229       18492.222
       229002732042721        2732         229       18492.222
       229002732026012        2732         229       18492.222
       229002732026012        2732         229       18492.222
       229002732029143        2732         229       18492.222
       229002732029143        2732         229       18492.222
       229002732029176        2732         229       18492.222
       229002732029176        2732         229       18492.222
       229002732030544        2732         229       18492.222
       229002732030544        2732         229       18492.222
       229002732030567        2732         229       18492.222
       229002732030567        2732         229       18492.222
       229002732026700        2732         229       10530.463
       229002732026700        2732         229       10530.463
       229002732026707        2732         229       10530.463
       229002732026707        2732         229       10530.463
       229002732026786        2732         229       10530.463
       229002732026786        2732         229       10530.463
       229002732026797        2732         229       10530.463
       229002732026797        2732         229       10530.463
       229002732026856        2732         229       10530.463
       229002732026856        2732         229       10530.463
       229002732026881        2732         229       10530.463
       229002732026881        2732         229       10530.463
       229002732028038        2732         229       10530.463
       229002732028038        2732         229       10530.463
       229002732044192        2732         229       10530.463
       229002732045882        2732         229       10530.463
       229002732025968        2732         229       10530.463
       229002732025968        2732         229       10530.463
       229002732025225        2732         229       10530.463
       229002732025225        2732         229       10530.463
       229002732025259        2732         229       10530.463
       229002732025259        2732         229       10530.463
       229002732025261        2732         229       10530.463
       229002732025261        2732         229       10530.463
       229002732025281        2732         229       10530.463
       229002732025281        2732         229       10530.463
       229002732025295        2732         229       10530.463
       229002732025295        2732         229       10530.463
       229002732025296        2732         229       10530.463
       229002732025296        2732         229       10530.463
       229002732025327        2732         229       10530.463
       229002732025327        2732         229       10530.463
       229002732028099        2732         229       87724.758
       229002732028099        2732         229       87724.758
       230006253000010        6253         230       54172.600
       231001073000010        1073         231       2308.4286
       231001147000338        1147         231       7110.5833
       232000312000010         312         232       7110.5833
       234000372000010         372         234       14081.176
       235014488002234       14488         235       18492.222
       235014488001826       14488         235       18492.222
       235014488002214       14488         235       10530.463
       235014488000010       14488         235       526.55556
       235017446000010       17446         235       54172.600
       237000162000010         162         237       7110.5833
       241009265000010        9265         241       14081.176
       243010928012825       10928         243       18492.222
       243010928012855       10928         243       18492.222
       243010928012871       10928         243       10530.463
       243010928000010       10928         243       11.600000
       244004995000432        4995         244       7110.5833
       248000048038062          48         248       11.600000
       248000048055961          48         248       10530.463
       248000048056020          48         248       10530.463
       248000048056546          48         248       10530.463
       248000048056462          48         248       18492.222
       248000048056507          48         248       18492.222
       248000048056527          48         248       18492.222
       248000048056533          48         248       18492.222
       248000048056044          48         248       87724.758
       248000048055988          48         248       87724.758
       248019444000010       19444         248       32990.250
       251008873000010        8873         251       23362.706
       258000312000010         312         258       7110.5833
       263022997000010       22997         263       14081.176
       265009395012055        9395         265       18492.222
       265009395010756        9395         265       18492.222
       265009395011006        9395         265       10530.463
       265009395000010        9395         265       28.769231
       265024514000010       24514         265       18492.222
       271011443000010       11443         271       23362.706
       274011929000010       11929         274       87724.758
       282004955003009        4955         282       18492.222
       282004955003502        4955         282       18492.222
       282004955003025        4955         282       10530.463
       282004955000010        4955         282       281.25000
       282009844000010        9844         282       89095.700
       284000102000010         102         284       28.769231
       284000102006142         102         284       10530.463
       284000102006790         102         284       10530.463
       284000102006796         102         284       10530.463
       284000102007285         102         284       10530.463
       284000102007627         102         284       10530.463
       284000102006141         102         284       18492.222
       284000102006831         102         284       18492.222
       284000102007671         102         284       18492.222
       284000102008235         102         284       18492.222
       284000102008895         102         284       18492.222
       285006912000010        6912         285       6227.1250
       285007488000010        7488         285       14081.176
       291004576000010        4576         291       32990.250
       292002447000010        2447         292       11026.000
       296000097011066          97         296       10530.463
       296000097012173          97         296       10530.463
       296000097010498          97         296       9557.3889
       296000097000290          97         296       11.600000
       296004690000010        4690         296       14081.176
       296005285000010        5285         296       23362.706
       301005098020480        5098         301       87724.758
       301005098016313        5098         301       87724.758
       301005098019553        5098         301       89095.700
       301005098016355        5098         301       18492.222
       301005098018430        5098         301       18492.222
       301005098018452        5098         301       18492.222
       301005098016300        5098         301       18492.222
       301005098014392        5098         301       18492.222
       301005098015854        5098         301       18492.222
       301005098015873        5098         301       18492.222
       301005098014371        5098         301       18492.222
       301005098014330        5098         301       10530.463
       301005098014419        5098         301       10530.463
       301005098015032        5098         301       10530.463
       301005098015041        5098         301       10530.463
       301005098015832        5098         301       10530.463
       301005098014374        5098         301       10530.463
       301005098016294        5098         301       10530.463
       301005098017008        5098         301       10530.463
       301005098017366        5098         301       10530.463
       301005098016334        5098         301       10530.463
       301005098019112        5098         301       10530.463
       301005098000684        5098         301       11.600000
       301005098014361        5098         301       8660.1667
       304018598000010       18598         304       54172.600
       313000079000010          79         313       88.727273
       313000079006236          79         313       10530.463
       313000079006336          79         313       10530.463
       313000079006355          79         313       10530.463
       313000079006727          79         313       10530.463
       313000079006343          79         313       18492.222
       317000127002456         127         317       18492.222
       317000127001988         127         317       10530.463
       317000127002019         127         317       10530.463
       317000127000010         127         317       526.55556
       320001102000010        1102         320       23362.706
       324002349000010        2349         324       54172.600
       325010373000194       10373         325       10530.463
       325010373000010       10373         325       11026.000
       330004309000010        4309         330       89095.700
       330010314000010       10314         330       87724.758
       335029668000010       29668         335       11026.000
       336000030006542          30         336       10530.463
       336000030006541          30         336       18492.222
       336000030006575          30         336       18492.222
       336000030006952          30         336       18492.222
       336000030000010          30         336       28.769231
       336000030006561          30         336       9557.3889
       336000030006569          30         336       9557.3889
       336000030007738          30         336       10530.463
       342014616000010       14616         342       14081.176
       347003575000010        3575         347       6227.1250
       351000142005830         142         351       8660.1667
       351000142006386         142         351       9557.3889
       351000142000010         142         351       88.727273
       351000142005831         142         351       10530.463
       351000142006077         142         351       10530.463
       351000142008218         142         351       18492.222
       351000142008249         142         351       18492.222
       351000142008405         142         351       18492.222
       353014407000010       14407         353       281.25000
       353014407003866       14407         353       18492.222
       353014407004023       14407         353       18492.222
       353014407004055       14407         353       18492.222
       355010839014706       10839         355       18492.222
       355010839010925       10839         355       18492.222
       355010839000010       10839         355       28.769231
       355010839013893       10839         355       10530.463
       355010839011668       10839         355       9557.3889
       355010839014696       10839         355       9557.3889
       355010839010905       10839         355       10530.463
       356000094000010          94         356       6227.1250
       361009782003654        9782         361       8660.1667
       361009782000010        9782         361       88.727273
       361009782003610        9782         361       10530.463
       361009782004194        9782         361       10530.463
       361009782006638        9782         361       18492.222
       363004755000010        4755         363       89095.700
       365001516000010        1516         365       23362.706
       369006543008522        6543         369       18492.222
       369006543008698        6543         369       18492.222
       369006543008707        6543         369       9557.3889
       369006543000304        6543         369       28.769231
       369006543009076        6543         369       10530.463
       369006543009092        6543         369       10530.463
       369006543011390        6543         369       10530.463
       371002678000032        2678         371       9557.3889
       371002678000010        2678         371       87724.758
       373000136006572         136         373       18492.222
       373000136007132         136         373       89095.700
       373000136006592         136         373       9557.3889
       373000136007127         136         373       10530.463
       373000136000010         136         373       28.769231
       376021500000010       21500         376       18492.222
       377006491000010        6491         377       87724.758
       380000736000010         736         380       14081.176
       384000412000010         412         384       23362.706
       384014157000010       14157         384       87724.758
       386005109005062        5109         386       1262.0000
       387000118000010         118         387       1262.0000
       388000049000010          49         388       2.0000000
       388000049000010          49         388       2.0000000
       388000049053764          49         388       10530.463
       388000049053764          49         388       10530.463
       388000049045116          49         388       10530.463
       388000049045116          49         388       10530.463
       388000049045118          49         388       10530.463
       388000049045118          49         388       10530.463
       388000049045092          49         388       10530.463
       388000049045092          49         388       10530.463
       388000049045100          49         388       10530.463
       388000049045100          49         388       10530.463
       388000049045101          49         388       10530.463
       388000049045101          49         388       10530.463
       388000049046598          49         388       10530.463
       388000049046598          49         388       10530.463
       388000049046664          49         388       10530.463
       388000049046664          49         388       10530.463
       388000049046567          49         388       10530.463
       388000049046567          49         388       10530.463
       388000049051149          49         388       10530.463
       388000049051149          49         388       10530.463
       388000049058637          49         388       9557.3889
       388000049058637          49         388       9557.3889
       388000049059788          49         388       10530.463
       388000049059788          49         388       10530.463
       388000049064090          49         388       10530.463
       388000049051225          49         388       87724.758
       388000049051225          49         388       87724.758
       388000049064052          49         388       87724.758
       388000049053801          49         388       87724.758
       388000049053801          49         388       87724.758
       388000049064166          49         388       32990.250
       388000049045145          49         388       18492.222
       388000049045145          49         388       18492.222
       388000049045103          49         388       18492.222
       388000049045103          49         388       18492.222
       388000049051188          49         388       18492.222
       388000049051188          49         388       18492.222
       388000049046573          49         388       18492.222
       388000049046573          49         388       18492.222
       388000049051088          49         388       18492.222
       388000049051088          49         388       18492.222
       388000049051118          49         388       18492.222
       388000049051118          49         388       18492.222
       388000049053741          49         388       18492.222
       388000049053741          49         388       18492.222
       388000049058650          49         388       18492.222
       388000049058650          49         388       18492.222
       388000049055532          49         388       18492.222
       388000049055532          49         388       18492.222
       388000049057308          49         388       18492.222
       388000049057308          49         388       18492.222
       388000049064124          49         388       18492.222
       388000049059851          49         388       18492.222
       388000049059851          49         388       18492.222
       388000049063940          49         388       18492.222
       388000049064030          49         388       18492.222
       388000049053777          49         388       18492.222
       388000049053777          49         388       18492.222
       391001512000010        1512         391       32990.250
       394000621000010         621         394       14081.176
       397011741000010       11741         397       14081.176
       406011381000010       11381         406       87724.758
       408000229000010         229         408       6227.1250
       412013176000010       13176         412       89095.700
       413015852009261       15852         413       18492.222
       413015852009206       15852         413       18492.222
       413015852013356       15852         413       18492.222
       413015852014656       15852         413       18492.222
       413015852009790       15852         413       18492.222
       413015852000010       15852         413       28.769231
       413015852009229       15852         413       9557.3889
       413015852009234       15852         413       10530.463
       413015852015404       15852         413       10530.463
       413015852009775       15852         413       10530.463
       413015852012197       15852         413       10530.463
       417002064000010        2064         417       54172.600
       419009930000010        9930         419       18492.222
       423009612000477        9612         423       7110.5833
       428000052000010          52         428       281.25000
       428017960000010       17960         428       54172.600
       430010070000010       10070         430       32990.250
       434004898000010        4898         434       87724.758
       436017494025507       17494         436       87724.758
       436017494019313       17494         436       18492.222
       436017494018674       17494         436       18492.222
       436017494019271       17494         436       18492.222
       436017494022220       17494         436       18492.222
       436017494023193       17494         436       18492.222
       436017494023207       17494         436       18492.222
       436017494019727       17494         436       18492.222
       436017494019772       17494         436       18492.222
       436017494020900       17494         436       18492.222
       436017494018649       17494         436       18492.222
       436017494018669       17494         436       18492.222
       436017494028505       17494         436       18492.222
       436017494028542       17494         436       18492.222
       436017494028569       17494         436       18492.222
       436017494025413       17494         436       18492.222
       436017494000010       17494         436       3.3333333
       436017494018595       17494         436       10530.463
       436017494018617       17494         436       10530.463
       436017494019709       17494         436       9557.3889
       436017494019723       17494         436       10530.463
       436017494022200       17494         436       10530.463
       436017494018705       17494         436       10530.463
       436017494018729       17494         436       10530.463
       436017494018731       17494         436       10530.463
       436017494018673       17494         436       10530.463
       436017494019289       17494         436       10530.463
       436017494019330       17494         436       10530.463
       436017494019696       17494         436       10530.463
       436017494024730       17494         436       10530.463
       436017494025540       17494         436       10530.463
       436017619000010       17619         436       6227.1250
       438025932000010       25932         438       32990.250
       439000201000010         201         439       1262.0000
       439000201001552         201         439       9557.3889
       439000201001529         201         439       10530.463
       439000284000010         284         439       6227.1250
       440001471000096        1471         440       9557.3889
       440001471000010        1471         440       32990.250
       440005435000010        5435         440       89095.700
       441000158000010         158         441       4100.5714
       445006008000010        6008         445       23362.706
       454002894000010        2894         454       87724.758
       457000110001480         110         457       18492.222
       457000110000010         110         457       2308.4286
       457007049000010        7049         457       87724.758
       461000080007661          80         461       18492.222
       461000080010317          80         461       18492.222
       461000080007894          80         461       18492.222
       461000080000010          80         461       28.769231
       461000080007909          80         461       8660.1667
       461000080008243          80         461       9557.3889
       461000080007891          80         461       9557.3889
       461000080010599          80         461       10530.463
       461000080010306          80         461       10530.463
       462010509000010       10509         462       87724.758
       465002609000010        2609         465       23362.706
       465009866000010        9866         465       89095.700
       466000113002129         113         466       9557.3889
       466000113002513         113         466       10530.463
       466000113000010         113         466       526.55556
       470001600000010        1600         470       23362.706
       473001065000010        1065         473       54172.600
       474000105002715         105         474       18492.222
       474000105000010         105         474       281.25000
       474000937000010         937         474       32990.250
       474001187000010        1187         474       32990.250
       477005273000010        5273         477       11026.000
       480000063000010          63         480       526.55556
       480000063001925          63         480       10530.463
       480000063002214          63         480       10530.463
       480022693000010       22693         480       7110.5833
       480022806000010       22806         480       14081.176
       486000149000010         149         486       4100.5714
       492000101000010         101         492       526.55556
       494016502000010       16502         494       87724.758
       496001191000010        1191         496       6227.1250
       497003429000010        3429         497       281.25000
       497003429003737        3429         497       10530.463
       497003429004386        3429         497       10530.463
       497003429004061        3429         497       10530.463
       500013478000010       13478         500       7110.5833
       502028522000010       28522         502       11026.000
