         691
             386000015         386           0       3767.5385
            1491000015        1491           0       14364.604
            1717000015        1717           0       14364.604
            9146000015        9146           0       74352.683
         1000018000015          18           1       125.80000
         1001588000015        1588           1       21872.365
         3006116000015        6116           3       43313.452
         4021107000015       21107           4       14364.604
         5001047000015        1047           5       9404.3864
         6002439000015        2439           6       21872.365
         6006163000015        6163           6       34746.852
         7014670000015       14670           7       370.63636
         7015072000015       15072           7       6849.9167
         8000028000015          28           8       166.08000
         8000028001953          28           8       34746.852
         8000028001824          28           8       43313.452
         8000300000015         300           8       6849.9167
         9000753000015         753           9       9404.3864
        12015073000015       15073          12       14364.604
        14011322000015       11322          14       6849.9167
        15009597000015        9597          15       125.80000
        15009597001650        9597          15       25309.915
        16009609000015        9609          16       25309.915
        17004055000015        4055          17       74352.683
        18001215000015        1215          18       971.68750
        21000096000075          96          21       971.68750
        21000193000015         193          21       2753.2222
        21000749000015         749          21       6849.9167
        22016445000015       16445          22       25309.915
        23000094000015          94          23       3767.5385
        23009679000015        9679          23       74352.683
        24000288000015         288          24       3767.5385
        25000030000015          30          25       2753.2222
        25007412000015        7412          25       14364.604
        30004660002075        4660          30       25309.915
        30004660000015        4660          30       125.80000
        30004660002083        4660          30       43313.452
        31000105001195         105          31       74352.683
        31000105000015         105          31       370.63636
        31000105000945         105          31       25309.915
        31000105000948         105          31       25309.915
        32019149000015       19149          32       34746.852
        33000032012524          32          33       43313.452
        33000032012439          32          33       2336.4865
        33012772000015       12772          33       2753.2222
        33012772000330       12772          33       43313.452
        33012912000015       12912          33       2336.4865
        35001470000015        1470          35       43313.452
        36007526000015        7526          36       3767.5385
        38000031000015          31          38       370.63636
        38000031001588          31          38       25309.915
        38000031000807          31          38       43313.452
        38000031000808          31          38       43313.452
        38000031001280          31          38       74352.683
        38000058000685          58          38       25309.915
        38000058000015          58          38       971.68750
        38000072000015          72          38       1752.8125
        38000289000015         289          38       3767.5385
        39000429000015         429          39       9404.3864
        43001289000015        1289          43       370.63636
        43001289001141        1289          43       25309.915
        43001289001121        1289          43       25309.915
        43001583000358        1583          43       6849.9167
        43005410000015        5410          43       21872.365
        43012021000015       12021          43       74352.683
        44000133000826         133          44       2336.4865
        44005134000015        5134          44       34746.852
        45000304000015         304          45       2336.4865
        46002362000015        2362          46       3767.5385
        47002095000015        2095          47       971.68750
        47002095000522        2095          47       25309.915
        47002095000709        2095          47       43313.452
        48015325000015       15325          48       9404.3864
        48017612000015       17612          48       34746.852
        49001411000015        1411          49       21872.365
        50000143000015         143          50       3767.5385
        50003121000015        3121          50       43313.452
        50003121000031        3121          50       43313.452
        51000353000015         353          51       6849.9167
        52017685000015       17685          52       166.08000
        52020739000015       20739          52       43313.452
        53000103000977         103          53       43313.452
        53000103000015         103          53       370.63636
        53000103001048         103          53       25309.915
        53020078000015       20078          53       9404.3864
        54000206000015         206          54       2753.2222
        55005784000015        5784          55       74352.683
        55008282000015        8282          55       74352.683
        55016583001979       16583          55       43313.452
        55016583000035       16583          55       166.08000
        55016583001929       16583          55       43313.452
        56011965001510       11965          56       25309.915
        56011965001491       11965          56       26791.706
        56011965001536       11965          56       25309.915
        56011965000015       11965          56       166.08000
        62010426000015       10426          62       2753.2222
        64000891000015         891          64       9404.3864
        66003144000015        3144          66       2336.4865
        67001121000015        1121          67       14364.604
        67015867000015       15867          67       21872.365
        68000242000015         242          68       9404.3864
        68000538000015         538          68       14364.604
        69015198000015       15198          69       74352.683
        71021946000015       21946          71       34746.852
        72003562000015        3562          72       34746.852
        73000213000291         213          73       3767.5385
        73000341000015         341          73       6849.9167
        73014327000015       14327          73       1752.8125
        73022410000015       22410          73       74352.683
        74005180000015        5180          74       3767.5385
        74005678000015        5678          74       14364.604
        74005678000110        5678          74       25309.915
        77000101002863         101          77       43313.452
        77000101002857         101          77       43313.452
        77000101000015         101          77       125.80000
        77000847000015         847          77       9404.3864
        77001301000015        1301          77       14364.604
        77004462000015        4462          77       34746.852
        78002017000015        2017          78       21872.365
        81013533000015       13533          81       34746.852
        82001712000015        1712          82       14364.604
        82020522000092       20522          82       25309.915
        82020522000015       20522          82       6849.9167
        83020159000015       20159          83       9404.3864
        84004201000015        4201          84       74352.683
        84016860000015       16860          84       1752.8125
        84019791000015       19791          84       74352.683
        84023481000015       23481          84       43313.452
        87002244000015        2244          87       21872.365
        88000273000015         273          88       21872.365
        88004354000015        4354          88       125.80000
        88007722000015        7722          88       21872.365
        88009584000015        9584          88       34746.852
        90000567000015         567          90       43313.452
        90001131002459        1131          90       43313.452
        90001131001983        1131          90       43313.452
        90001131001903        1131          90       25309.915
        90001131002125        1131          90       25309.915
        90001131000015        1131          90       166.08000
        91000386000400         386          91       34746.852
        91025323002671       25323          91       34746.852
        92002270000015        2270          92       21872.365
        94000485000015         485          94       3767.5385
        95016998000015       16998          95       971.68750
        97000078003575          78          97       971.68750
        97020598000015       20598          97       74352.683
        99013790000015       13790          99       21872.365
       100020865000015       20865         100       74352.683
       101000703000015         703         101       9404.3864
       102000166000015         166         102       2336.4865
       103004114000015        4114         103       34746.852
       103007438000015        7438         103       74352.683
       103022096000015       22096         103       43313.452
       104001112000015        1112         104       9404.3864
       105008082000015        8082         105       9404.3864
       106001640000015        1640         106       14364.604
       106023497000015       23497         106       3767.5385
       107000576000015         576         107       3767.5385
       107000890000015         890         107       9404.3864
       108004030000015        4030         108       6849.9167
       108004819000015        4819         108       9404.3864
       109009357000015        9357         109       74352.683
       109013477000015       13477         109       25309.915
       111007211000015        7211         111       6849.9167
       114015002000325       15002         114       25309.915
       115000526000015         526         115       6849.9167
       116002388000015        2388         116       74352.683
       117012329000015       12329         117       14364.604
       119001164000015        1164         119       9404.3864
       120019950000015       19950         120       25309.915
       122003806000015        3806         122       74352.683
       122020307000015       20307         122       14364.604
       125000242000015         242         125       2336.4865
       125012454000015       12454         125       21872.365
       125012728000015       12728         125       21872.365
       126000035000015          35         126       34746.852
       126005313000015        5313         126       14364.604
       128000007001679           7         128       25309.915
       128000007000015           7         128       166.08000
       128008193000015        8193         128       370.63636
       128008193003335        8193         128       25309.915
       129002731000015        2731         129       21872.365
       131003729000015        3729         131       2753.2222
       134000453000015         453         134       14364.604
       134007662000353        7662         134       25309.915
       134007662000015        7662         134       2336.4865
       134008805000015        8805         134       14364.604
       135008128000015        8128         135       14364.604
       136005626000015        5626         136       6849.9167
       136007469000015        7469         136       21872.365
       136010295000015       10295         136       34746.852
       137021165000015       21165         137       25309.915
       139009490000015        9490         139       9404.3864
       139010703000015       10703         139       21872.365
       141005723000015        5723         141       3767.5385
       142009152003038        9152         142       25309.915
       142009152002748        9152         142       43313.452
       142009152002739        9152         142       25309.915
       142009152002735        9152         142       26791.706
       142009152003369        9152         142       26791.706
       142009152002770        9152         142       26791.706
       142009152003141        9152         142       43313.452
       142009152003048        9152         142       43313.452
       142009155011235        9155         142       971.68750
       144009947000015        9947         144       166.08000
       145000108000015         108         145       2336.4865
       145005344000015        5344         145       125.80000
       145005344002091        5344         145       43313.452
       145005344001979        5344         145       25309.915
       145005344001563        5344         145       43313.452
       145009958000015        9958         145       34746.852
       147000533000015         533         147       9404.3864
       149002729000015        2729         149       21872.365
       151001329000015        1329         151       9404.3864
       152002285000015        2285         152       21872.365
       154000286000015         286         154       3767.5385
       154005526000015        5526         154       25309.915
       155012218002228       12218         155       25309.915
       155012218002173       12218         155       25309.915
       155012218000015       12218         155       166.08000
       157000101000015         101         157       166.08000
       157000101003203         101         157       25309.915
       157000101002700         101         157       25309.915
       157000101002046         101         157       26791.706
       157000101002263         101         157       43313.452
       157000101002566         101         157       44164.000
       157000122000497         122         157       43313.452
       157000122000663         122         157       43313.452
       157000122000015         122         157       1752.8125
       160000341000015         341         160       2336.4865
       160000549000015         549         160       6849.9167
       160000874000015         874         160       9404.3864
       160006296000015        6296         160       34746.852
       161002562000015        2562         161       34746.852
       162000703000015         703         162       6849.9167
       162002978000015        2978         162       34746.852
       165003001000015        3001         165       34746.852
       165012527000015       12527         165       2336.4865
       166014961000015       14961         166       43313.452
       166015964000641       15964         166       43313.452
       166015964000047       15964         166       971.68750
       167011263000015       11263         167       34746.852
       167014161000015       14161         167       74352.683
       168000040000015          40         168       166.08000
       168002835000015        2835         168       74352.683
       168009735000015        9735         168       9404.3864
       168032132000015       32132         168       34746.852
       169000045003031          45         169       26791.706
       169000045002820          45         169       25309.915
       169000045002832          45         169       25309.915
       169000045000015          45         169       125.80000
       169001227000015        1227         169       9404.3864
       172007138000015        7138         172       43313.452
       172026656000015       26656         172       3767.5385
       173002344000015        2344         173       21872.365
       174009850000015        9850         174       74352.683
       178000877000015         877         178       14364.604
       178015396000015       15396         178       6849.9167
       179001374000015        1374         179       14364.604
       180000331000015         331         180       2336.4865
       180002418000015        2418         180       21872.365
       181002639000015        2639         181       14364.604
       181024835000015       24835         181       43313.452
       182000126000015         126         182       971.68750
       182000126001035         126         182       25309.915
       182000705000015         705         182       6849.9167
       182003885000015        3885         182       34746.852
       183012074000015       12074         183       9404.3864
       184014572000015       14572         184       21872.365
       187002061000015        2061         187       21872.365
       188010001000035       10001         188       25309.915
       188010001000015       10001         188       74352.683
       191000127003373         127         191       43313.452
       191000127002934         127         191       25309.915
       191000127003281         127         191       25309.915
       191000127002402         127         191       43313.452
       191000127002394         127         191       25309.915
       191000127000015         127         191       166.08000
       191000511000015         511         191       3767.5385
       194000383000015         383         194       3767.5385
       194000383000088         383         194       25309.915
       194019454000015       19454         194       370.63636
       194024574000015       24574         194       74352.683
       195000479000015         479         195       14364.604
       195002164000015        2164         195       74352.683
       199000335000015         335         199       2336.4865
       200016870000015       16870         200       14364.604
       201010849000015       10849         201       1752.8125
       201010849000347       10849         201       43313.452
       201010849000440       10849         201       43313.452
       201011436000015       11436         201       9404.3864
       202019304000015       19304         202       74352.683
       204012180000015       12180         204       6849.9167
       205000106000015         106         205       370.63636
       205000106001075         106         205       25309.915
       205000486000015         486         205       3767.5385
       205008481000015        8481         205       74352.683
       207000142001857         142         207       14364.604
       211009395000015        9395         211       6849.9167
       213015785000015       15785         213       14364.604
       214000210000015         210         214       2336.4865
       214014088000015       14088         214       34746.852
       218001419000015        1419         218       74352.683
       219021719000015       21719         219       9404.3864
       219023075000015       23075         219       21872.365
       222000641000015         641         222       34746.852
       223001381000015        1381         223       9404.3864
       223011641000015       11641         223       74352.683
       224022237000015       22237         224       43313.452
       225000587000015         587         225       6849.9167
       225019142000015       19142         225       43313.452
       227013904000015       13904         227       14364.604
       227015574000015       15574         227       34746.852
       228005809000015        5809         228       14364.604
       229002739011313        2739         229       43313.452
       229002739001848        2739         229       43313.452
       229002739001827        2739         229       43313.452
       229002739001808        2739         229       43313.452
       229002739001807        2739         229       25309.915
       229002739001805        2739         229       25309.915
       229002739010788        2739         229       25309.915
       229002739000015        2739         229       166.08000
       229002739008585        2739         229       166.08000
       229002739010667        2739         229       43313.452
       229002739010657        2739         229       43313.452
       229002739010640        2739         229       43313.452
       229002739011209        2739         229       43313.452
       229002739002722        2739         229       43313.452
       229002739011037        2739         229       43313.452
       229002739010790        2739         229       43313.452
       229002739002182        2739         229       43313.452
       229002739010677        2739         229       74352.683
       229003570000015        3570         229       6849.9167
       231001226000015        1226         231       2336.4865
       231001313000015        1313         231       2336.4865
       233000118000015         118         233       166.08000
       233000118001028         118         233       25309.915
       233000118001035         118         233       43313.452
       233000118001430         118         233       25309.915
       233000151000015         151         233       971.68750
       233027398000015       27398         233       43313.452
       234000850000015         850         234       9404.3864
       236007006000015        7006         236       3767.5385
       237000434000015         434         237       6849.9167
       239000159000015         159         239       370.63636
       239000159001613         159         239       25309.915
       239000159001223         159         239       25309.915
       239000159001233         159         239       43313.452
       239022720000015       22720         239       6849.9167
       241008848000015        8848         241       125.80000
       242010731000091       10731         242       74352.683
       243000141000015         141         243       971.68750
       243000141000876         141         243       25309.915
       243011383000015       11383         243       3767.5385
       244000337000015         337         244       9404.3864
       245000971000015         971         245       9404.3864
       247000642000015         642         247       9404.3864
       247004855000056        4855         247       14364.604
       248000272000015         272         248       2336.4865
       248000836000015         836         248       9404.3864
       248018552000015       18552         248       2336.4865
       248018552000225       18552         248       25309.915
       254000123002920         123         254       25309.915
       254000123002904         123         254       25309.915
       254000123002901         123         254       25309.915
       254000123003049         123         254       25309.915
       254000123000015         123         254       125.80000
       254000123003316         123         254       43313.452
       255000080000031          80         255       166.08000
       255000080001189          80         255       25309.915
       257000060001150          60         257       25309.915
       257000060001349          60         257       25309.915
       257000060000015          60         257       370.63636
       257000777000015         777         257       6849.9167
       257001930000015        1930         257       14364.604
       257006384000015        6384         257       34746.852
       258000065002374          65         258       26791.706
       258000065001388          65         258       25309.915
       258000065001399          65         258       25309.915
       258000065000015          65         258       370.63636
       258000570000015         570         258       3767.5385
       258002486000015        2486         258       14364.604
       260002163000015        2163         260       2336.4865
       260004526000015        4526         260       21872.365
       260022400000015       22400         260       43313.452
       261010445000015       10445         261       34746.852
       262001722000015        1722         262       34746.852
       262004441000015        4441         262       43313.452
       264015549000015       15549         264       34746.852
       266002833000015        2833         266       14364.604
       268001582000015        1582         268       2336.4865
       268001610000015        1610         268       2336.4865
       268001610000133        1610         268       25309.915
       271010707000015       10707         271       2753.2222
       271013495000015       13495         271       21872.365
       272011432000015       11432         272       14364.604
       273014496000015       14496         273       14364.604
       275000062000015          62         275       370.63636
       275006766000015        6766         275       14364.604
       275009533000015        9533         275       34746.852
       276000040000015          40         276       2336.4865
       277007840000052        7840         277       370.63636
       277022539000015       22539         277       34746.852
       278006093000015        6093         278       74352.683
       278016686000015       16686         278       370.63636
       279004181000015        4181         279       74352.683
       280000474000015         474         280       3767.5385
       281000058000015          58         281       166.08000
       281000058002585          58         281       25309.915
       281000058002967          58         281       26791.706
       285009536000015        9536         285       21872.365
       288015053000015       15053         288       1752.8125
       289000035000015          35         289       166.08000
       289000035002071          35         289       26791.706
       289000035002074          35         289       25309.915
       290001055000015        1055         290       9404.3864
       290001652000015        1652         290       9404.3864
       291003260000166        3260         291       6849.9167
       293000222000015         222         293       1752.8125
       294003833000064        3833         294       370.63636
       294003833001472        3833         294       26791.706
       294003833001360        3833         294       25309.915
       295006329000015        6329         295       34746.852
       295006329000050        6329         295       43313.452
       296004175000015        4175         296       3767.5385
       297003300000015        3300         297       21872.365
       300007565000015        7565         300       21872.365
       302007335013982        7335         302       25309.915
       302007335012729        7335         302       370.63636
       302007335014338        7335         302       43313.452
       302007335013996        7335         302       43313.452
       302007481000015        7481         302       2753.2222
       303000302000015         302         303       9404.3864
       304002268000015        2268         304       21872.365
       304002268000038        2268         304       43313.452
       304018985000015       18985         304       74352.683
       306027295000015       27295         306       21872.365
       308002351000015        2351         308       2753.2222
       308005415000015        5415         308       21872.365
       308012205000015       12205         308       43313.452
       312008003000015        8003         312       74352.683
       312022966000185       22966         312       43313.452
       312022966000015       22966         312       2336.4865
       312024139000015       24139         312       34746.852
       313000083000015          83         313       125.80000
       313000083001824          83         313       43313.452
       313000083002260          83         313       43313.452
       314013750000015       13750         314       14364.604
       315005181000015        5181         315       43313.452
       317002999000015        2999         317       21872.365
       317019938001543       19938         317       43313.452
       317019938001535       19938         317       26791.706
       317019938001646       19938         317       25309.915
       317019938000015       19938         317       971.68750
       317019938001626       19938         317       43313.452
       317020049000015       20049         317       6849.9167
       319002589000015        2589         319       21872.365
       321014560000015       14560         321       43313.452
       323007336000015        7336         323       3767.5385
       324000015000015          15         324       166.08000
       325000100000015         100         325       2753.2222
       325014075000015       14075         325       34746.852
       327023390000015       23390         327       74352.683
       329004503000015        4503         329       6849.9167
       329004954000015        4954         329       14364.604
       330003776000015        3776         330       34746.852
       330003776000045        3776         330       26791.706
       330004914000015        4914         330       34746.852
       331000131000015         131         331       3767.5385
       331001631000015        1631         331       370.63636
       331001631000940        1631         331       25309.915
       331001631000954        1631         331       43313.452
       333009717000015        9717         333       2336.4865
       334006593000015        6593         334       3767.5385
       334007746000015        7746         334       9404.3864
       335001080000015        1080         335       34746.852
       336000096000015          96         336       2753.2222
       337000113000015         113         337       166.08000
       337000113002468         113         337       25309.915
       337000113002331         113         337       25309.915
       337000113002379         113         337       25309.915
       337000113002316         113         337       43313.452
       337017835000015       17835         337       9404.3864
       339002875000015        2875         339       74352.683
       339018930000015       18930         339       14364.604
       341000871000015         871         341       9404.3864
       341014548000015       14548         341       3767.5385
       342015457000015       15457         342       21872.365
       342015457000062       15457         342       25309.915
       343000757000015         757         343       21872.365
       343005104000015        5104         343       74352.683
       343006463000015        6463         343       43313.452
       344000167000015         167         344       2336.4865
       344000472000015         472         344       9404.3864
       345000954000015         954         345       14364.604
       348001365000015        1365         348       21872.365
       348009150000327        9150         348       43313.452
       348009150000110        9150         348       2753.2222
       350000104005520         104         350       6849.9167
       350011970000015       11970         350       34746.852
       351000703000072         703         351       26791.706
       351000703000103         703         351       25309.915
       351000703000015         703         351       14364.604
       351001961000015        1961         351       21872.365
       351013871000015       13871         351       14364.604
       354000190000015         190         354       3767.5385
       354000325000015         325         354       9404.3864
       354010666000015       10666         354       370.63636
       354010666001293       10666         354       25309.915
       354010666001032       10666         354       26791.706
       356014780000015       14780         356       2336.4865
       362000203000856         203         362       21872.365
       362025329000120       25329         362       6849.9167
       365001471000015        1471         365       14364.604
       366000100004430         100         366       971.68750
       366020153000151       20153         366       166.08000
       366020153002506       20153         366       25309.915
       366020153001464       20153         366       43313.452
       366020164003055       20164         366       43313.452
       366020164003046       20164         366       43313.452
       366020164002132       20164         366       166.08000
       369006551000015        6551         369       166.08000
       369006551002352        6551         369       25309.915
       369006551002522        6551         369       25309.915
       370008145000015        8145         370       34746.852
       370012592000015       12592         370       74352.683
       371000070002264          70         371       25309.915
       371000070001631          70         371       25309.915
       371000070000015          70         371       370.63636
       371010141000015       10141         371       1752.8125
       373019677000015       19677         373       1752.8125
       373019677000501       19677         373       25309.915
       373019677000482       19677         373       43313.452
       374000320000015         320         374       3767.5385
       374002472000015        2472         374       21872.365
       375000350000015         350         375       3767.5385
       375015374000015       15374         375       2753.2222
       376000037000015          37         376       125.80000
       376000037003899          37         376       25309.915
       376000037003816          37         376       25309.915
       376000037003811          37         376       25309.915
       376000037003829          37         376       43313.452
       379000294000015         294         379       2336.4865
       379024947000015       24947         379       34746.852
       380000138000015         138         380       1752.8125
       381015876000015       15876         381       43313.452
       383000192000015         192         383       6849.9167
       383007300000015        7300         383       21872.365
       385000748000015         748         385       14364.604
       387000137000015         137         387       1752.8125
       388010105000015       10105         388       2336.4865
       388013826000015       13826         388       34746.852
       390000317000015         317         390       6849.9167
       391000266000171         266         391       6849.9167
       392001676000015        1676         392       14364.604
       393000445000015         445         393       3767.5385
       394000084002955          84         394       21872.365
       394000182000015         182         394       2753.2222
       394010864000015       10864         394       74352.683
       398002506000015        2506         398       34746.852
       398012577003066       12577         398       43313.452
       398012577003083       12577         398       25309.915
       398012577003080       12577         398       26791.706
       398012577003062       12577         398       25309.915
       398012577000015       12577         398       125.80000
       398024530000015       24530         398       25309.915
       401013045001367       13045         401       25309.915
       401013045001355       13045         401       25309.915
       401013045001336       13045         401       25309.915
       401013045001344       13045         401       25309.915
       401013045001318       13045         401       43313.452
       401013045000015       13045         401       166.08000
       403004286000015        4286         403       74352.683
       403004799000015        4799         403       34746.852
       404024461000015       24461         404       43313.452
       406000121000015         121         406       2753.2222
       407000717000015         717         407       3767.5385
       408002476000015        2476         408       21872.365
       408015953000015       15953         408       25309.915
       408018677000015       18677         408       2753.2222
       408019774000015       19774         408       34746.852
       410000088000015          88         410       1752.8125
       414012073000015       12073         414       2336.4865
       414013580000015       13580         414       34746.852
       415001517000015        1517         415       14364.604
       415001875000015        1875         415       21872.365
       415002424000015        2424         415       34746.852
       419000131000015         131         419       2753.2222
       420002418000015        2418         420       25309.915
       420003384000015        3384         420       9404.3864
       421000126000015         126         421       3767.5385
       422000107009982         107         422       34746.852
       422008436000015        8436         422       9404.3864
       426000073000015          73         426       125.80000
       426000073003098          73         426       43313.452
       426000073003003          73         426       43313.452
       426000073002994          73         426       43313.452
       426002440000015        2440         426       21872.365
       428000106000015         106         428       1752.8125
       429000258000208         258         429       6849.9167
       431003589000015        3589         431       34746.852
       431023225000015       23225         431       14364.604
       432000083001811          83         432       25309.915
       432000083001360          83         432       43313.452
       432000083000015          83         432       370.63636
       432014607000015       14607         432       971.68750
       434011051000015       11051         434       43313.452
       434021036000015       21036         434       2753.2222
       437005213000015        5213         437       1752.8125
       437007161000015        7161         437       21872.365
       437007171000015        7171         437       14364.604
       439000175003374         175         439       25309.915
       439000175003824         175         439       25309.915
       439000175003265         175         439       25309.915
       439000175003252         175         439       25309.915
       439000175000015         175         439       125.80000
       439000175003410         175         439       43313.452
       439000175003790         175         439       43313.452
       439000175003356         175         439       43313.452
       439000175003832         175         439       43313.452
       440000430000015         430         440       2336.4865
       440024929000015       24929         440       9404.3864
       441008505000015        8505         441       25309.915
       442004169000015        4169         442       9404.3864
       442008437000015        8437         442       34746.852
       443003525000015        3525         443       21872.365
       444000394000015         394         444       2336.4865
       447000266000120         266         447       2336.4865
       449003318000015        3318         449       14364.604
       451001001000015        1001         451       21872.365
       453005609000015        5609         453       34746.852
       453025504000015       25504         453       43313.452
       454006908000015        6908         454       74352.683
       455000295000015         295         455       2336.4865
       455019015000015       19015         455       6849.9167
       459001178000015        1178         459       971.68750
       459001178001177        1178         459       43313.452
       460003278000015        3278         460       21872.365
       461000376000015         376         461       3767.5385
       463000289000015         289         463       3767.5385
       465002360000015        2360         465       6849.9167
       467000100002784         100         467       3767.5385
       467001316000015        1316         467       9404.3864
       469001515000048        1515         469       1752.8125
       470000611000015         611         470       3767.5385
       472018609000015       18609         472       971.68750
       473000101011084         101         473       125.80000
       473003518000015        3518         473       34746.852
       474000173000308         173         474       25309.915
       474000173000015         173         474       2336.4865
       476000086000015          86         476       166.08000
       476000086002411          86         476       25309.915
       476000086002773          86         476       25309.915
       476000086002624          86         476       43313.452
       476000086001551          86         476       43313.452
       476000086001528          86         476       43313.452
       479003125000015        3125         479       6849.9167
       481020983000015       20983         481       2336.4865
       481020983000111       20983         481       9404.3864
       483018325000015       18325         483       21872.365
       484000155000015         155         484       2336.4865
       485010716000015       10716         485       21872.365
       489023591000015       23591         489       43313.452
       493000162000249         162         493       43313.452
       493000162000137         162         493       25309.915
       493000162000015         162         493       3767.5385
       493002712000015        2712         493       34746.852
       493008893002277        8893         493       26791.706
       493008893002267        8893         493       25309.915
       493008893001567        8893         493       370.63636
       493010230000015       10230         493       14364.604
       496002626000015        2626         496       14364.604
       497006664000015        6664         497       21872.365
       499010753000015       10753         499       21872.365
       503000197001364         197         503       25309.915
       503000197001369         197         503       26791.706
       503000197002199         197         503       25309.915
       503000197000015         197         503       166.08000
       503000197001266         197         503       43313.452
       503000197001257         197         503       43313.452
       503000756000015         756         503       3767.5385
       504000081008219          81         504       370.63636
       504000081009273          81         504       25309.915
       504000081009248          81         504       25309.915
       504000081009858          81         504       43313.452
       504000081009387          81         504       43313.452
       506000123000412         123         506       43313.452
       506000123000015         123         506       1752.8125
       510000065000015          65         510       34746.852
       510000269000015         269         510       2336.4865
       511003067000015        3067         511       6849.9167
