         197
         2003100004450        3100           2       5105.6250
         2009223000025        9223           2       276963.08
         3000035000025          35           3       450.00000
         8013249000025       13249           8       50656.042
        10000347000184         347          10       23389.889
        11000081020569          81          11       665.28571
        17005011000025        5011          17       276963.08
        17014332000572       14332          17       806418.00
        21000115001191         115          21       23389.889
        22007044000044        7044          22       806418.00
        25005516000234        5516          25       23389.889
        27000211000229         211          27       84682.000
        30005216000025        5216          30       15177.438
        34010484031011       10484          34       36096.800
        35000062000106          62          35       8498.8889
        39009304000025        9304          39       5105.6250
        41010225000025       10225          41       8600.5625
        47006740000025        6740          47       276963.08
        54000073004779          73          54       36096.800
        54021211000114       21211          54       84682.000
        59000154000025         154          59       8498.8889
        69000023000025          23          69       1689.8333
        69000051000803          51          69       84682.000
        72000052000946          52          72       8600.5625
        72000466000025         466          72       15177.438
        72002010000025        2010          72       84682.000
        74001233000025        1233          74       806418.00
        74004911047119        4911          74       50656.042
        77000102006554         102          77       23389.889
        77000256000306         256          77       84682.000
        78000114015675         114          78       84682.000
        82001251000025        1251          82       84682.000
        89005992000025        5992          89       50656.042
        93000181000374         181          93       8600.5625
        93001195000025        1195          93       50656.042
        98017438000025       17438          98       84682.000
       104000016116830          16         104       8600.5625
       107002062000025        2062         107       84682.000
       108003795000025        3795         108       15177.438
       108004430000025        4430         108       50656.042
       110010724000307       10724         110       8600.5625
       113000061002811          61         113       36096.800
       125000147000025         147         125       1689.8333
       126000089024095          89         126       10.500000
       126004378000025        4378         126       23389.889
       128008208004349        8208         128       36096.800
       130005253000025        5253         130       36096.800
       131003570001902        3570         131       8600.5625
       133000060006490          60         133       23389.889
       135000517000025         517         135       50656.042
       135006243000389        6243         135       36096.800
       137003979000025        3979         137       5105.6250
       142009147066330        9147         142       12.500000
       147012474000098       12474         147       36096.800
       147012588000025       12588         147       23389.889
       151000157003631         157         151       15177.438
       151025707000025       25707         151       296.50000
       152019605000025       19605         152       8600.5625
       153000349000025         349         153       23389.889
       154013363000025       13363         154       50656.042
       155012495000025       12495         155       15177.438
       156002304000025        2304         156       84682.000
       158000158000025         158         158       23389.889
       165000082010147          82         165       450.00000
       166001450000025        1450         166       84682.000
       168008668000025        8668         168       12.500000
       171004279000025        4279         171       8600.5625
       172000363020517         363         172       1689.8333
       172000367003971         367         172       450.00000
       176000040000299          40         176       276963.08
       180000503000025         503         180       15177.438
       181022753000380       22753         181       15177.438
       184015016000025       15016         184       276963.08
       187000173003540         173         187       5105.6250
       189001575000025        1575         189       8498.8889
       190004378000025        4378         190       8498.8889
       190004522000362        4522         190       276963.08
       192000076002400          76         192       84682.000
       192000937000025         937         192       36096.800
       194000043000025          43         194       12.500000
       194000045000025          45         194       12.500000
       194019440000025       19440         194       665.28571
       195008814000025        8814         195       15177.438
       196016179000650       16179         196       8600.5625
       197002922000025        2922         197       84682.000
       200000073028747          73         200       12.500000
       201000093001872          93         201       36096.800
       204011661000025       11661         204       12.500000
       204011686003203       11686         204       12.500000
       210000942000025         942         210       84682.000
       211008907000025        8907         211       12.500000
       211008943000025        8943         211       5105.6250
       211008993000025        8993         211       8498.8889
       213000146012846         146         213       23389.889
       216005324009515        5324         216       296.50000
       216006827000025        6827         216       36096.800
       221005500001211        5500         221       84682.000
       222003941000025        3941         222       1689.8333
       226022429000025       22429         226       36096.800
       231001113000025        1113         231       15177.438
       233000802000025         802         233       15177.438
       233022795006530       22795         233       665.28571
       236007030000158        7030         236       23389.889
       241009139000025        9139         241       15177.438
       242009376001601        9376         242       806418.00
       243010950000025       10950         243       5105.6250
       243010987000025       10987         243       5105.6250
       248000048038077          48         248       10.500000
       249000118001768         118         249       8600.5625
       249021019000025       21019         249       276963.08
       250000124001727         124         250       8498.8889
       254017336000423       17336         254       276963.08
       257000182000025         182         257       8600.5625
       259000078020460          78         259       806418.00
       270008888007793        8888         270       84682.000
       271010636005944       10636         271       665.28571
       274004681000025        4681         274       8600.5625
       278000090001288          90         278       2986.4286
       280001253000025        1253         280       36096.800
       281000054010134          54         281       23389.889
       283001900000136        1900         283       276963.08
       285000067002679          67         285       15177.438
       285007004000025        7004         285       8600.5625
       286000033110091          33         286       8498.8889
       291014068000025       14068         291       276963.08
       298024391010733       24391         298       450.00000
       301006141000060        6141         301       2750189.0
       304000601000079         601         304       276963.08
       304000840000025         840         304       50656.042
       306000641000161         641         306       84682.000
       312002654000025        2654         312       84682.000
       321002400000025        2400         321       8600.5625
       325000850000025         850         325       84682.000
       326002566000025        2566         326       84682.000
       327000128003925         128         327       2986.4286
       327019879000025       19879         327       665.28571
       328011865001769       11865         328       50656.042
       329004025000025        4025         329       4.0000000
       329004424000025        4424         329       15177.438
       331000103000025         103         331       665.28571
       331001722000025        1722         331       8600.5625
       333011022000025       11022         333       36096.800
       337000464000098         464         337       36096.800
       338000075002395          75         338       15177.438
       338002197000025        2197         338       50656.042
       338003403000025        3403         338       50656.042
       346000329000383         329         346       84682.000
       347005646000025        5646         347       50656.042
       348009104000025        9104         348       12.500000
       351000450000025         450         351       23389.889
       352000281000175         281         352       36096.800
       359000750000025         750         359       36096.800
       359001351000025        1351         359       84682.000
       359012890000025       12890         359       36096.800
       367000162000025         162         367       2986.4286
       367014418002007       14418         367       36096.800
       367014429002641       14429         367       2986.4286
       372017485002297       17485         372       50656.042
       373000147000025         147         373       1689.8333
       373000159000025         159         373       1689.8333
       375001460000025        1460         375       50656.042
       377000115000861         115         377       23389.889
       379024738000025       24738         379       50656.042
       382000284000025         284         382       8498.8889
       382000436000025         436         382       8600.5625
       383007279000025        7279         383       84682.000
       388010434000025       10434         388       15177.438
       388012301000025       12301         388       50656.042
       391015656000160       15656         391       50656.042
       404001394000025        1394         404       50656.042
       411016664000025       16664         411       5105.6250
       413015896000845       15896         413       36096.800
       414011987000414       11987         414       50656.042
       418022314000025       22314         418       23389.889
       420000037002754          37         420       36096.800
       422009154000025        9154         422       50656.042
       425001600000079        1600         425       276963.08
       426000085001709          85         426       23389.889
       426000747000025         747         426       23389.889
       429016469000025       16469         429       12.500000
       430010962000025       10962         430       50656.042
       442027680000025       27680         442       665.28571
       449000056000406          56         449       8498.8889
       451010796000025       10796         451       23389.889
       453000037000025          37         453       12.500000
       453000138026603         138         453       12.500000
       454020923000025       20923         454       12.500000
       459001153058685        1153         459       12.500000
       473018026000025       18026         473       806418.00
       480000123000995         123         480       84682.000
       482024765000025       24765         482       50656.042
       486000114001037         114         486       2986.4286
       491000683000025         683         491       15177.438
       495000131000503         131         495       50656.042
       500014766000025       14766         500       50656.042
       503000218000025         218         503       2986.4286
       503022490002231       22490         503       2986.4286
