         909
         1003959000012        3959           1       55229.950
         2014173000012       14173           2       14850.520
         4000056000012          56           4       4153.5833
         4000056000565          56           4       8960.9452
         6000255000012         255           6       4153.5833
         7024535000012       24535           7       14850.520
         7026873000012       26873           7       14850.520
        10000036019279          36          10       14850.520
        10000036019235          36          10       14850.520
        10000036017735          36          10       14850.520
        10000036016503          36          10       14850.520
        10000036016492          36          10       14850.520
        10000036016477          36          10       14850.520
        10000036016472          36          10       14850.520
        10000036016448          36          10       14850.520
        10000036019334          36          10       14850.520
        10000036028440          36          10       14850.520
        10000036016446          36          10       10141.021
        10000036004464          36          10       9.4000000
        10000036017729          36          10       8960.9452
        10000036017733          36          10       8960.9452
        10000036017754          36          10       8960.9452
        10000036017763          36          10       8960.9452
        10000036017770          36          10       8960.9452
        10000036019244          36          10       8960.9452
        10000036019259          36          10       8960.9452
        10000036027067          36          10       8960.9452
        10000036016443          36          10       8960.9452
        10000036019306          36          10       65682.200
        10000036027084          36          10       65682.200
        11000081005185          81          11       65682.200
        11000081005793          81          11       65682.200
        11000081008124          81          11       8960.9452
        11000081003941          81          11       8960.9452
        11000081003983          81          11       8960.9452
        11000081003456          81          11       8960.9452
        11000081003448          81          11       8960.9452
        11000081000012          81          11       73.500000
        11000081003953          81          11       14850.520
        11000081008133          81          11       14850.520
        11000081008165          81          11       14850.520
        11000081011637          81          11       14850.520
        11000081016559          81          11       14850.520
        11000081005820          81          11       14850.520
        11000081003462          81          11       14850.520
        11000081003457          81          11       14850.520
        11000081003433          81          11       14850.520
        17000167000012         167          17       4153.5833
        20000000000012           0          20       9.4000000
        20000000020274           0          20       8960.9452
        20000000020285           0          20       8960.9452
        20000000020383           0          20       8960.9452
        20000000020394           0          20       8960.9452
        20000000019295           0          20       8960.9452
        20000000019346           0          20       8960.9452
        20000000019365           0          20       8960.9452
        20000000019273           0          20       8960.9452
        20000000020344           0          20       8960.9452
        20000000020346           0          20       8960.9452
        20000000020350           0          20       8960.9452
        20000000020354           0          20       8960.9452
        20000000034655           0          20       8960.9452
        20000000021325           0          20       8960.9452
        20000000024437           0          20       8960.9452
        20000000025487           0          20       8960.9452
        20000000025594           0          20       8960.9452
        20000000026839           0          20       8960.9452
        20000000026908           0          20       8960.9452
        20000000029694           0          20       8960.9452
        20000000029750           0          20       8960.9452
        20000000023364           0          20       14850.520
        20000000025536           0          20       14850.520
        20000000024473           0          20       14850.520
        20000000034604           0          20       14850.520
        20000000034632           0          20       14850.520
        20000000019258           0          20       14850.520
        20000000020407           0          20       14850.520
        20000000021302           0          20       14850.520
        20000000019389           0          20       14850.520
        20000000019274           0          20       14850.520
        20000000019380           0          20       14850.520
        20000000020356           0          20       14850.520
        20000000019394           0          20       12053.750
        20000000029652           0          20       10141.021
        20000000019388           0          20       10141.021
        20000000020341           0          20       10141.021
        20000000022349           0          20       65682.200
        20000000034680           0          20       55229.950
        20000000020320           0          20       14850.520
        21000063007466          63          21       65682.200
        21000063009024          63          21       14850.520
        21000063009429          63          21       14850.520
        21000063013844          63          21       14850.520
        21000063006662          63          21       14850.520
        21000063008167          63          21       14850.520
        21000063008648          63          21       14850.520
        21000063007071          63          21       8960.9452
        21000063007080          63          21       8960.9452
        21000063007452          63          21       8960.9452
        21000063006648          63          21       8960.9452
        21000063008685          63          21       8960.9452
        21000063000012          63          21       31.181818
        23003330000012        3330          23       5.3333333
        23003330017999        3330          23       8960.9452
        23003330032910        3330          23       8960.9452
        23003330025422        3330          23       8960.9452
        23003330031372        3330          23       8960.9452
        23003330027285        3330          23       8960.9452
        23003330029232        3330          23       8960.9452
        23003330029250        3330          23       8960.9452
        23003330029295        3330          23       8960.9452
        23003330018044        3330          23       8960.9452
        23003330018059        3330          23       8960.9452
        23003330023173        3330          23       8960.9452
        23003330025352        3330          23       8960.9452
        23003330025392        3330          23       8960.9452
        23003330023177        3330          23       14850.520
        23003330023195        3330          23       14850.520
        23003330018062        3330          23       14850.520
        23003330025404        3330          23       14850.520
        23003330025356        3330          23       14850.520
        23003330025381        3330          23       14850.520
        23003330027158        3330          23       14850.520
        23003330027172        3330          23       14850.520
        23003330027218        3330          23       14850.520
        23003330027245        3330          23       14850.520
        23003330029314        3330          23       14850.520
        23003330029338        3330          23       14850.520
        23003330031308        3330          23       14850.520
        23003330031361        3330          23       14850.520
        23003330029274        3330          23       14850.520
        23003330032880        3330          23       14850.520
        23003330018047        3330          23       14850.520
        23003330018010        3330          23       10141.021
        23003330018045        3330          23       10141.021
        23003330032960        3330          23       65682.200
        23003330025435        3330          23       65682.200
        23003330018011        3330          23       14850.520
        23003330018012        3330          23       14850.520
        24000032007236          32          24       14850.520
        24000032009198          32          24       14850.520
        24000032010758          32          24       14850.520
        24000032010786          32          24       14850.520
        24000032007250          32          24       8960.9452
        24000032007554          32          24       8960.9452
        24000032007569          32          24       8960.9452
        24000032002746          32          24       73.500000
        24017464000012       17464          24       14850.520
        26009049000012        9049          26       4153.5833
        29000113000012         113          29       4768.3333
        30004660000012        4660          30       358.16667
        30004660002543        4660          30       8960.9452
        30004660002554        4660          30       8960.9452
        30004660002570        4660          30       8960.9452
        30004660002650        4660          30       14850.520
        30004660003105        4660          30       14850.520
        30004660003131        4660          30       10141.021
        32000716000012         716          32       39495.353
        33004298000012        4298          33       14850.520
        35001944000012        1944          35       65682.200
        35006884011095        6884          35       14850.520
        35006884008421        6884          35       14850.520
        35006884009230        6884          35       8960.9452
        35006884011909        6884          35       8960.9452
        35006884008404        6884          35       8960.9452
        35006884008435        6884          35       8960.9452
        35006884008809        6884          35       8960.9452
        35006884009620        6884          35       8960.9452
        35006884000012        6884          35       31.181818
        43001804000012        1804          43       10379.357
        45002185000012        2185          45       39495.353
        46002094001862        2094          46       14850.520
        46002094000012        2094          46       454.10000
        46002094002013        2094          46       8960.9452
        47002121000012        2121          47       1992.7500
        49000209000012         209          49       10379.357
        52000196000012         196          52       7158.0000
        54022560000012       22560          54       55229.950
        57000659000012         659          57       21260.895
        62000839000012         839          62       55229.950
        65006811000012        6811          65       65682.200
        68010128000012       10128          68       454.10000
        71019836000012       19836          71       10379.357
        73014235026159       14235          73       73.500000
        73014235030288       14235          73       8960.9452
        73014235030509       14235          73       14850.520
        73014268000012       14268          73       1992.7500
        75000069000012          69          75       73.500000
        75000069006722          69          75       8960.9452
        75000069007517          69          75       8960.9452
        75000069007939          69          75       8960.9452
        75000069008584          69          75       8960.9452
        75000069009190          69          75       8960.9452
        75000069009610          69          75       8960.9452
        75000069006368          69          75       8960.9452
        75000069006352          69          75       8960.9452
        75000069006351          69          75       8960.9452
        75000069006419          69          75       10141.021
        75000069006389          69          75       14850.520
        75000069006370          69          75       14850.520
        75000069006360          69          75       14850.520
        75000069006702          69          75       14850.520
        75000069007560          69          75       14850.520
        75000069006687          69          75       14850.520
        75001386000012        1386          75       39495.353
        76000889000012         889          76       21260.895
        82002128000012        2128          82       39495.353
        83020493000012       20493          83       39495.353
        91025323001336       25323          91       8960.9452
        91025323000101       25323          91       964.55556
        93000108000012         108          93       9.4000000
        93000108000012         108          93       9.4000000
        93000108010977         108          93       8960.9452
        93000108010977         108          93       8960.9452
        93000108011883         108          93       8960.9452
        93000108011883         108          93       8960.9452
        93000108011904         108          93       8960.9452
        93000108011904         108          93       8960.9452
        93000108011019         108          93       8960.9452
        93000108011019         108          93       8960.9452
        93000108013943         108          93       8960.9452
        93000108013943         108          93       8960.9452
        93000108017134         108          93       8960.9452
        93000108017134         108          93       8960.9452
        93000108020552         108          93       8960.9452
        93000108020552         108          93       8960.9452
        93000108021680         108          93       8960.9452
        93000108021680         108          93       8960.9452
        93000108018459         108          93       14850.520
        93000108018459         108          93       14850.520
        93000108020528         108          93       14850.520
        93000108020528         108          93       14850.520
        93000108014875         108          93       14850.520
        93000108014875         108          93       14850.520
        93000108017123         108          93       14850.520
        93000108017123         108          93       14850.520
        93000108012895         108          93       14850.520
        93000108012895         108          93       14850.520
        93000108012935         108          93       14850.520
        93000108012935         108          93       14850.520
        93000108011030         108          93       14850.520
        93000108011030         108          93       14850.520
        93000108011043         108          93       14850.520
        93000108011043         108          93       14850.520
        93000108011923         108          93       14850.520
        93000108011923         108          93       14850.520
        93000108011938         108          93       14850.520
        93000108011938         108          93       14850.520
        93000108010993         108          93       14850.520
        93000108010993         108          93       14850.520
        93000108010962         108          93       14850.520
        93000108010962         108          93       14850.520
        93000108014852         108          93       10141.021
        93000108014852         108          93       10141.021
        93000108011970         108          93       10141.021
        93000108011970         108          93       10141.021
        95000472000012         472          95       10379.357
        97018905000012       18905          97       964.55556
        97018905001474       18905          97       14850.520
       102001772000012        1772         102       86557.333
       104000017008674          17         104       14850.520
       104000017004596          17         104       14850.520
       104000017000012          17         104       73.500000
       104000017004592          17         104       8960.9452
       104000017004612          17         104       8960.9452
       104000017004638          17         104       8960.9452
       104000017005314          17         104       8960.9452
       104000017008661          17         104       8960.9452
       104021356000012       21356         104       55229.950
       108003428012239        3428         108       8960.9452
       108003428012253        3428         108       8960.9452
       108003428012828        3428         108       8960.9452
       108003428027079        3428         108       8960.9452
       108003428027086        3428         108       8960.9452
       108003428027860        3428         108       8960.9452
       108003428028759        3428         108       8960.9452
       108003428028771        3428         108       8960.9452
       108003428028799        3428         108       8960.9452
       108003428028809        3428         108       8960.9452
       108003428028830        3428         108       8960.9452
       108003428030384        3428         108       8960.9452
       108003428032983        3428         108       8960.9452
       108003428034377        3428         108       8960.9452
       108003428034399        3428         108       8960.9452
       108003428034454        3428         108       8960.9452
       108003428034480        3428         108       8960.9452
       108003428037489        3428         108       8960.9452
       108003428027030        3428         108       8960.9452
       108003428012272        3428         108       8960.9452
       108003428012799        3428         108       8960.9452
       108003428013461        3428         108       8960.9452
       108003428012819        3428         108       10141.021
       108003428012846        3428         108       14850.520
       108003428013424        3428         108       14850.520
       108003428013456        3428         108       14850.520
       108003428012268        3428         108       14850.520
       108003428012221        3428         108       14850.520
       108003428012238        3428         108       14850.520
       108003428027048        3428         108       14850.520
       108003428013508        3428         108       14850.520
       114001146000012        1146         114       39495.353
       115012614038993       12614         115       65682.200
       115012614038764       12614         115       10141.021
       115012614039863       12614         115       8960.9452
       115012614034631       12614         115       73.500000
       119002188000012        2188         119       39495.353
       120006890000012        6890         120       21260.895
       125010249000012       10249         125       73.500000
       125010249005700       10249         125       8960.9452
       125010249004562       10249         125       8960.9452
       125010249004703       10249         125       8960.9452
       125010249005012       10249         125       14850.520
       125010259004655       10259         125       10141.021
       125010259003600       10259         125       964.55556
       126003793000012        3793         126       1992.7500
       126028580000012       28580         126       454.10000
       126028580002424       28580         126       8960.9452
       129000027002320          27         129       8960.9452
       129000027002418          27         129       8960.9452
       129000027002423          27         129       8960.9452
       129000027000012          27         129       358.16667
       129000027003107          27         129       14850.520
       129000027002302          27         129       14850.520
       129001498000012        1498         129       21260.895
       131003577000012        3577         131       454.10000
       131004765000079        4765         131       39495.353
       135014135000012       14135         135       65682.200
       142000654000012         654         142       39495.353
       144000327000012         327         144       17297.000
       144000773000012         773         144       39495.353
       148009985000012        9985         148       65682.200
       153000222000012         222         153       7158.0000
       153000222000150         222         153       8960.9452
       154005722000012        5722         154       14850.520
       157003162000012        3162         157       65682.200
       157012166000012       12166         157       55229.950
       157014146000012       14146         157       86557.333
       160000230000012         230         160       4153.5833
       160011937000012       11937         160       14850.520
       163016921000012       16921         163       21260.895
       168008669005724        8669         168       14850.520
       168008669005175        8669         168       10141.021
       168008669006465        8669         168       10141.021
       168008669000012        8669         168       73.500000
       168008669005149        8669         168       8960.9452
       168008669005172        8669         168       8960.9452
       168008669005330        8669         168       8960.9452
       168008669005332        8669         168       8960.9452
       170001201000012        1201         170       21260.895
       171000720000012         720         171       55229.950
       171004069000012        4069         171       7158.0000
       176003236000012        3236         176       964.55556
       176003236001366        3236         176       8960.9452
       176003236001391        3236         176       8960.9452
       176003236001655        3236         176       14850.520
       178015258000012       15258         178       7158.0000
       179005319000034        5319         179       8960.9452
       179005319000012        5319         179       65682.200
       179007853000012        7853         179       65682.200
       181000470000012         470         181       10379.357
       182023113000012       23113         182       65682.200
       187013284001856       13284         187       964.55556
       188004223000012        4223         188       7158.0000
       188005455000012        5455         188       55229.950
       190004178000012        4178         190       31.181818
       190004178006982        4178         190       8960.9452
       190004178007018        4178         190       8960.9452
       190004178006399        4178         190       8960.9452
       190004178006400        4178         190       8960.9452
       190004178006413        4178         190       8960.9452
       190004178006416        4178         190       8960.9452
       190004178008970        4178         190       8960.9452
       190004178009875        4178         190       8960.9452
       190004178012148        4178         190       14850.520
       190004178012166        4178         190       14850.520
       190004178009047        4178         190       14850.520
       190004178006757        4178         190       14850.520
       190004178006770        4178         190       14850.520
       190004178007940        4178         190       14850.520
       191026044000012       26044         191       86557.333
       192000057002659          57         192       14850.520
       192000057000012          57         192       454.10000
       192016668000012       16668         192       31.181818
       192016668008077       16668         192       8960.9452
       192016668008092       16668         192       8960.9452
       192016668009465       16668         192       8960.9452
       192016668014152       16668         192       8960.9452
       192016668014501       16668         192       8960.9452
       192016668013675       16668         192       12053.750
       192016668015999       16668         192       14850.520
       192016668011752       16668         192       14850.520
       192016668013637       16668         192       14850.520
       192016668013659       16668         192       14850.520
       194000624000012         624         194       17297.000
       194020303000012       20303         194       21260.895
       196016973000012       16973         196       55229.950
       198024164000012       24164         198       65682.200
       200000070009869          70         200       14850.520
       200000070009968          70         200       14850.520
       200000070010547          70         200       14850.520
       200000070011108          70         200       14850.520
       200000070009556          70         200       14850.520
       200000070009593          70         200       14850.520
       200000070009578          70         200       14850.520
       200000070009577          70         200       8960.9452
       200000070009999          70         200       8960.9452
       200000070010020          70         200       8960.9452
       200000070000012          70         200       31.181818
       200000070009549          70         200       8960.9452
       200000070009551          70         200       8960.9452
       200000976000012         976         200       21260.895
       201010839000012       10839         201       1992.7500
       201010839000908       10839         201       8960.9452
       202000092000012          92         202       4153.5833
       206001202000012        1202         206       21260.895
       206004002000012        4002         206       55229.950
       211001368000012        1368         211       55229.950
       217004353000012        4353         217       17297.000
       217009412000012        9412         217       86557.333
       219000079003527          79         219       65682.200
       219000079002575          79         219       65682.200
       219000079000641          79         219       454.10000
       221005475000012        5475         221       4153.5833
       223000587000012         587         223       17297.000
       223003264000012        3264         223       55229.950
       224021725000012       21725         224       86557.333
       229002732042774        2732         229       65682.200
       229002732042774        2732         229       65682.200
       229002732023882        2732         229       8960.9452
       229002732025240        2732         229       8960.9452
       229002732025240        2732         229       8960.9452
       229002732025953        2732         229       8960.9452
       229002732025953        2732         229       8960.9452
       229002732025976        2732         229       8960.9452
       229002732025976        2732         229       8960.9452
       229002732026014        2732         229       8960.9452
       229002732026014        2732         229       8960.9452
       229002732026702        2732         229       8960.9452
       229002732026702        2732         229       8960.9452
       229002732026883        2732         229       8960.9452
       229002732026883        2732         229       8960.9452
       229002732030546        2732         229       8960.9452
       229002732030546        2732         229       8960.9452
       229002732039573        2732         229       8960.9452
       229002732039573        2732         229       8960.9452
       229002732042678        2732         229       8960.9452
       229002732042678        2732         229       8960.9452
       229002732045884        2732         229       8960.9452
       229002732026799        2732         229       8960.9452
       229002732026799        2732         229       8960.9452
       229002732000012        2732         229       5.3333333
       229002732000012        2732         229       5.3333333
       229002732023882        2732         229       8960.9452
       229002732023263        2732         229       8960.9452
       229002732023263        2732         229       8960.9452
       229002732023308        2732         229       8960.9452
       229002732023308        2732         229       8960.9452
       229002732023831        2732         229       8960.9452
       229002732023831        2732         229       8960.9452
       229002732023862        2732         229       14850.520
       229002732023862        2732         229       14850.520
       229002732023811        2732         229       14850.520
       229002732023811        2732         229       14850.520
       229002732023285        2732         229       14850.520
       229002732023285        2732         229       14850.520
       229002732023202        2732         229       14850.520
       229002732023202        2732         229       14850.520
       229002732023223        2732         229       14850.520
       229002732023223        2732         229       14850.520
       229002732023229        2732         229       14850.520
       229002732023229        2732         229       14850.520
       229002732023221        2732         229       10141.021
       229002732023221        2732         229       10141.021
       229002732023222        2732         229       10141.021
       229002732023222        2732         229       10141.021
       229002732028040        2732         229       10141.021
       229002732028040        2732         229       10141.021
       229002732026709        2732         229       10141.021
       229002732026709        2732         229       10141.021
       229002732026807        2732         229       14850.520
       229002732026807        2732         229       14850.520
       229002732026858        2732         229       14850.520
       229002732026858        2732         229       14850.520
       229002732046019        2732         229       14850.520
       229002732044194        2732         229       14850.520
       229002732025284        2732         229       14850.520
       229002732025284        2732         229       14850.520
       229002732028060        2732         229       14850.520
       229002732028060        2732         229       14850.520
       229002732029145        2732         229       14850.520
       229002732029145        2732         229       14850.520
       229002732029178        2732         229       14850.520
       229002732029178        2732         229       14850.520
       229002732042723        2732         229       14850.520
       229002732042723        2732         229       14850.520
       230002998000012        2998         230       4153.5833
       239023372021891       23372         239       8960.9452
       239023372022084       23372         239       8960.9452
       239023372014055       23372         239       31.181818
       239023372024606       23372         239       14850.520
       239023372021326       23372         239       14850.520
       239023372021705       23372         239       14850.520
       239023372021721       23372         239       14850.520
       239023372021355       23372         239       8960.9452
       239023372021367       23372         239       14850.520
       239023372021345       23372         239       14850.520
       242001892000012        1892         242       86557.333
       243000135000012         135         243       964.55556
       243010929000012       10929         243       358.16667
       243010929002581       10929         243       8960.9452
       248000048056548          48         248       8960.9452
       248000048058545          48         248       8960.9452
       248000048055185          48         248       8960.9452
       248000048055212          48         248       8960.9452
       248000048055239          48         248       8960.9452
       248000048038064          48         248       9.4000000
       248000048054301          48         248       8960.9452
       248000048054294          48         248       8960.9452
       248000048054285          48         248       8960.9452
       248000048056046          48         248       14850.520
       248000048056509          48         248       14850.520
       248000048056535          48         248       14850.520
       248000048055215          48         248       14850.520
       248000048059191          48         248       14850.520
       248000048055990          48         248       65682.200
       248000048054304          48         248       65682.200
       248000048054300          48         248       14850.520
       248000109000463         109         248       10141.021
       248000109000012         109         248       4768.3333
       249011829000012       11829         249       1992.7500
       250010992000012       10992         250       55229.950
       251000157000012         157         251       7158.0000
       251000157000259         157         251       8960.9452
       257000954000055         954         257       8960.9452
       257000954000012         954         257       17297.000
       260001966000171        1966         260       964.55556
       260002216000012        2216         260       7158.0000
       268000067000012          67         268       17297.000
       268003888000012        3888         268       55229.950
       270008888004967        8888         270       8960.9452
       270008888004979        8888         270       8960.9452
       270008888005643        8888         270       8960.9452
       270008888005690        8888         270       8960.9452
       270008888000012        8888         270       73.500000
       270008888004918        8888         270       8960.9452
       270008888004906        8888         270       10141.021
       270018045000012       18045         270       65682.200
       271010707000012       10707         271       4768.3333
       271011390000012       11390         271       21260.895
       277000000000247           0         277       8960.9452
       277000000000012           0         277       4153.5833
       277000055006633          55         277       8960.9452
       277000055007536          55         277       8960.9452
       277000055007950          55         277       8960.9452
       277000055008995          55         277       8960.9452
       277000055009521          55         277       8960.9452
       277000055000012          55         277       31.181818
       277000055006177          55         277       8960.9452
       277000055006172          55         277       8960.9452
       277000055007968          55         277       14850.520
       277000055007546          55         277       14850.520
       277000055007739          55         277       14850.520
       282004950012174        4950         282       14850.520
       282004950012144        4950         282       10141.021
       282004950011155        4950         282       10141.021
       282004950011161        4950         282       8960.9452
       282004950011668        4950         282       86557.333
       283003578000012        3578         283       39495.353
       293000360000012         360         293       7158.0000
       296003848000012        3848         296       454.10000
       296003848001383        3848         296       14850.520
       298004610000012        4610         298       86557.333
       302000117000012         117         302       4153.5833
       303002841000012        2841         303       14850.520
       303006143000012        6143         303       17297.000
       308003749000012        3749         308       21260.895
       309002267000012        2267         309       21260.895
       311001701001988        1701         311       14850.520
       311001701000012        1701         311       358.16667
       312003544000012        3544         312       65682.200
       314000315000012         315         314       10379.357
       320002258000012        2258         320       39495.353
       326005725000012        5725         326       14850.520
       328011816008271       11816         328       14850.520
       328011816007005       11816         328       14850.520
       328011816005924       11816         328       14850.520
       328011816005023       11816         328       8960.9452
       328011816005086       11816         328       10141.021
       328011816000012       11816         328       9.4000000
       328011816008294       11816         328       8960.9452
       328011816005948       11816         328       8960.9452
       328011816007026       11816         328       8960.9452
       328011816005069       11816         328       14850.520
       328011816005041       11816         328       14850.520
       328011816005035       11816         328       14850.520
       328011816005007       11816         328       14850.520
       328011816004987       11816         328       14850.520
       330008482000030        8482         330       8960.9452
       330008482000012        8482         330       10141.021
       334006337001239        6337         334       14850.520
       334006337000932        6337         334       8960.9452
       334006337000012        6337         334       454.10000
       337000911000012         911         337       21260.895
       337018272000012       18272         337       39495.353
       338001899000012        1899         338       55229.950
       338003108000012        3108         338       86557.333
       339000174000012         174         339       4153.5833
       342000102000012         102         342       964.55556
       342000102001282         102         342       8960.9452
       342000102001772         102         342       14850.520
       342000102001262         102         342       14850.520
       342000102001178         102         342       8960.9452
       342000102001207         102         342       10141.021
       342017418000012       17418         342       86557.333
       343000745000012         745         343       17297.000
       347000127003671         127         347       10141.021
       347000127003884         127         347       8960.9452
       347000127000012         127         347       358.16667
       349011322000012       11322         349       964.55556
       349011322001115       11322         349       8960.9452
       349011322000860       11322         349       8960.9452
       349011322001428       11322         349       14850.520
       349011322000938       11322         349       14850.520
       349011322000950       11322         349       14850.520
       352012935000012       12935         352       1992.7500
       354014691000012       14691         354       86557.333
       356000190000012         190         356       7158.0000
       356002129000012        2129         356       55229.950
       359000103011164         103         359       14850.520
       359000103011272         103         359       14850.520
       359000103011948         103         359       14850.520
       359000103011994         103         359       14850.520
       359000103012766         103         359       14850.520
       359000103012678         103         359       14850.520
       359000103012702         103         359       14850.520
       359000103018566         103         359       14850.520
       359000103019356         103         359       14850.520
       359000103020090         103         359       14850.520
       359000103000012         103         359       9.4000000
       359000103011202         103         359       10141.021
       359000103011223         103         359       8960.9452
       359000103011194         103         359       8960.9452
       359000103011201         103         359       8960.9452
       359000103012669         103         359       8960.9452
       359000103012729         103         359       8960.9452
       359000103012748         103         359       8960.9452
       359000103012779         103         359       8960.9452
       359000103013878         103         359       8960.9452
       359000103013895         103         359       8960.9452
       359000103014547         103         359       8960.9452
       359000103014557         103         359       8960.9452
       359000103015842         103         359       8960.9452
       359000103012014         103         359       10141.021
       359000185000012         185         359       7158.0000
       360012864000043       12864         360       14850.520
       360012864000012       12864         360       86557.333
       361009776008163        9776         361       14850.520
       361009776009824        9776         361       14850.520
       361009776005758        9776         361       14850.520
       361009776000012        9776         361       31.181818
       361009776006799        9776         361       8960.9452
       361009776007586        9776         361       8960.9452
       361009776006572        9776         361       12053.750
       361009830000012        9830         361       4768.3333
       361010698000012       10698         361       17297.000
       362000117006420         117         362       14850.520
       362000117006715         117         362       14850.520
       362000117000012         117         362       31.181818
       362000117006551         117         362       8960.9452
       362000117006389         117         362       8960.9452
       362000121005341         121         362       10141.021
       362000121000012         121         362       73.500000
       362000121005998         121         362       14850.520
       362000121006649         121         362       14850.520
       363005039000012        5039         363       86557.333
       363005733000012        5733         363       65682.200
       365005795000012        5795         365       65682.200
       367000374000177         374         367       14850.520
       367000374000012         374         367       10379.357
       368001052000012        1052         368       86557.333
       377005429000012        5429         377       14850.520
       379000133000012         133         379       454.10000
       379024264000012       24264         379       10379.357
       379024264000181       24264         379       14850.520
       388000049041101          49         388       14850.520
       388000049041101          49         388       14850.520
       388000049042971          49         388       14850.520
       388000049042971          49         388       14850.520
       388000049041175          49         388       14850.520
       388000049041175          49         388       14850.520
       388000049041187          49         388       14850.520
       388000049041187          49         388       14850.520
       388000049041119          49         388       14850.520
       388000049041119          49         388       14850.520
       388000049046600          49         388       14850.520
       388000049064092          49         388       14850.520
       388000049063942          49         388       14850.520
       388000049058652          49         388       14850.520
       388000049058652          49         388       14850.520
       388000049043070          49         388       14850.520
       388000049043070          49         388       14850.520
       388000049045094          49         388       14850.520
       388000049045094          49         388       14850.520
       388000049045105          49         388       14850.520
       388000049045105          49         388       14850.520
       388000049045120          49         388       14850.520
       388000049045120          49         388       14850.520
       388000049046600          49         388       14850.520
       388000049051090          49         388       14850.520
       388000049051090          49         388       14850.520
       388000049051151          49         388       14850.520
       388000049051151          49         388       14850.520
       388000049051190          49         388       14850.520
       388000049051190          49         388       14850.520
       388000049053743          49         388       14850.520
       388000049053743          49         388       14850.520
       388000049053779          49         388       14850.520
       388000049053779          49         388       14850.520
       388000049055534          49         388       14850.520
       388000049055534          49         388       14850.520
       388000049057310          49         388       14850.520
       388000049057310          49         388       14850.520
       388000049041124          49         388       65682.200
       388000049041124          49         388       65682.200
       388000049041153          49         388       65682.200
       388000049041153          49         388       65682.200
       388000049041072          49         388       65682.200
       388000049041072          49         388       65682.200
       388000049053803          49         388       65682.200
       388000049053803          49         388       65682.200
       388000049064032          49         388       65682.200
       388000049064054          49         388       65682.200
       388000049042956          49         388       10141.021
       388000049042956          49         388       10141.021
       388000049041042          49         388       10141.021
       388000049041042          49         388       10141.021
       388000049046666          49         388       10141.021
       388000049046666          49         388       10141.021
       388000049053766          49         388       8960.9452
       388000049053766          49         388       8960.9452
       388000049042988          49         388       8960.9452
       388000049042988          49         388       8960.9452
       388000049043001          49         388       8960.9452
       388000049043001          49         388       8960.9452
       388000049043008          49         388       8960.9452
       388000049043008          49         388       8960.9452
       388000049043066          49         388       8960.9452
       388000049043066          49         388       8960.9452
       388000049041070          49         388       8960.9452
       388000049041070          49         388       8960.9452
       388000049041030          49         388       8960.9452
       388000049041030          49         388       8960.9452
       388000049041118          49         388       8960.9452
       388000049041118          49         388       8960.9452
       388000049041121          49         388       8960.9452
       388000049041121          49         388       8960.9452
       388000049058639          49         388       8960.9452
       388000049058639          49         388       8960.9452
       388000049059790          49         388       8960.9452
       388000049059790          49         388       8960.9452
       388000049059853          49         388       8960.9452
       388000049059853          49         388       8960.9452
       388000049000012          49         388       1.5000000
       388000049000012          49         388       1.5000000
       388000394000012         394         388       21260.895
       388013810000012       13810         388       86557.333
       391000934000012         934         391       39495.353
       394001258000012        1258         394       21260.895
       395000784000012         784         395       17297.000
       401013198000012       13198         401       10379.357
       403016734000012       16734         403       8960.9452
       407000629000012         629         407       4768.3333
       411001351000012        1351         411       39495.353
       411020127000012       20127         411       86557.333
       415000123001909         123         415       14850.520
       415000123001790         123         415       8960.9452
       415000123005985         123         415       8960.9452
       416021445000012       21445         416       10379.357
       418000063084214          63         418       8960.9452
       418000063084890          63         418       8960.9452
       418000063086318          63         418       8960.9452
       418000063075673          63         418       9.4000000
       418000063086348          63         418       8960.9452
       418000063087035          63         418       8960.9452
       418000063086340          63         418       14850.520
       418000063084946          63         418       14850.520
       418000063084833          63         418       14850.520
       418000063089607          63         418       14850.520
       418000063086298          63         418       14850.520
       418000063092319          63         418       39495.353
       418000063085455          63         418       86557.333
       418000063084912          63         418       65682.200
       419000194000012         194         419       7158.0000
       419000428000012         428         419       17297.000
       421006370006243        6370         421       14850.520
       421006370006165        6370         421       65682.200
       421006370000012        6370         421       73.500000
       421006370007957        6370         421       8960.9452
       421006370006050        6370         421       8960.9452
       421006370006148        6370         421       8960.9452
       421006370006049        6370         421       10141.021
       427000172000573         172         427       8960.9452
       427000172000012         172         427       1992.7500
       427000172000554         172         427       14850.520
       427000173000012         173         427       1992.7500
       429017014000012       17014         429       21260.895
       429020433000012       20433         429       86557.333
       431000183025218         183         431       14850.520
       431000183021570         183         431       14850.520
       431000183021585         183         431       14850.520
       431000183021588         183         431       14850.520
       431000183022014         183         431       14850.520
       431000183012566         183         431       9.4000000
       431000183022041         183         431       8960.9452
       431000183023572         183         431       8960.9452
       431000183023597         183         431       8960.9452
       431000183024460         183         431       8960.9452
       431000183025211         183         431       8960.9452
       431000183022046         183         431       12053.750
       431000493000012         493         431       10379.357
       436000076006805          76         436       10141.021
       436000076007133          76         436       8960.9452
       436000076007625          76         436       8960.9452
       436000076009206          76         436       8960.9452
       436000076000012          76         436       31.181818
       436000076006808          76         436       14850.520
       436000076006996          76         436       14850.520
       436000076006797          76         436       14850.520
       436000076007431          76         436       14850.520
       436000198000012         198         436       4153.5833
       436017494000012       17494         436       9.4000000
       436017494017542       17494         436       8960.9452
       436017494017552       17494         436       8960.9452
       436017494017578       17494         436       8960.9452
       436017494017589       17494         436       8960.9452
       436017494018597       17494         436       8960.9452
       436017494022202       17494         436       8960.9452
       436017494025542       17494         436       8960.9452
       436017494012071       17494         436       8960.9452
       436017494012023       17494         436       8960.9452
       436017494012032       17494         436       8960.9452
       436017494012056       17494         436       8960.9452
       436017494011989       17494         436       8960.9452
       436017494019698       17494         436       8960.9452
       436017494019711       17494         436       8960.9452
       436017494012016       17494         436       10141.021
       436017494012018       17494         436       10141.021
       436017494012076       17494         436       10141.021
       436017494028507       17494         436       14850.520
       436017494028544       17494         436       14850.520
       436017494028571       17494         436       14850.520
       436017494022222       17494         436       14850.520
       436017494023195       17494         436       14850.520
       436017494025415       17494         436       14850.520
       436017494025509       17494         436       14850.520
       436017494018619       17494         436       14850.520
       436017494018651       17494         436       14850.520
       436017494019273       17494         436       14850.520
       436017494019332       17494         436       14850.520
       436017494017594       17494         436       14850.520
       436017494019774       17494         436       14850.520
       436017494012070       17494         436       14850.520
       440005128000012        5128         440       86557.333
       441005111000012        5111         441       65682.200
       443000145009380         145         443       14850.520
       443000145008627         145         443       14850.520
       443000145007931         145         443       14850.520
       443000145008383         145         443       14850.520
       443000145007914         145         443       10141.021
       443000145007950         145         443       8960.9452
       443000145008378         145         443       8960.9452
       443000145009951         145         443       8960.9452
       443000145008397         145         443       8960.9452
       443000145008631         145         443       8960.9452
       443000145007912         145         443       8960.9452
       443000145000012         145         443       31.181818
       450011450000012       11450         450       65682.200
       454002990000012        2990         454       55229.950
       454020925000012       20925         454       454.10000
       454020925002606       20925         454       8960.9452
       454020925002617       20925         454       14850.520
       454020925002533       20925         454       14850.520
       465002269000012        2269         465       17297.000
       468008874000012        8874         468       65682.200
       469000125004615         125         469       65682.200
       469000125003986         125         469       8960.9452
       469000125000144         125         469       358.16667
       469007254000012        7254         469       86557.333
       471002069000012        2069         471       39495.353
       472001157000012        1157         472       21260.895
       472004071000012        4071         472       86557.333
       476000106000012         106         476       4768.3333
       479027937000012       27937         479       10379.357
       480002881000012        2881         480       55229.950
       483017782000012       17782         483       55229.950
       485000967000012         967         485       55229.950
       489020434000012       20434         489       73.500000
       489020434003606       20434         489       8960.9452
       489020434005286       20434         489       8960.9452
       489020434005453       20434         489       8960.9452
       489020790000012       20790         489       17297.000
       492000292000012         292         492       10379.357
       495000788000012         788         495       21260.895
       499013545000012       13545         499       65682.200
       499013545000047       13545         499       8960.9452
       503000447000012         447         503       7158.0000
       507000611000012         611         507       10379.357
       508024205000012       24205         508       17297.000
       510001414000012        1414         510       21260.895
