        1128
              89000024          89           0       2253.7368
         2005168000024        5168           2       20601.000
         2005646000024        5646           2       20601.000
         3005116000024        5116           3       38020.310
         5000137000327         137           5       16840.605
         5000137000233         137           5       16840.605
         5000137000024         137           5       2936.6250
         5000137000249         137           5       11451.110
         5022668000235       22668           5       11451.110
         5022668000024       22668           5       1004.1364
         7001248000024        1248           7       20601.000
         8000027000981          27           8       16840.605
         8000027001002          27           8       16840.605
         8000027001216          27           8       16840.605
         8000027001231          27           8       16840.605
         8000027000446          27           8       1004.1364
         8004027000024        4027           8       38020.310
         8007746000024        7746           8       11451.110
         8014672000024       14672           8       16840.605
        11000081014134          81          11       16840.605
        11000081014122          81          11       11451.110
        11000081014115          81          11       11924.350
        11000081012479          81          11       27.074074
        11002406000024        2406          11       20601.000
        12000756000024         756          12       33749.417
        13004178000024        4178          13       16840.605
        13013212000314       13212          13       16840.605
        13013212000292       13212          13       16840.605
        13013212000024       13212          13       1004.1364
        13013639000024       13639          13       8474.7800
        14014837000024       14837          14       33749.417
        15000146001517         146          15       38020.310
        15000146000278         146          15       16840.605
        15000146000024         146          15       2241.6286
        15009740000024        9740          15       2936.6250
        16000070000024          70          16       2936.6250
        16000070000185          70          16       11451.110
        16000070000170          70          16       11451.110
        16013921000024       13921          16       20601.000
        18000060000024          60          18       8474.7800
        18001178002179        1178          18       11451.110
        18001178002189        1178          18       11451.110
        18001178001504        1178          18       11451.110
        18001178002046        1178          18       11451.110
        18001178001255        1178          18       11451.110
        18001178000024        1178          18       102.47619
        18001178002057        1178          18       16840.605
        18001178002254        1178          18       16840.605
        18001178002321        1178          18       16840.605
        18001178002368        1178          18       16840.605
        18001178002657        1178          18       16840.605
        20009224000024        9224          20       20601.000
        21002657000024        2657          21       20601.000
        22023124000024       23124          22       16840.605
        27015777000024       15777          27       8474.7800
        28000416000024         416          28       8474.7800
        28000416000141         416          28       16840.605
        29003694000024        3694          29       38020.310
        30004668001256        4668          30       11451.110
        30004668000597        4668          30       11451.110
        30004668000024        4668          30       204.44000
        32015999006524       15999          32       27.074074
        33012813000024       12813          33       2241.6286
        33012813000191       12813          33       16840.605
        34000132000024         132          34       2936.6250
        34010921000024       10921          34       6480.5000
        34010921000074       10921          34       16840.605
        35008009000024        8009          35       8474.7800
        37014519000024       14519          37       27.074074
        37019734000024       19734          37       16840.605
        38000171000024         171          38       2241.6286
        38014452031433       14452          38       2241.6286
        38016277000024       16277          38       20601.000
        39000131000024         131          39       2936.6250
        42000607000024         607          42       20601.000
        43001393000248        1393          43       16840.605
        43001393000024        1393          43       2936.6250
        43006351000024        6351          43       38020.310
        44003126000024        3126          44       20601.000
        44013885000577       13885          44       2936.6250
        45000189000024         189          45       2936.6250
        46006357000024        6357          46       33749.417
        46006704000024        6704          46       16840.605
        47000541000024         541          47       38020.310
        48000022065163          22          48       2241.6286
        51020929000024       20929          51       16840.605
        52020623000024       20623          52       16840.605
        54025446000024       25446          54       38020.310
        55016661000205       16661          55       6480.5000
        56011988000024       11988          56       1004.1364
        60000084001283          84          60       2241.6286
        60000084001447          84          60       11451.110
        60001158000024        1158          60       8474.7800
        62001921000024        1921          62       33749.417
        62012796000024       12796          62       33749.417
        63011963000024       11963          63       2253.7368
        67005778000063        5778          67       204.44000
        67005778000874        5778          67       11451.110
        67005778000865        5778          67       11451.110
        67005778000722        5778          67       38020.310
        67005778000730        5778          67       38020.310
        67005778000960        5778          67       16840.605
        67005778001147        5778          67       16840.605
        67005778000724        5778          67       16840.605
        69001689000024        1689          69       38020.310
        71000081008816          81          71       16840.605
        71000081008806          81          71       16840.605
        71000081008506          81          71       16840.605
        71000081008500          81          71       16840.605
        71000081008522          81          71       16840.605
        71000081008409          81          71       16840.605
        71000081009351          81          71       16840.605
        71000081008414          81          71       11451.110
        71000081008706          81          71       11451.110
        71000081008681          81          71       11451.110
        71000081008415          81          71       11451.110
        71000081009368          81          71       11451.110
        71000081009374          81          71       11451.110
        71000081007472          81          71       102.47619
        71001078000024        1078          71       15406.596
        71007162000024        7162          71       16840.605
        72000169000024         169          72       2241.6286
        72000169000177         169          72       11451.110
        73000063002560          63          73       11451.110
        73000063003121          63          73       11924.350
        73000063000024          63          73       204.44000
        73000063002095          63          73       16840.605
        73000063002382          63          73       16840.605
        73000063002442          63          73       16840.605
        73000063001278          63          73       16840.605
        73000063000688          63          73       16840.605
        73000063001378          63          73       38020.310
        73000063001309          63          73       38020.310
        73000063001298          63          73       38020.310
        74006086000024        6086          74       15406.596
        75002363000024        2363          75       38020.310
        75016170000024       16170          75       15406.596
        76000039000024          39          76       441.28000
        76019370000024       19370          76       33749.417
        77000846000024         846          77       8474.7800
        79000166001642         166          79       11451.110
        79000166000024         166          79       2253.7368
        79000166000189         166          79       16840.605
        80010400000287       10400          80       33749.417
        80010426000024       10426          80       2936.6250
        85001196000024        1196          85       20601.000
        86005448000024        5448          86       16840.605
        86022319000024       22319          86       15406.596
        88005055000024        5055          88       8474.7800
        89008971000024        8971          89       38020.310
        90002862000024        2862          90       20601.000
        91025087000024       25087          91       15406.596
        91025087000059       25087          91       16840.605
        91025323000860       25323          91       16840.605
        91025323000830       25323          91       38020.310
        91025323000113       25323          91       204.44000
        93000110000024         110          93       27.074074
        93000110001612         110          93       38020.310
        93000110001621         110          93       16840.605
        93000110001573         110          93       16840.605
        93000110001583         110          93       16840.605
        93000110001606         110          93       16840.605
        94020989000024       20989          94       20601.000
        95004090000024        4090          95       33749.417
        96016363000024       16363          96       16840.605
        97011467000024       11467          97       11451.110
        97018990000024       18990          97       2241.6286
       100000060000024          60         100       2253.7368
       101000267000024         267         101       2936.6250
       102000891000024         891         102       8474.7800
       102001721000024        1721         102       33749.417
       103018778000024       18778         103       2241.6286
       107000119000024         119         107       102.47619
       107000119001264         119         107       11451.110
       107000119001773         119         107       16840.605
       107000119001888         119         107       16840.605
       107000171000024         171         107       2253.7368
       107000297000024         297         107       2241.6286
       108013417000024       13417         108       16840.605
       109019130000411       19130         109       16840.605
       109019130000281       19130         109       2241.6286
       109022233000024       22233         109       33749.417
       110010599001152       10599         110       38020.310
       110010599000024       10599         110       102.47619
       110010599001292       10599         110       11451.110
       110010599001604       10599         110       11451.110
       111000817000024         817         111       33749.417
       113002686000024        2686         113       33749.417
       114014958002075       14958         114       16840.605
       114014958001923       14958         114       2241.6286
       114015699000024       15699         114       15406.596
       115000223000024         223         115       8474.7800
       115000223000073         223         115       11451.110
       116010378001065       10378         116       8474.7800
       116010425000024       10425         116       2241.6286
       116010554000024       10554         116       2936.6250
       117001552000024        1552         117       20601.000
       117004463000024        4463         117       38020.310
       118004015000024        4015         118       38020.310
       120006028000024        6028         120       2936.6250
       121011856000024       11856         121       2936.6250
       121011856000136       11856         121       16840.605
       123009113000024        9113         123       16840.605
       124011182000024       11182         124       20601.000
       125010251000389       10251         125       16840.605
       125010251000647       10251         125       16840.605
       125010251000639       10251         125       16840.605
       125010251000403       10251         125       16840.605
       125010251001145       10251         125       16840.605
       125010251000024       10251         125       441.28000
       125010251000476       10251         125       11451.110
       125010251000683       10251         125       11451.110
       125010251000654       10251         125       11451.110
       126000143000024         143         126       2936.6250
       126003740039978        3740         126       441.28000
       126003740040699        3740         126       16840.605
       126008551000024        8551         126       33749.417
       126008551000038        8551         126       11451.110
       127015937001972       15937         127       11451.110
       127015937001713       15937         127       11451.110
       127015937001558       15937         127       11451.110
       127015937000024       15937         127       102.47619
       128008221000024        8221         128       1004.1364
       128008221000382        8221         128       11451.110
       128008221000328        8221         128       11451.110
       128008221000326        8221         128       11451.110
       128008221000757        8221         128       11924.350
       128008221000657        8221         128       38020.310
       128009666000024        9666         128       15406.596
       129000078002087          78         129       16840.605
       129000078001910          78         129       11451.110
       129000078001714          78         129       1004.1364
       131003561000024        3561         131       102.47619
       131003561001139        3561         131       11451.110
       131003561001001        3561         131       11451.110
       131003561000950        3561         131       11451.110
       131003561000942        3561         131       11451.110
       131003561001229        3561         131       11451.110
       131003561001705        3561         131       11451.110
       131004341000024        4341         131       8474.7800
       132022390000486       22390         132       11451.110
       132022390000453       22390         132       11924.350
       132022390000024       22390         132       2241.6286
       132022390000472       22390         132       16840.605
       132022390000149       22390         132       16840.605
       133000065000557          65         133       16840.605
       133000065000090          65         133       1004.1364
       133000065000544          65         133       11451.110
       133000065000506          65         133       11451.110
       133000339000024         339         133       6480.5000
       133001349000024        1349         133       15406.596
       134000469000024         469         134       15406.596
       135000042011630          42         135       2253.7368
       135000042011852          42         135       11451.110
       135007149000800        7149         135       20601.000
       136019479000024       19479         136       16840.605
       137005975000060        5975         137       33749.417
       138000712000024         712         138       2936.6250
       138004292000024        4292         138       38020.310
       141005428010394        5428         141       27.074074
       142009523000024        9523         142       6480.5000
       144009949000024        9949         144       27.074074
       144009949001557        9949         144       11451.110
       144009949001596        9949         144       38020.310
       144009949001582        9949         144       16840.605
       144009949001574        9949         144       16840.605
       144009949001570        9949         144       16840.605
       144009949001564        9949         144       16840.605
       145005751000024        5751         145       6480.5000
       146000030000024          30         146       441.28000
       146007938000024        7938         146       6480.5000
       148000047000024          47         148       27.074074
       148000047001525          47         148       16840.605
       148000047001703          47         148       16840.605
       148001661000024        1661         148       15406.596
       149000356000024         356         149       2241.6286
       150000331000024         331         150       8474.7800
       151000152002921         152         151       2253.7368
       151000176000024         176         151       1004.1364
       151000176000538         176         151       11451.110
       151000176000472         176         151       11451.110
       151000176000460         176         151       11451.110
       151000176000478         176         151       16840.605
       151000176000458         176         151       21932.000
       151000176000592         176         151       16840.605
       151000264001057         264         151       16840.605
       151000264000866         264         151       2241.6286
       151025706004451       25706         151       102.47619
       151025706005632       25706         151       16840.605
       152019630000024       19630         152       6480.5000
       153000438000024         438         153       6480.5000
       153000454000024         454         153       6480.5000
       153005537000024        5537         153       16840.605
       153006064000024        6064         153       38020.310
       154002249000024        2249         154       33749.417
       154003415000024        3415         154       16840.605
       155000198000024         198         155       2241.6286
       157001195000024        1195         157       20601.000
       158004270000056        4270         158       2936.6250
       158004386000024        4386         158       2936.6250
       158006055000024        6055         158       38020.310
       159000592000024         592         159       8474.7800
       159002692000024        2692         159       33749.417
       160001591000024        1591         160       15406.596
       160003100000046        3100         160       16840.605
       160003100000024        3100         160       33749.417
       161000101000250         101         161       11451.110
       161000101000024         101         161       2253.7368
       161000122000024         122         161       2253.7368
       162000097000024          97         162       1004.1364
       163016487000024       16487         163       2936.6250
       163016806000024       16806         163       6480.5000
       163019789000024       19789         163       38020.310
       164012790000024       12790         164       1004.1364
       164013951000024       13951         164       20601.000
       165012550000024       12550         165       2936.6250
       165012550000141       12550         165       11451.110
       165012550000164       12550         165       11924.350
       166008476000024        8476         166       15406.596
       169000045001218          45         169       11924.350
       169000045000881          45         169       16840.605
       169000045000649          45         169       11451.110
       169000045000813          45         169       11451.110
       169000045000932          45         169       11451.110
       169000045001166          45         169       11451.110
       169000045001361          45         169       11451.110
       169000045001373          45         169       11451.110
       169000045002829          45         169       11451.110
       169000045000024          45         169       204.44000
       169000054000024          54         169       1004.1364
       169000054001642          54         169       16840.605
       169000054000326          54         169       11924.350
       169000054001029          54         169       16840.605
       169000054000415          54         169       16840.605
       169000695000024         695         169       6480.5000
       172001288000024        1288         172       8474.7800
       175000163000625         163         175       11451.110
       175000163000024         163         175       441.28000
       175000163000628         163         175       11924.350
       175001654000024        1654         175       15406.596
       178016018000024       16018         178       20601.000
       180000255000024         255         180       2936.6250
       182000206000024         206         182       2241.6286
       182000316000024         316         182       2936.6250
       182000316000170         316         182       16840.605
       182005372000024        5372         182       38020.310
       184012697000333       12697         184       8474.7800
       190004818000024        4818         190       8474.7800
       190005636000024        5636         190       15406.596
       190028381000144       28381         190       11451.110
       190028381000024       28381         190       2241.6286
       191028323000024       28323         191       38020.310
       197000045000990          45         197       38020.310
       197000045000989          45         197       16840.605
       197000045000980          45         197       16840.605
       197000045000024          45         197       204.44000
       197003908000024        3908         197       33749.417
       197012817000024       12817         197       16840.605
       198000107000024         107         198       1004.1364
       198000107000370         107         198       11451.110
       198000107000839         107         198       11451.110
       198001352000024        1352         198       20601.000
       199001121000024        1121         199       15406.596
       199001121000064        1121         199       11451.110
       201011457000024       11457         201       15406.596
       201012118000024       12118         201       15406.596
       201012416000069       12416         201       16840.605
       202001918000024        1918         202       33749.417
       203006192000024        6192         203       16840.605
       203013977000024       13977         203       20601.000
       204011673001367       11673         204       16840.605
       204011673000441       11673         204       16840.605
       204011673000651       11673         204       16840.605
       204011673000545       11673         204       16840.605
       204011673000521       11673         204       11451.110
       204011673000431       11673         204       11451.110
       204011673000024       11673         204       441.28000
       205003127000024        3127         205       20601.000
       206002110000024        2110         206       20601.000
       206002110000044        2110         206       16840.605
       208003576000302        3576         208       16840.605
       208003576000213        3576         208       16840.605
       208003576000024        3576         208       2253.7368
       208003813000024        3813         208       2936.6250
       208004993000024        4993         208       15406.596
       209004954000024        4954         209       33749.417
       210000087001604          87         210       2253.7368
       211008907051947        8907         211       38020.310
       211008907051935        8907         211       16840.605
       211008909016030        8909         211       2241.6286
       211008909016226        8909         211       11451.110
       211025814000024       25814         211       8474.7800
       212019566001870       19566         212       20601.000
       212019580000024       19580         212       2936.6250
       213000142003125         142         213       27.074074
       213014649000024       14649         213       204.44000
       213014649001407       14649         213       11451.110
       213014649001148       14649         213       16840.605
       213014649001341       14649         213       38020.310
       213014649000576       14649         213       16840.605
       213014649001628       14649         213       11924.350
       214000165000024         165         214       2936.6250
       215006854017747        6854         215       27.074074
       215006861000024        6861         215       204.44000
       215006861001037        6861         215       16840.605
       216005329009115        5329         216       15406.596
       216005335000650        5335         216       16840.605
       216005335000707        5335         216       16840.605
       216005335000984        5335         216       38020.310
       216005335000024        5335         216       441.28000
       216005335001079        5335         216       11451.110
       216005335001089        5335         216       11451.110
       216005335000660        5335         216       11451.110
       216005335000801        5335         216       11924.350
       216006865000024        6865         216       20601.000
       218000064057201          64         218       16840.605
       218000064057168          64         218       16840.605
       218000064057160          64         218       16840.605
       218000064057155          64         218       16840.605
       218000064057018          64         218       16840.605
       218000064056914          64         218       16840.605
       218000064056910          64         218       16840.605
       218000064056998          64         218       11451.110
       218000064057006          64         218       11451.110
       218000064057968          64         218       11451.110
       218000064058874          64         218       11451.110
       218000064055159          64         218       102.47619
       219025198000024       25198         219       38020.310
       220009331001909        9331         220       16840.605
       220009331000957        9331         220       11451.110
       220009331001953        9331         220       11451.110
       222005340000064        5340         222       11451.110
       222005340000024        5340         222       15406.596
       223000890000024         890         223       8474.7800
       224000074003039          74         224       2253.7368
       224002267000024        2267         224       38020.310
       224019619000024       19619         224       1004.1364
       225000092000024          92         225       204.44000
       225000092001406          92         225       11451.110
       225000092001180          92         225       11451.110
       225000092001172          92         225       11451.110
       225000092001899          92         225       16840.605
       225000092001521          92         225       11924.350
       226000088000911          88         226       20601.000
       226000088000024          88         226       441.28000
       228005000000024        5000         228       102.47619
       228005000002253        5000         228       11451.110
       228005000002242        5000         228       11451.110
       228005000002112        5000         228       11451.110
       228005000002012        5000         228       11451.110
       228005000002121        5000         228       38020.310
       228005000002003        5000         228       16840.605
       231001043001819        1043         231       11451.110
       231001043000024        1043         231       441.28000
       231004067000024        4067         231       20601.000
       233000114000308         114         233       27.074074
       233005667000024        5667         233       38020.310
       234000705000024         705         234       20601.000
       234004166000024        4166         234       16840.605
       235016172000024       16172         235       33749.417
       237000258000024         258         237       2936.6250
       237014805000024       14805         237       6480.5000
       237015583000024       15583         237       20601.000
       238000289000024         289         238       2936.6250
       239002491000024        2491         239       33749.417
       239002531000024        2531         239       33749.417
       240000818000024         818         240       15406.596
       240013751000024       13751         240       20601.000
       241000058000731          58         241       33749.417
       241000058000768          58         241       16840.605
       241000058000725          58         241       16840.605
       241000058000024          58         241       441.28000
       241000058000787          58         241       11924.350
       241008843006159        8843         241       27.074074
       243011520000024       11520         243       8474.7800
       243011520000092       11520         243       16840.605
       244005057000024        5057         244       2241.6286
       245000188000024         188         245       441.28000
       245000188000807         188         245       16840.605
       245000773000024         773         245       6480.5000
       245011355000024       11355         245       38020.310
       246002465008822        2465         246       20601.000
       246002673000024        2673         246       2241.6286
       246002737000024        2737         246       2936.6250
       246002737000192        2737         246       11924.350
       246002737000147        2737         246       16840.605
       246009321000024        9321         246       38020.310
       246015808000024       15808         246       16840.605
       247000149001470         149         247       16840.605
       247000149000783         149         247       38020.310
       247000149000708         149         247       11924.350
       247000149001683         149         247       11924.350
       247000149001313         149         247       11451.110
       247000149000024         149         247       204.44000
       249011807000024       11807         249       27.074074
       249011807001880       11807         249       11451.110
       249011807001303       11807         249       11451.110
       249011807001346       11807         249       16840.605
       249013623000024       13623         249       20601.000
       251013627000024       13627         251       38020.310
       252011916000024       11916         252       2936.6250
       252013197000024       13197         252       20601.000
       258000426000024         426         258       2936.6250
       258001166000024        1166         258       8474.7800
       259004993000024        4993         259       33749.417
       260001952001510        1952         260       38020.310
       260001952001243        1952         260       16840.605
       260001952001235        1952         260       16840.605
       260001952001895        1952         260       16840.605
       260001952001908        1952         260       11451.110
       260001952001233        1952         260       11451.110
       260001952000024        1952         260       102.47619
       260001953000024        1953         260       27.074074
       260001981001404        1981         260       2936.6250
       260002201000024        2201         260       2936.6250
       260002201000102        2201         260       11451.110
       260002201000084        2201         260       11451.110
       262009507000024        9507         262       2241.6286
       262010925000024       10925         262       20601.000
       265000028001016          28         265       38020.310
       265000242000024         242         265       6480.5000
       265009421000024        9421         265       1004.1364
       265009421000332        9421         265       11451.110
       265009421001099        9421         265       11451.110
       265009421001661        9421         265       11451.110
       265009421001760        9421         265       11451.110
       265009421000770        9421         265       38020.310
       265009421000930        9421         265       38020.310
       266001346000227        1346         266       38020.310
       266001346000693        1346         266       16840.605
       266011761000024       11761         266       11451.110
       269007525000024        7525         269       20601.000
       270000703000044         703         270       16840.605
       270000703000024         703         270       33749.417
       270008915000328        8915         270       38020.310
       271000135002424         135         271       2241.6286
       271010635000024       10635         271       27.074074
       271010635002599       10635         271       16840.605
       271010635002588       10635         271       16840.605
       271010635002571       10635         271       16840.605
       271010635002566       10635         271       16840.605
       272000199000024         199         272       15406.596
       273013124002924       13124         273       16840.605
       273013124002936       13124         273       16840.605
       273013124002926       13124         273       38020.310
       273013124000024       13124         273       27.074074
       273013124002919       13124         273       11451.110
       273013373000024       13373         273       2936.6250
       273013373000102       13373         273       16840.605
       277000198000234         198         277       6480.5000
       277000198000309         198         277       11924.350
       278000086001733          86         278       11451.110
       278000086001079          86         278       11451.110
       278000086000790          86         278       11451.110
       278000086000906          86         278       11451.110
       278000086000859          86         278       11451.110
       278000086000024          86         278       204.44000
       278000086002583          86         278       16840.605
       278000086000911          86         278       16840.605
       278000086000924          86         278       16840.605
       278000086001095          86         278       16840.605
       278000086001721          86         278       16840.605
       278000086001743          86         278       16840.605
       278000086002100          86         278       38020.310
       278016679001174       16679         278       33749.417
       278016679001384       16679         278       16840.605
       278016679002816       16679         278       16840.605
       278016679001568       16679         278       16840.605
       278016679001533       16679         278       16840.605
       278016679000081       16679         278       102.47619
       278016679001529       16679         278       11451.110
       278016679001585       16679         278       11451.110
       278016679001169       16679         278       11451.110
       278016679001803       16679         278       11451.110
       278016679001810       16679         278       11451.110
       278016679002364       16679         278       11451.110
       278016826000024       16826         278       2241.6286
       280006610000024        6610         280       38020.310
       281000989000024         989         281       20601.000
       281001059000024        1059         281       15406.596
       282000129000024         129         282       6480.5000
       282005636000024        5636         282       6480.5000
       283001595000024        1595         283       102.47619
       283001595001099        1595         283       11451.110
       283001595000879        1595         283       11451.110
       283001595000760        1595         283       11451.110
       283001595000965        1595         283       16840.605
       283001595001453        1595         283       16840.605
       283001595000949        1595         283       16840.605
       283001595000887        1595         283       33749.417
       283002016000024        2016         283       6480.5000
       287001601000024        1601         287       8474.7800
       288000010000024          10         288       441.28000
       288000010001682          10         288       11451.110
       288000010002061          10         288       11924.350
       288000010000537          10         288       11924.350
       288000010001594          10         288       16840.605
       288000010001710          10         288       16840.605
       289001959000024        1959         289       33749.417
       291008903000024        8903         291       16840.605
       292002063003993        2063         292       16840.605
       292002063002042        2063         292       16840.605
       292002063001616        2063         292       16840.605
       292002063001234        2063         292       16840.605
       292002063001230        2063         292       16840.605
       292002063001209        2063         292       16840.605
       292002063003010        2063         292       38020.310
       292002063001217        2063         292       38020.310
       292002063001248        2063         292       11451.110
       292002063001204        2063         292       11451.110
       292002063000024        2063         292       27.074074
       293000734000024         734         293       8474.7800
       294001559000169        1559         294       15406.596
       294001988000024        1988         294       8474.7800
       294010773000024       10773         294       38020.310
       295002736000024        2736         295       8474.7800
       295012566000024       12566         295       38020.310
       296003851001546        3851         296       16840.605
       296003851000887        3851         296       16840.605
       296003851000439        3851         296       1004.1364
       296003851001312        3851         296       11451.110
       296028103000024       28103         296       2936.6250
       297000067000024          67         297       27.074074
       297000067001294          67         297       11451.110
       297000067001291          67         297       11451.110
       297000067001299          67         297       16840.605
       297000067001309          67         297       38020.310
       298000048003379          48         298       15406.596
       298000201000024         201         298       2936.6250
       299000389000024         389         299       2936.6250
       299000389000078         389         299       11451.110
       300006374000024        6374         300       20601.000
       300008667000024        8667         300       38020.310
       302008358000024        8358         302       15406.596
       305001071000024        1071         305       8474.7800
       305003048000024        3048         305       33749.417
       307000167000024         167         307       2241.6286
       311001694000024        1694         311       27.074074
       311001694001407        1694         311       11451.110
       311001694001420        1694         311       16840.605
       311001694001389        1694         311       16840.605
       312000135000547         135         312       11924.350
       312000135000269         135         312       11451.110
       312000135000536         135         312       11451.110
       312000135000190         135         312       11451.110
       312000135000180         135         312       11451.110
       312000135000024         135         312       2253.7368
       312000200000024         200         312       2936.6250
       312000200000123         200         312       11924.350
       312004283000024        4283         312       33749.417
       315012594000024       12594         315       33749.417
       318000815000024         815         318       8474.7800
       319000099000024          99         319       38020.310
       320000057000660          57         320       16840.605
       320000057001195          57         320       16840.605
       320000057001205          57         320       16840.605
       320000057001357          57         320       16840.605
       320000057000024          57         320       441.28000
       320000057000979          57         320       11451.110
       320000057002468          57         320       11451.110
       320000057000659          57         320       11451.110
       320000279000024         279         320       2241.6286
       320000967000024         967         320       8474.7800
       320000967000085         967         320       11451.110
       321001409000024        1409         321       11451.110
       321004356000024        4356         321       15406.596
       321006709000024        6709         321       38020.310
       322004562000817        4562         322       16840.605
       322004562000946        4562         322       16840.605
       322004562001250        4562         322       16840.605
       322004562000024        4562         322       441.28000
       324014452000024       14452         324       27.074074
       324014452002305       14452         324       11924.350
       324014452002271       14452         324       11451.110
       324014452002292       14452         324       11451.110
       324014452002181       14452         324       11451.110
       324014452002280       14452         324       16840.605
       324014452002496       14452         324       16840.605
       324014452002481       14452         324       16840.605
       324014452002185       14452         324       16840.605
       324014452002195       14452         324       16840.605
       324014452002167       14452         324       16840.605
       326000450000024         450         326       8474.7800
       327022119000024       22119         327       33749.417
       328011827001435       11827         328       16840.605
       328011827001132       11827         328       16840.605
       328011827001447       11827         328       11451.110
       328011827000921       11827         328       11451.110
       328011827000920       11827         328       11451.110
       328011827000024       11827         328       204.44000
       328013111000059       13111         328       11451.110
       328013111000024       13111         328       15406.596
       329028645000146       28645         329       15406.596
       330000317000211         317         330       2936.6250
       333012777000024       12777         333       33749.417
       335007237000024        7237         335       33749.417
       335019933000024       19933         335       16840.605
       336023368000024       23368         336       2936.6250
       337000145000024         145         337       2253.7368
       337000628000024         628         337       8474.7800
       337001020000024        1020         337       15406.596
       337001814000024        1814         337       15406.596
       337003992000039        3992         337       16840.605
       337003992000024        3992         337       38020.310
       337017749000181       17749         337       38020.310
       337017749000024       17749         337       2936.6250
       340012568000024       12568         340       16840.605
       340021677000024       21677         340       8474.7800
       342003115000024        3115         342       33749.417
       342014590000024       14590         342       8474.7800
       342015428000024       15428         342       20601.000
       343000126003505         126         343       2241.6286
       344002105000045        2105         344       11451.110
       344002105000048        2105         344       11451.110
       344002105000024        2105         344       33749.417
       344004799000024        4799         344       38020.310
       345024640000024       24640         345       6480.5000
       346000975000024         975         346       15406.596
       348009152000024        9152         348       2241.6286
       348009275000024        9275         348       2936.6250
       348009275000128        9275         348       11924.350
       349013476000024       13476         349       20601.000
       350000110000423         110         350       16840.605
       350000110000531         110         350       16840.605
       350000110000421         110         350       11451.110
       350000110000434         110         350       11451.110
       350000110000024         110         350       1004.1364
       350010687000024       10687         350       8474.7800
       351013229000024       13229         351       6480.5000
       352000670000067         670         352       16840.605
       352000670000024         670         352       15406.596
       352012925012201       12925         352       204.44000
       352012925013727       12925         352       11451.110
       352012925014049       12925         352       11451.110
       353014407002387       14407         353       11451.110
       353014407001147       14407         353       11924.350
       353014407000024       14407         353       102.47619
       353014407001176       14407         353       38020.310
       357019843004582       19843         357       15406.596
       357019843004615       19843         357       11451.110
       358000089000024          89         358       27.074074
       358000094000024          94         358       102.47619
       358000094001151          94         358       11451.110
       358000094001231          94         358       11451.110
       358000094001246          94         358       11451.110
       358000094001154          94         358       16840.605
       358000094001137          94         358       16840.605
       358000094001147          94         358       16840.605
       358000094001430          94         358       16840.605
       358018351003060       18351         358       15406.596
       360010193000024       10193         360       8474.7800
       360011950000024       11950         360       33749.417
       361010094000024       10094         361       2936.6250
       362025131000024       25131         362       102.47619
       362025131001424       25131         362       11451.110
       362025131001466       25131         362       11451.110
       362025131001816       25131         362       11451.110
       362025131002101       25131         362       11451.110
       362025131001291       25131         362       11924.350
       362025131001422       25131         362       11924.350
       362025131001698       25131         362       16840.605
       362025131001293       25131         362       16840.605
       362025131001305       25131         362       16840.605
       366000088003852          88         366       38020.310
       366000088004358          88         366       11451.110
       366000088003282          88         366       441.28000
       366000097000114          97         366       204.44000
       366000097001076          97         366       11451.110
       366000097001084          97         366       16840.605
       366000097001090          97         366       16840.605
       366000097001311          97         366       16840.605
       367000261000024         261         367       6480.5000
       367014417000024       14417         367       27.074074
       367014896000024       14896         367       6480.5000
       368010569001086       10569         368       8474.7800
       368011679000204       11679         368       20601.000
       369008812000024        8812         369       33749.417
       370004550000024        4550         370       6480.5000
       374000246000024         246         374       6480.5000
       374000246000153         246         374       16840.605
       374000905000024         905         374       8474.7800
       376000034000024          34         376       27.074074
       376000034002640          34         376       16840.605
       376000034002650          34         376       16840.605
       376000034002651          34         376       16840.605
       376000034002658          34         376       16840.605
       376000174000093         174         376       16840.605
       376000174000024         174         376       2241.6286
       376015077000024       15077         376       204.44000
       376015077001465       15077         376       11451.110
       376015077002403       15077         376       16840.605
       376015077001349       15077         376       16840.605
       376015077001453       15077         376       16840.605
       376015427000024       15427         376       8474.7800
       377000281000024         281         377       6480.5000
       377001646000024        1646         377       38020.310
       377002374000024        2374         377       33749.417
       377002649000069        2649         377       33749.417
       379000126000024         126         379       27.074074
       379000127000024         127         379       27.074074
       379000127002506         127         379       11924.350
       379000127002505         127         379       11451.110
       379000127002507         127         379       11451.110
       379000127003229         127         379       11451.110
       379000127002952         127         379       11451.110
       379000127002747         127         379       11451.110
       379000127002725         127         379       38020.310
       379000127002717         127         379       16840.605
       379000127002956         127         379       16840.605
       379000127002966         127         379       16840.605
       379000127002946         127         379       16840.605
       379000127003240         127         379       16840.605
       379000127003256         127         379       16840.605
       380000086002095          86         380       16840.605
       380000086002367          86         380       16840.605
       380000086002109          86         380       38020.310
       380000086002384          86         380       33749.417
       380000086002625          86         380       11451.110
       380000086002674          86         380       11451.110
       380000086002103          86         380       11451.110
       380000086002628          86         380       11924.350
       380000086000024          86         380       27.074074
       381002375000024        2375         381       15406.596
       386005186000024        5186         386       16840.605
       387000097009501          97         387       33749.417
       387000101000505         101         387       16840.605
       387001122000024        1122         387       20601.000
       387001122000051        1122         387       11451.110
       387021428000024       21428         387       11451.110
       388009801001047        9801         388       11451.110
       388009801001049        9801         388       11451.110
       388009801001181        9801         388       11924.350
       388009801000024        9801         388       204.44000
       388009801001560        9801         388       16840.605
       388009801001889        9801         388       16840.605
       388009801001190        9801         388       16840.605
       388009801001205        9801         388       16840.605
       388009801001258        9801         388       16840.605
       388009801001271        9801         388       16840.605
       388009801001050        9801         388       16840.605
       389000859000109         859         389       21932.000
       389000859000024         859         389       6480.5000
       389005082000024        5082         389       38020.310
       391000177000024         177         391       2253.7368
       391000177000252         177         391       11451.110
       393000302000024         302         393       6480.5000
       393000302000167         302         393       16840.605
       394001868000024        1868         394       15406.596
       399011537000024       11537         399       6480.5000
       401002471000024        2471         401       38020.310
       402000045000687          45         402       16840.605
       402000045000714          45         402       16840.605
       402000045000886          45         402       16840.605
       402000045000024          45         402       204.44000
       402000045001004          45         402       11451.110
       402020001000024       20001         402       15406.596
       403000176000024         176         403       2253.7368
       403022565000024       22565         403       8474.7800
       403023167000024       23167         403       33749.417
       403023637000024       23637         403       33749.417
       405000091000397          91         405       16840.605
       405000091000024          91         405       441.28000
       405000091000422          91         405       11451.110
       407000597000308         597         407       11451.110
       407000597000024         597         407       441.28000
       407000597000337         597         407       16840.605
       407000597000829         597         407       16840.605
       408002242000024        2242         408       20601.000
       408002631000024        2631         408       33749.417
       409003098000024        3098         409       38020.310
       409024039001965       24039         409       16840.605
       409024039000401       24039         409       102.47619
       409024039001960       24039         409       11451.110
       410013668000024       13668         410       8474.7800
       411016932000234       16932         411       6480.5000
       411016932000273       16932         411       16840.605
       412011576000024       11576         412       15406.596
       413016024000024       16024         413       2936.6250
       413016919000024       16919         413       20601.000
       414012936000024       12936         414       15406.596
       414015997000024       15997         414       16840.605
       415000702000024         702         415       8474.7800
       415019115000024       19115         415       38020.310
       416000362000024         362         416       6480.5000
       416000362000114         362         416       11451.110
       417000091037085          91         417       8474.7800
       417006255000024        6255         417       11451.110
       418025844000024       25844         418       16840.605
       419000127000024         127         419       2241.6286
       419000378000024         378         419       6480.5000
       419010457000024       10457         419       11451.110
       421000074000804          74         421       11451.110
       421000074000597          74         421       11451.110
       421000074000024          74         421       441.28000
       421000074001231          74         421       16840.605
       421000074000603          74         421       16840.605
       422009252000024        9252         422       33749.417
       423000137004425         137         423       20601.000
       423001969000061        1969         423       38020.310
       423001969000024        1969         423       38020.310
       424014921000024       14921         424       33749.417
       425019681000933       19681         425       16840.605
       425019681000942       19681         425       16840.605
       425019681000948       19681         425       16840.605
       425019681000927       19681         425       16840.605
       425019681001400       19681         425       16840.605
       425019681001409       19681         425       16840.605
       425019681000024       19681         425       102.47619
       425019681000928       19681         425       11924.350
       425019681001449       19681         425       11451.110
       425019681000949       19681         425       11451.110
       425019681002175       19681         425       11451.110
       425019681002192       19681         425       11451.110
       425020184000024       20184         425       15406.596
       426000067018306          67         426       16840.605
       426000067018675          67         426       16840.605
       426000067019668          67         426       16840.605
       426000067020408          67         426       16840.605
       426000067018467          67         426       11451.110
       426000067016497          67         426       102.47619
       426001786000024        1786         426       20601.000
       426002608000024        2608         426       33749.417
       426009880000024        9880         426       38020.310
       428000064000024          64         428       441.28000
       428017423000024       17423         428       33749.417
       428017883000024       17883         428       20601.000
       430008535000024        8535         430       27.074074
       432001710000024        1710         432       33749.417
       432014925000024       14925         432       6480.5000
       432015591000024       15591         432       20601.000
       434000078000316          78         434       16840.605
       434000078000366          78         434       16840.605
       434000078000024          78         434       441.28000
       434000078000599          78         434       11924.350
       434005896000024        5896         434       38020.310
       435000143000517         143         435       16840.605
       435000143000538         143         435       16840.605
       435000143000024         143         435       441.28000
       435022755000024       22755         435       1004.1364
       436017494107767       17494         436       204.44000
       436017494108617       17494         436       11451.110
       436017494108549       17494         436       11451.110
       436017494108554       17494         436       16840.605
       436017510000928       17510         436       2241.6286
       436020924000024       20924         436       33749.417
       437005148142144        5148         437       16840.605
       437005148142259        5148         437       16840.605
       437005148142267        5148         437       16840.605
       437005148140523        5148         437       27.074074
       437005148142078        5148         437       11451.110
       437005148142138        5148         437       11451.110
       437005148142398        5148         437       11451.110
       437005149052559        5149         437       15406.596
       437005195000290        5195         437       38020.310
       437005195000024        5195         437       2253.7368
       437005460000024        5460         437       2936.6250
       438003447000024        3447         438       20601.000
       440000280000024         280         440       2936.6250
       440000501000024         501         440       6480.5000
       440000501000103         501         440       11451.110
       440005492000049        5492         440       16840.605
       441000848000024         848         441       6480.5000
       442004034000024        4034         442       20601.000
       442006465000024        6465         442       33749.417
       443000620000024         620         443       8474.7800
       444000590000024         590         444       6480.5000
       444000590000120         590         444       16840.605
       444001062000024        1062         444       8474.7800
       446000607000024         607         446       8474.7800
       449001506000024        1506         449       1004.1364
       449001506000333        1506         449       11451.110
       449001506000364        1506         449       16840.605
       451010295000024       10295         451       6480.5000
       452002865000024        2865         452       38020.310
       454000179000173         179         454       16840.605
       454000179000188         179         454       16840.605
       454000179000024         179         454       2241.6286
       454000672000024         672         454       15406.596
       455000187000024         187         455       2241.6286
       455008341000024        8341         455       11451.110
       456006427000024        6427         456       38020.310
       457001425000024        1425         457       15406.596
       457003365000024        3365         457       33749.417
       459002483000024        2483         459       15406.596
       459002595000024        2595         459       20601.000
       460000084000024          84         460       1004.1364
       463000142000024         142         463       204.44000
       463000142000943         142         463       11451.110
       463000142001388         142         463       11924.350
       463000142001737         142         463       11924.350
       463000142000946         142         463       16840.605
       463000142000955         142         463       16840.605
       463000142000962         142         463       16840.605
       463000142001287         142         463       16840.605
       463005516000024        5516         463       33749.417
       465002511000024        2511         465       8474.7800
       465012490000024       12490         465       38020.310
       467006849000024        6849         467       38020.310
       468012885000024       12885         468       38020.310
       469003333001642        3333         469       16840.605
       469003333001643        3333         469       16840.605
       469003333000024        3333         469       204.44000
       469007259000039        7259         469       16840.605
       469007259000055        7259         469       16840.605
       469007259000024        7259         469       38020.310
       470006413000024        6413         470       16840.605
       471001155000024        1155         471       20601.000
       471003600000024        3600         471       33749.417
       471023929000343       23929         471       20601.000
       472000082001687          82         472       16840.605
       472000082000024          82         472       102.47619
       472000082001686          82         472       11451.110
       474015401000024       15401         474       20601.000
       475000146000024         146         475       2253.7368
       475020469000274       20469         475       33749.417
       476000086001098          86         476       38020.310
       476000086000024          86         476       204.44000
       476000086002420          86         476       11451.110
       476000086000741          86         476       11924.350
       476000086000742          86         476       11924.350
       476000086000802          86         476       11924.350
       476000086000807          86         476       11451.110
       477004682032531        4682         477       441.28000
       477004682033037        4682         477       16840.605
       477004742000024        4742         477       1004.1364
       477004742000557        4742         477       11451.110
       477004742000400        4742         477       11451.110
       477006960000024        6960         477       20601.000
       477007492000024        7492         477       38020.310
       480000398000077         398         480       11451.110
       480000398000024         398         480       6480.5000
       480022648000024       22648         480       1004.1364
       480022648001743       22648         480       11451.110
       480022648001048       22648         480       16840.605
       483000622000024         622         483       8474.7800
       483001014000024        1014         483       15406.596
       483016530000024       16530         483       2936.6250
       483016530000153       16530         483       11451.110
       483016530000212       16530         483       11451.110
       484015141000825       15141         484       11451.110
       484015141000024       15141         484       441.28000
       484015141000964       15141         484       16840.605
       484017903000024       17903         484       38020.310
       484019077000024       19077         484       16840.605
       485008686000596        8686         485       16840.605
       485008686000024        8686         485       441.28000
       487000405000024         405         487       2936.6250
       487002582000024        2582         487       33749.417
       489020435001615       20435         489       16840.605
       489020435001645       20435         489       16840.605
       489020435001299       20435         489       16840.605
       489020435002465       20435         489       16840.605
       489020435002478       20435         489       16840.605
       489020435002657       20435         489       16840.605
       489020435002678       20435         489       16840.605
       489020435000024       20435         489       102.47619
       489020435002363       20435         489       11451.110
       489020435001283       20435         489       11451.110
       489020435002359       20435         489       11451.110
       489020435001307       20435         489       11451.110
       489020435002342       20435         489       11451.110
       489020435002352       20435         489       11451.110
       489020448000147       20448         489       11924.350
       489020448000242       20448         489       11451.110
       489020448000024       20448         489       2253.7368
       492002216000024        2216         492       15406.596
       492002899000024        2899         492       20601.000
       496001057018909        1057         496       8474.7800
       496004251000457        4251         496       102.47619
       496004251001358        4251         496       11451.110
       496004251001379        4251         496       11451.110
       497003438000620        3438         497       11451.110
       497003438000322        3438         497       11451.110
       497003438000393        3438         497       11451.110
       497003438000813        3438         497       11451.110
       497003438000842        3438         497       11451.110
       497003438001638        3438         497       11451.110
       497003438000854        3438         497       16840.605
       497003720000147        3720         497       11924.350
       497003720000024        3720         497       2936.6250
       497003771000024        3771         497       2936.6250
       497003771000145        3771         497       11451.110
       499008629001021        8629         499       11451.110
       499008629001077        8629         499       11451.110
       499008629001095        8629         499       11451.110
       499008629000980        8629         499       11451.110
       499008629000914        8629         499       11451.110
       499008629000978        8629         499       11451.110
       499008629000904        8629         499       11924.350
       499008629001011        8629         499       11451.110
       499008629000024        8629         499       204.44000
       499008629001355        8629         499       16840.605
       499009360000024        9360         499       8474.7800
       500000146000024         146         500       2241.6286
       500000146000176         146         500       16840.605
       500013643000024       13643         500       8474.7800
       500013847000024       13847         500       6480.5000
       501000151000024         151         501       1004.1364
       501000151000331         151         501       11451.110
       501000151000473         151         501       11924.350
       501000151000597         151         501       11451.110
       501000151000355         151         501       16840.605
       501000549000024         549         501       8474.7800
       502002167000024        2167         502       441.28000
       502002167000428        2167         502       16840.605
       502002167001931        2167         502       20601.000
       502002167000440        2167         502       38020.310
       504000079006676          79         504       38020.310
       504000079006010          79         504       204.44000
       504014042000024       14042         504       20601.000
       505016690000024       16690         505       20601.000
       505016690000046       16690         505       11451.110
       505017940000024       17940         505       33749.417
       506000095000655          95         506       11451.110
       506000095000024          95         506       204.44000
       507000122000024         122         507       204.44000
       507000122001174         122         507       11451.110
       507000122001267         122         507       11451.110
       507000122001347         122         507       11451.110
       507000122001362         122         507       11451.110
       507000122001890         122         507       38020.310
       507000122002669         122         507       38020.310
       507000122001352         122         507       16840.605
       507000122001176         122         507       16840.605
       507000122001444         122         507       16840.605
       509002556000024        2556         509       20601.000
       509004749000024        4749         509       33749.417
       509010791000024       10791         509       11924.350
