         547
     40000001000034799           1          40       221.14043
     40000001000015214           1          40       417.01053
     40000008000000028           8          40       141.93778
     40000012000000028          12          40       347.56923
     40000020000000028          20          40       221.14043
     40000039000000028          39          40       739.97838
     40000129000000028         129          40       1028.7080
     41000000000587108           0          41       1028.7080
     41000000000483845           0          41       1028.7080
     41000000000453365           0          41       1028.7080
     41000000000618243           0          41       1028.7080
     41000000000193575           0          41       93.059459
     41000000000300136           0          41       35.388235
     41000000000515957           0          41       50.590476
     41000002000000028           2          41       50.590476
     41000002000000028           2          41       50.590476
     41000002000000028           2          41       50.590476
     41000003000000028           3          41       93.059459
     41000008000002806           8          41       141.93778
     41000029000000028          29          41       347.56923
     41000032000000028          32          41       417.01053
     41000060000000028          60          41       739.97838
     41000122000000028         122          41       1028.7080
     41000139000000028         139          41       1028.7080
     41000142000000028         142          41       1028.7080
     42000000000161932           0          42       1028.7080
     42000000001041409           0          42       739.97838
     42000000001137803           0          42       417.01053
     42000000000721602           0          42       93.059459
     42000000000721602           0          42       93.059459
     42000000000172370           0          42       93.059459
     42000000000953144           0          42       141.93778
     42000000001133200           0          42       221.14043
     42000000000475027           0          42       347.56923
     42000000000184398           0          42       50.590476
     42000000000000028           0          42       35.388235
     42000000000478485           0          42       11.200000
     42000000000478485           0          42       11.200000
     42000000000750300           0          42       11.200000
     42000003000000028           3          42       141.93778
     42000011000000028          11          42       347.56923
     42000012000000028          12          42       347.56923
     42000016000000028          16          42       347.56923
     42000033000000028          33          42       417.01053
     42000037000000028          37          42       417.01053
     42000049000000028          49          42       417.01053
     42000077000000028          77          42       739.97838
     42000127000000028         127          42       1028.7080
     43000000000130665           0          43       141.93778
     43000000000000028           0          43       11.200000
     43000000000095201           0          43       50.590476
     43000000000105709           0          43       44.800000
     43000001000013822           1          43       50.590476
     43000027000000028          27          43       347.56923
     43000060000000028          60          43       739.97838
     43000064000000028          64          43       739.97838
     43000106000000028         106          43       1028.7080
     44000000000529588           0          44       1028.7080
     44000000000522058           0          44       1028.7080
     44000000000832642           0          44       739.97838
     44000000000482461           0          44       739.97838
     44000000000671977           0          44       739.97838
     44000000000269872           0          44       347.56923
     44000000000260177           0          44       347.56923
     44000000000947801           0          44       417.01053
     44000000000239331           0          44       50.590476
     44000000000186888           0          44       15.847619
     44000000000186888           0          44       15.847619
     44000000000588257           0          44       15.847619
     44000000000000028           0          44       44.800000
     44000000000318008           0          44       44.800000
     44000000000558955           0          44       50.590476
     44000000000481268           0          44       141.93778
     44000000000854108           0          44       141.93778
     44000000000108644           0          44       93.059459
     44000000000861370           0          44       93.059459
     44000000000319940           0          44       93.059459
     44000001000004115           1          44       50.590476
     44000001000000028           1          44       50.590476
     44000005000000028           5          44       93.059459
     44000006000000028           6          44       141.93778
     44000012000003036          12          44       1028.7080
     44000015000000028          15          44       221.14043
     44000022000000028          22          44       347.56923
     44000056000000028          56          44       739.97838
     45000000000403819           0          45       347.56923
     45000000000365643           0          45       347.56923
     45000000000202519           0          45       417.01053
     45000000000259038           0          45       417.01053
     45000000000120845           0          45       141.93778
     45000000000000028           0          45       35.388235
     45000000000143289           0          45       35.388235
     45000000000143289           0          45       35.388235
     45000000000214736           0          45       44.800000
     45000000000249787           0          45       44.800000
     45000000000387280           0          45       93.059459
     45000001000019208           1          45       93.059459
     45000009000000028           9          45       141.93778
     45000011000000028          11          45       221.14043
     45000072000000028          72          45       739.97838
     45000123000000028         123          45       1028.7080
     45000210000000028         210          45       1028.7080
     46000000000256565           0          46       1028.7080
     46000000000191940           0          46       93.059459
     46000000000000028           0          46       11.200000
     46000005000010698           5          46       347.56923
     46000012000000028          12          46       221.14043
     46000023000000028          23          46       417.01053
     46000025000000028          25          46       347.56923
     46000051000000028          51          46       739.97838
     46000055000000028          55          46       739.97838
     46000062000000392          62          46       1028.7080
     47000000000000028           0          47       12.800000
     47000000000225025           0          47       50.590476
     47000000000315858           0          47       44.800000
     47000000000315858           0          47       44.800000
     47000000000335319           0          47       44.800000
     47000000000041158           0          47       1028.7080
     47000001000000028           1          47       44.800000
     47000003000000028           3          47       93.059459
     47000005000001189           5          47       347.56923
     47000006000000028           6          47       141.93778
     47000014000005540          14          47       739.97838
     47000032000000028          32          47       739.97838
     47000057000000028          57          47       417.01053
     47000075000000028          75          47       739.97838
     48000000000183048           0          48       417.01053
     48000000000169888           0          48       50.590476
     48000000000169888           0          48       50.590476
     48000000000000028           0          48       11.200000
     48000002000021519           2          48       93.059459
     48000006000000028           6          48       141.93778
     48000007000000028           7          48       417.01053
     48000008000000028           8          48       141.93778
     48000015000000028          15          48       221.14043
     48000030000000028          30          48       417.01053
     48000039000000028          39          48       417.01053
     48000040000000028          40          48       417.01053
     48000041000000028          41          48       739.97838
     48000056000000028          56          48       417.01053
     48000123000000028         123          48       1028.7080
     48000147000000028         147          48       1028.7080
     49000000000000028           0          49       12.800000
     49000000000000028           0          49       12.800000
     49000002000000028           2          49       93.059459
     49000008000000028           8          49       221.14043
     49000008000003396           8          49       739.97838
     49000010000000028          10          49       221.14043
     49000019000000028          19          49       221.14043
     49000021000000028          21          49       347.56923
     49000022000000028          22          49       417.01053
     49000036000000028          36          49       417.01053
     49000039000000499          39          49       1028.7080
     49000061000000028          61          49       739.97838
     49000077000001016          77          49       1028.7080
     50000000000138421           0          50       141.93778
     50000000000000028           0          50       15.847619
     50000005000007366           5          50       221.14043
     50000012000000028          12          50       221.14043
     50000012000001251          12          50       739.97838
     50000018000000028          18          50       347.56923
     50000027000000028          27          50       347.56923
     50000037000000028          37          50       739.97838
     50000048000000028          48          50       739.97838
     50000052000000028          52          50       739.97838
     50000128000000028         128          50       1028.7080
     51000000000372593           0          51       417.01053
     51000000000574555           0          51       221.14043
     51000000000126732           0          51       93.059459
     51000000000000028           0          51       35.388235
     51000000000351415           0          51       1028.7080
     51000000000394488           0          51       44.800000
     51000002000018743           2          51       347.56923
     51000003000000028           3          51       141.93778
     51000014000000028          14          51       417.01053
     51000016000000028          16          51       347.56923
     51000037000000028          37          51       739.97838
     51000133000000028         133          51       1028.7080
     52000000000090264           0          52       221.14043
     52000000000000028           0          52       11.200000
     52000001000000028           1          52       44.800000
     52000002000000028           2          52       50.590476
     52000006000000028           6          52       93.059459
     52000024000000028          24          52       417.01053
     52000032000000028          32          52       417.01053
     52000070000000028          70          52       739.97838
     52000088000000028          88          52       739.97838
     52000108000000028         108          52       1028.7080
     52000162000000028         162          52       1028.7080
     52000169000000028         169          52       1028.7080
     53000000000097556           0          53       417.01053
     53000000000202703           0          53       417.01053
     53000000000045945           0          53       44.800000
     53000000000187580           0          53       50.590476
     53000000000000028           0          53       35.388235
     53000000000270349           0          53       347.56923
     53000001000000028           1          53       35.388235
     53000020000000028          20          53       347.56923
     53000099000000028          99          53       739.97838
     53000103000000028         103          53       739.97838
     54000000000080042           0          54       221.14043
     54000000000091853           0          54       141.93778
     54000000000000028           0          54       35.388235
     54000003000009950           3          54       221.14043
     54000011000004681          11          54       739.97838
     54000027000000028          27          54       347.56923
     54000060000000028          60          54       417.01053
     54000074000000028          74          54       1028.7080
     54000177000000028         177          54       1028.7080
     55000000000096699           0          55       1028.7080
     55000000000192601           0          55       141.93778
     55000000000185545           0          55       141.93778
     55000000000061519           0          55       50.590476
     55000000000000028           0          55       44.800000
     55000000000160739           0          55       50.590476
     55000001000000028           1          55       50.590476
     55000008000000028           8          55       141.93778
     55000050000000028          50          55       417.01053
     55000071000000028          71          55       739.97838
     55000089000000028          89          55       739.97838
     55000089000000028          89          55       739.97838
     55000141000000028         141          55       1028.7080
     56000000000172817           0          56       93.059459
     56000000000172817           0          56       93.059459
     56000000000000028           0          56       44.800000
     56000004000000028           4          56       141.93778
     56000013000000028          13          56       221.14043
     56000019000000028          19          56       417.01053
     56000032000000028          32          56       347.56923
     56000037000000028          37          56       417.01053
     56000052000000028          52          56       417.01053
     56000075000000028          75          56       1028.7080
     56000146000000028         146          56       1028.7080
     57000000000116087           0          57       417.01053
     57000000000000028           0          57       11.200000
     57000000000000028           0          57       11.200000
     57000001000000028           1          57       44.800000
     57000002000000028           2          57       50.590476
     57000006000000028           6          57       141.93778
     57000007000000028           7          57       221.14043
     57000009000000028           9          57       141.93778
     57000010000000028          10          57       221.14043
     57000011000001675          11          57       739.97838
     57000014000003321          14          57       417.01053
     57000025000000028          25          57       417.01053
     57000060000000028          60          57       739.97838
     57000083000000028          83          57       739.97838
     57000084000000028          84          57       739.97838
     57000138000000028         138          57       1028.7080
     57000177000000028         177          57       1028.7080
     58000000000146536           0          58       44.800000
     58000000000000028           0          58       11.200000
     58000005000000028           5          58       141.93778
     58000018000000028          18          58       221.14043
     58000045000000028          45          58       417.01053
     59000000000290946           0          59       739.97838
     59000000000036656           0          59       1028.7080
     59000000000138330           0          59       1028.7080
     59000000000286160           0          59       50.590476
     59000000000031510           0          59       50.590476
     59000000000000028           0          59       15.847619
     59000001000000028           1          59       44.800000
     59000001000020952           1          59       93.059459
     59000004000000028           4          59       93.059459
     59000034000000028          34          59       417.01053
     59000035000000028          35          59       417.01053
     59000047000000028          47          59       417.01053
     59000059000000028          59          59       739.97838
     59000062000000028          62          59       417.01053
     59000184000000028         184          59       1028.7080
     60000002000018684           2          60       141.93778
     60000007000000028           7          60       221.14043
     60000022000000028          22          60       347.56923
     60000028000000028          28          60       417.01053
     60000036000000028          36          60       417.01053
     60000074000000028          74          60       739.97838
     60000089000000028          89          60       739.97838
     60000099000000028          99          60       1028.7080
     60000106000000028         106          60       1028.7080
     60000112000000028         112          60       1028.7080
     61000000000217062           0          61       1028.7080
     61000000000576131           0          61       739.97838
     61000000000125726           0          61       141.93778
     61000000000078406           0          61       141.93778
     61000000000170016           0          61       44.800000
     61000000000170016           0          61       44.800000
     61000000000457656           0          61       44.800000
     61000000000115434           0          61       50.590476
     61000000000648098           0          61       93.059459
     61000000000515531           0          61       15.847619
     61000000000000028           0          61       15.847619
     61000000000236104           0          61       35.388235
     61000004000000028           4          61       93.059459
     61000005000003327           5          61       1028.7080
     61000006000003341           6          61       1028.7080
     61000008000000028           8          61       221.14043
     61000012000000028          12          61       347.56923
     61000041000000028          41          61       417.01053
     61000043000000028          43          61       739.97838
     61000050000000028          50          61       1028.7080
     61000065000000028          65          61       1028.7080
     61000077000000028          77          61       739.97838
     61000078000000028          78          61       417.01053
     61000080000000028          80          61       1028.7080
     61000149000000028         149          61       1028.7080
     62000000000000028           0          62       15.847619
     62000002000000028           2          62       50.590476
     62000016000000028          16          62       221.14043
     62000053000000028          53          62       417.01053
     62000114000000028         114          62       1028.7080
     63000000000172649           0          63       93.059459
     63000000000109787           0          63       347.56923
     63000001000000028           1          63       44.800000
     63000002000000028           2          63       141.93778
     63000002000005455           2          63       221.14043
     63000003000000028           3          63       141.93778
     63000004000000028           4          63       221.14043
     63000010000000028          10          63       141.93778
     63000014000000028          14          63       221.14043
     63000025000000029          25          63       739.97838
     63000075000000028          75          63       417.01053
     63000117000000028         117          63       1028.7080
     63000156000000028         156          63       1028.7080
     64000000000348327           0          64       44.800000
     64000000000348327           0          64       44.800000
     64000000000138319           0          64       15.847619
     64000000000000028           0          64       35.388235
     64000001000000028           1          64       50.590476
     64000001000000028           1          64       50.590476
     64000001000000028           1          64       50.590476
     64000001000024596           1          64       739.97838
     64000003000000028           3          64       141.93778
     64000007000000028           7          64       93.059459
     64000008000000028           8          64       93.059459
     64000013000000028          13          64       221.14043
     64000016000000028          16          64       221.14043
     64000051000000028          51          64       417.01053
     64000063000000028          63          64       1028.7080
     64000067000000028          67          64       739.97838
     65000000000080785           0          65       417.01053
     65000000000172177           0          65       221.14043
     65000001000000028           1          65       50.590476
     65000003000000028           3          65       50.590476
     65000004000000028           4          65       141.93778
     65000007000000028           7          65       141.93778
     65000008000000028           8          65       221.14043
     65000012000000028          12          65       417.01053
     65000014000001659          14          65       739.97838
     65000019000000028          19          65       221.14043
     65000020000000028          20          65       347.56923
     65000027000000028          27          65       347.56923
     65000063000000028          63          65       417.01053
     65000096000000028          96          65       739.97838
     65000130000000028         130          65       1028.7080
     65000154000000028         154          65       1028.7080
     66000000000125950           0          66       417.01053
     66000000000150582           0          66       50.590476
     66000000000144899           0          66       50.590476
     66000000000000028           0          66       15.847619
     66000001000015844           1          66       739.97838
     66000004000000028           4          66       221.14043
     66000005000000028           5          66       93.059459
     66000012000000028          12          66       221.14043
     66000022000000028          22          66       347.56923
     66000047000000028          47          66       1028.7080
     66000055000000028          55          66       739.97838
     66000060000000028          60          66       1028.7080
     66000061000000028          61          66       417.01053
     66000071000000028          71          66       739.97838
     66000079000000028          79          66       1028.7080
     67000000000123885           0          67       417.01053
     67000000000118673           0          67       93.059459
     67000000000165251           0          67       141.93778
     67000000000000028           0          67       11.200000
     67000003000000028           3          67       93.059459
     67000009000000028           9          67       141.93778
     67000012000000028          12          67       347.56923
     67000015000000028          15          67       347.56923
     67000016000000028          16          67       739.97838
     67000034000000028          34          67       739.97838
     67000035000000028          35          67       417.01053
     67000053000000028          53          67       739.97838
     67000064000000375          64          67       1028.7080
     67000163000000028         163          67       1028.7080
     68000000000260434           0          68       1028.7080
     68000000000270130           0          68       1028.7080
     68000000000271921           0          68       15.847619
     68000000000000028           0          68       11.200000
     68000000000086409           0          68       15.847619
     68000002000000028           2          68       44.800000
     68000005000000028           5          68       93.059459
     68000008000000028           8          68       221.14043
     68000046000000028          46          68       417.01053
     68000089000000028          89          68       739.97838
     68000124000000028         124          68       1028.7080
     69000000000000028           0          69       11.200000
     69000001000000027           1          69       93.059459
     69000002000000028           2          69       50.590476
     69000010000000028          10          69       141.93778
     69000012000000028          12          69       221.14043
     69000014000000028          14          69       347.56923
     69000016000000028          16          69       417.01053
     69000049000000028          49          69       417.01053
     69000054000000028          54          69       417.01053
     69000076000000028          76          69       739.97838
     69000081000000028          81          69       1028.7080
     69000085000000028          85          69       739.97838
     69000117000000028         117          69       1028.7080
     70000000000066273           0          70       44.800000
     70000002000000028           2          70       50.590476
     70000003000000028           3          70       93.059459
     70000013000000028          13          70       221.14043
     70000014000000028          14          70       347.56923
     70000022000000028          22          70       347.56923
     70000049000000028          49          70       739.97838
     70000050000000028          50          70       417.01053
     70000061000000369          61          70       739.97838
     70000066000000028          66          70       739.97838
     70000114000000028         114          70       1028.7080
     70000187000000028         187          70       1028.7080
     71000000000240500           0          71       347.56923
     71000000000000028           0          71       15.847619
     71000000000153576           0          71       15.847619
     71000003000000028           3          71       93.059459
     71000006000000028           6          71       141.93778
     71000039000000028          39          71       347.56923
     71000048000000028          48          71       739.97838
     71000067000000028          67          71       739.97838
     71000137000000028         137          71       1028.7080
     72000000000000028           0          72       35.388235
     72000000000000028           0          72       35.388235
     72000002000000028           2          72       50.590476
     72000004000000028           4          72       93.059459
     72000007000000028           7          72       141.93778
     72000010000001644          10          72       417.01053
     72000011000000028          11          72       221.14043
     72000012000000028          12          72       141.93778
     72000016000000028          16          72       417.01053
     72000020000000028          20          72       347.56923
     72000022000000028          22          72       347.56923
     72000024000000028          24          72       347.56923
     72000030000000028          30          72       347.56923
     72000047000000028          47          72       417.01053
     72000131000000028         131          72       1028.7080
     73000000000412158           0          73       417.01053
     73000000000100262           0          73       141.93778
     73000000000255155           0          73       50.590476
     73000000000000028           0          73       15.847619
     73000000000000028           0          73       15.847619
     73000010000003203          10          73       221.14043
     73000025000000028          25          73       347.56923
     73000079000000028          79          73       739.97838
     73000133000000028         133          73       1028.7080
     73000133000000028         133          73       1028.7080
     74000000000136177           0          74       739.97838
     74000000000097620           0          74       347.56923
     74000000000000028           0          74       11.200000
     74000001000006021           1          74       93.059459
     74000001000000028           1          74       50.590476
     74000002000000028           2          74       50.590476
     74000042000000028          42          74       739.97838
     74000062000000028          62          74       417.01053
     74000067000000028          67          74       1028.7080
     75000000000059394           0          75       50.590476
     75000000000000028           0          75       15.847619
     75000001000000028           1          75       50.590476
     75000001000021671           1          75       141.93778
     75000009000000028           9          75       221.14043
     75000021000000028          21          75       417.01053
     75000037000000028          37          75       417.01053
     75000079000000028          79          75       1028.7080
     76000000000258144           0          76       739.97838
     76000000000223770           0          76       739.97838
     76000000000256830           0          76       347.56923
     76000000000125158           0          76       44.800000
     76000000000000028           0          76       11.200000
     76000000000000028           0          76       11.200000
     76000001000000028           1          76       50.590476
     76000007000000028           7          76       221.14043
     76000008000000028           8          76       347.56923
     76000008000007435           8          76       347.56923
     76000010000000028          10          76       221.14043
     76000015000000028          15          76       347.56923
     76000016000000028          16          76       221.14043
     76000017000000028          17          76       221.14043
     76000024000000028          24          76       347.56923
     76000045000000028          45          76       417.01053
     76000046000000028          46          76       417.01053
     76000048000000028          48          76       739.97838
     76000105000000028         105          76       739.97838
     76000123000000028         123          76       1028.7080
     77000000000000028           0          77       15.847619
     77000003000000028           3          77       141.93778
     77000005000000028           5          77       93.059459
     77000006000000028           6          77       141.93778
     77000031000000028          31          77       417.01053
     77000043000000028          43          77       417.01053
     77000062000000028          62          77       417.01053
     77000108000000028         108          77       1028.7080
     77000120000000028         120          77       1028.7080
     77000137000000028         137          77       1028.7080
     77000158000000028         158          77       1028.7080
     77000159000000028         159          77       1028.7080
     78000000000291671           0          78       141.93778
     78000000000457209           0          78       221.14043
     78000000000150248           0          78       44.800000
     78000000000000028           0          78       35.388235
     78000000000337493           0          78       35.388235
     78000000000337493           0          78       35.388235
     78000000000118223           0          78       35.388235
     78000004000000028           4          78       141.93778
     78000011000000028          11          78       221.14043
     78000030000000028          30          78       417.01053
     78000055000000028          55          78       1028.7080
     78000130000000028         130          78       1028.7080
     78000137000000028         137          78       1028.7080
     79000000000236435           0          79       347.56923
     79000000000220271           0          79       50.590476
     79000001000000028           1          79       44.800000
     79000002000000028           2          79       44.800000
     79000005000000028           5          79       141.93778
     79000015000000028          15          79       221.14043
     79000016000000784          16          79       417.01053
     79000022000000028          22          79       417.01053
     79000040000000028          40          79       739.97838
     79000045000000028          45          79       417.01053
     79000090000000028          90          79       739.97838
     79000109000000028         109          79       739.97838
     79000189000000028         189          79       1028.7080
     80000000000082327           0          80       739.97838
     80000000000346158           0          80       417.01053
     80000000000281278           0          80       347.56923
     80000000000158317           0          80       44.800000
     80000000000062066           0          80       50.590476
     80000000000201572           0          80       15.847619
     80000000000201572           0          80       15.847619
     80000000000099803           0          80       15.847619
     80000001000000028           1          80       93.059459
     80000010000002700          10          80       1028.7080
     80000011000000028          11          80       221.14043
     80000030000000028          30          80       347.56923
     80000033000000028          33          80       347.56923
     80000037000000028          37          80       417.01053
     80000063000000028          63          80       417.01053
     80000075000000028          75          80       739.97838
     80000092000000028          92          80       1028.7080
     80000124000000028         124          80       1028.7080
