         200
             256000256         256           0       15326.619
            5020000033        5020           0       208029.07
         9019519000033       19519           9       5777.1429
        10019276000400       19276          10       25813.130
        11000081003010          81          11       208029.07
        17014112000460       14112          17       1619.5455
        18001172000033        1172          18       603.50000
        21000716000119         716          21       68366.296
        23003338002392        3338          23       9352.6667
        23008690004657        8690          23       6546.1538
        35000043008748          43          35       208029.07
        35000043007104          43          35       1011.2857
        43001265000033        1265          43       24.000000
        45000528000033         528          45       25813.130
        46002089004118        2089          46       15326.619
        52000415000050         415          52       37675.071
        53000256000065         256          53       25813.130
        54000066005241          66          54       1011.2857
        54020879000099       20879          54       25813.130
        55000138020383         138          55       68366.296
        55003201000033        3201          55       208029.07
        56011997000033       11997          56       9352.6667
        56012513000033       12513          56       15326.619
        61005099001496        5099          61       15326.619
        62000868000033         868          62       37675.071
        65000049001241          49          65       25813.130
        71000111000982         111          71       68366.296
        72001119000033        1119          72       37675.071
        75000090000357          90          75       68366.296
        76001684000082        1684          76       52.428571
        82000083000862          83          82       68366.296
        82001160000033        1160          82       37675.071
        82020525000083       20525          82       68366.296
        85000418000230         418          85       208029.07
        87000916000060         916          87       68366.296
        90001137004330        1137          90       37675.071
        92000460000125         460          92       68366.296
        95016981002457       16981          95       9352.6667
        96000016009545          16          96       37675.071
       104000335000033         335         104       15326.619
       104019766050942       19766         104       9352.6667
       104020533000033       20533         104       37675.071
       107000205000340         205         107       9352.6667
       107000366000164         366         107       25813.130
       108000129000100         129         108       25813.130
       112009215000033        9215         112       52.428571
       112009486000033        9486         112       25813.130
       113013084000033       13084         113       5777.1429
       115000113004509         113         115       25813.130
       120000010000033          10         120       9352.6667
       120006344000033        6344         120       25813.130
       128000024000033          24         128       1619.5455
       128008197000033        8197         128       1011.2857
       129000022009693          22         129       15326.619
       130000061000291          61         130       68366.296
       134007614002870        7614         134       208029.07
       137000033006105          33         137       6546.1538
       151000150001232         150         151       1619.5455
       152019489000033       19489         152       5777.1429
       156009181003346        9181         156       1011.2857
       160000113000033         113         160       9352.6667
       163016380000033       16380         163       5777.1429
       168000036004354          36         168       37675.071
       174000095000033          95         174       24.000000
       187013354000374       13354         187       15326.619
       191000146000033         146         191       1619.5455
       192016678000033       16678         192       6546.1538
       194000043002892          43         194       52.428571
       200003732000033        3732         200       3109724.0
       200016428000165       16428         200       68366.296
       201000080000033          80         201       52.428571
       201000082000033          82         201       1011.2857
       203000048000228          48         203       9352.6667
       203013213000033       13213         203       15326.619
       214009741000666        9741         214       5777.1429
       226000079000033          79         226       24.000000
       227011743000033       11743         227       24.000000
       228000508000033         508         228       68366.296
       230002835002134        2835         230       68366.296
       230002986000033        2986         230       9352.6667
       233022835000882       22835         233       25813.130
       234000178000419         178         234       37675.071
       239022473002130       22473         239       9352.6667
       243000135010234         135         243       208029.07
       244004930057512        4930         244       52.428571
       246002837000033        2837         246       37675.071
       248000048038085          48         248       24.000000
       248000060003356          60         248       37675.071
       252013894000033       13894         252       1565917.0
       254000126002009         126         254       1619.5455
       258016400010929       16400         258       52.428571
       262010565000033       10565         262       37675.071
       262017479000033       17479         262       1565917.0
       267001722000216        1722         267       6546.1538
       267002426000033        2426         267       15326.619
       268001509000033        1509         268       6546.1538
       269004164000033        4164         269       52.428571
       274004338000033        4338         274       6546.1538
       274005042000033        5042         274       68366.296
       274006144000033        6144         274       68366.296
       277000056014225          56         277       37675.071
       277000078000033          78         277       1619.5455
       278016676007851       16676         278       52.428571
       283000682007364         682         283       1011.2857
       291002844000033        2844         291       52.428571
       292002163000699        2163         292       37675.071
       295002163000033        2163         295       603.50000
       296000097024942          97         296       24.000000
       296004353000104        4353         296       1565917.0
       297000069024872          69         297       208029.07
       307000101007859         101         307       68366.296
       315000235000033         235         315       37675.071
       315000443000033         443         315       15326.619
       317000203000394         203         317       25813.130
       324014452009337       14452         324       5777.1429
       324014463000033       14463         324       603.50000
       328000064000033          64         328       52.428571
       330000092002232          92         330       15326.619
       333009602003169        9602         333       25813.130
       334000157000093         157         334       25813.130
       337002234000033        2234         337       68366.296
       340000067003957          67         340       15326.619
       340000627000033         627         340       15326.619
       341014269000338       14269         341       15326.619
       341014296000816       14296         341       25813.130
       345000069006782          69         345       15326.619
       345000074007985          74         345       208029.07
       345000250000212         250         345       25813.130
       348000024000781          24         348       68366.296
       348009195000396        9195         348       37675.071
       349000879000033         879         349       37675.071
       350011216000045       11216         350       208029.07
       351013171007534       13171         351       5777.1429
       353014446000033       14446         353       9352.6667
       354000084000033          84         354       6546.1538
       357020099000033       20099         357       37675.071
       362000131000950         131         362       1619.5455
       364000128000951         128         364       25813.130
       365000812000033         812         365       37675.071
       366000092002244          92         366       6546.1538
       368010547010364       10547         368       9352.6667
       375000128000033         128         375       1619.5455
       375015326000033       15326         375       23.000000
       377018085000033       18085         377       52.428571
       378000184000234         184         378       9352.6667
       385000043000393          43         385       25813.130
       385000770000104         770         385       208029.07
       387001181000033        1181         387       68366.296
       388009977000103        9977         388       15326.619
       390000659000033         659         390       37675.071
       390010730000419       10730         390       68366.296
       390010792000185       10792         390       15326.619
       393000104008775         104         393       68366.296
       395000204000218         204         395       37675.071
       398012579004846       12579         398       6546.1538
       406000123000359         123         406       25813.130
       406000142000200         142         406       9352.6667
       407000569037598         569         407       1011.2857
       407000572004078         572         407       52.428571
       409010891000562       10891         409       208029.07
       411016617001221       16617         411       25813.130
       412000341000033         341         412       25813.130
       418000063057826          63         418       208029.07
       418000063010608          63         418       603.50000
       420003058000033        3058         420       9352.6667
       420003466000033        3466         420       25813.130
       421000080000032          80         421       6546.1538
       425000732000033         732         425       15326.619
       425019681006067       19681         425       37675.071
       429016468033269       16468         429       37675.071
       430000094003141          94         430       208029.07
       435000123000919         123         435       37675.071
       436000302000033         302         436       15326.619
       438000969000049         969         438       208029.07
       447023206000033       23206         447       37675.071
       451011343000033       11343         451       68366.296
       454000109000033         109         454       24.000000
       456000343000076         343         456       15326.619
       456020095000033       20095         456       6546.1538
       458002157000033        2157         458       37675.071
       460000058000033          58         460       52.428571
       461000135002032         135         461       37675.071
       465001659000033        1659         465       1619.5455
       465027711000033       27711         465       1619.5455
       466000183000502         183         466       6546.1538
       470000183000838         183         470       9352.6667
       477004740001375        4740         477       9352.6667
       477004812000033        4812         477       6546.1538
       479002343005858        2343         479       52.428571
       483016491003687       16491         483       68366.296
       486000388000108         388         486       68366.296
       487015751008722       15751         487       9352.6667
       489000130000820         130         489       1619.5455
       496004341000033        4341         496       68366.296
       499009880000033        9880         499       68366.296
       501010304000033       10304         501       15326.619
       502002165004743        2165         502       25813.130
       506001873000033        1873         506       68366.296
       509001803000033        1803         509       68366.296
       510001313000033        1313         510       37675.071
