         499
         1000024002081          24           1       2615.9545
         2003194000030        3194           2       2615.9545
         3000056000030          56           3       2615.9545
         3011426000171       11426           3       995642.33
         5022773000113       22773           5       29987.152
         6000306019937         306           6       123.13953
         6020170012493       20170           6       53.500000
         7000136000253         136           7       11997.946
         7014962000305       14962           7       17309.791
         8012933004215       12933           8       123.13953
         9000556000030         556           9       7271.3654
        10019427000030       19427          10       7271.3654
        10020741000030       20741          10       29987.152
        11000080023450          80          11       42.000000
        13013316000238       13316          13       17309.791
        14000882000030         882          14       11997.946
        15009629000030        9629          15       1062.6154
        16000029000837          29          16       3005.0000
        16000589000030         589          16       11997.946
        17014126000030       14126          17       745.05882
        18001192000030        1192          18       123.13953
        18002259000030        2259          18       7271.3654
        19000448000030         448          19       11997.946
        21000064057422          64          21       99653.121
        22003424016230        3424          22       3005.0000
        24000041001659          41          24       3005.0000
        25000076000411          76          25       99653.121
        25005667000201        5667          25       11997.946
        27000110002932         110          27       29987.152
        31008552000966        8552          31       7271.3654
        32001086000030        1086          32       17309.791
        32016012000030       16012          32       745.05882
        33000030003602          30          33       99653.121
        33000073000030          73          33       1062.6154
        35000056001547          56          35       17309.791
        35008461000050        8461          35       99653.121
        36000042000332          42          36       29987.152
        37000120000151         120          37       29987.152
        37014518002307       14518          37       190.00000
        38000029008764          29          38       7271.3654
        38000031003297          31          38       4825.3953
        38000033005335          33          38       29987.152
        38001558000030        1558          38       17309.791
        38001865000030        1865          38       29987.152
        38014454000030       14454          38       53.500000
        38014455005187       14455          38       3005.0000
        38014456011603       14456          38       99653.121
        39009351000582        9351          39       17309.791
        41009982000030        9982          41       123.13953
        41010062000030       10062          41       3005.0000
        44000111002374         111          44       3005.0000
        46002088029492        2088          46       4825.3953
        46002121000030        2121          46       3005.0000
        46002508000030        2508          46       7271.3654
        48000547000030         547          48       7271.3654
        48015279000030       15279          48       17309.791
        49000058003103          58          49       123.13953
        50000214000030         214          50       4825.3953
        50015043000138       15043          50       17309.791
        52000273000030         273          52       7271.3654
        54019358008585       19358          54       11997.946
        63000157000246         157          63       11997.946
        64000039001070          39          64       11997.946
        64000961000076         961          64       17309.791
        65000038000030          38          65       123.13953
        65000135000198         135          65       4825.3953
        66000043000030          43          66       1062.6154
        68014534008806       14534          68       4825.3953
        69009508000155        9508          69       29987.152
        72000040000030          40          72       123.13953
        73014244000030       14244          73       123.13953
        74005726000030        5726          74       17309.791
        78000188000361         188          78       3005.0000
        80010226000740       10226          80       745.05882
        80010467000030       10467          80       7271.3654
        81010681000030       10681          81       1062.6154
        81011112000030       11112          81       11997.946
        83019663000583       19663          83       3005.0000
        91001106000030        1106          91       17309.791
        92003318000030        3318          92       17309.791
        93000534000282         534          93       17309.791
        94000142000030         142          94       2615.9545
        95000124002249         124          95       4825.3953
        98000107000986         107          98       17309.791
        98016288000030       16288          98       7271.3654
        99000085000030          85          99       53.500000
       100000000004140           0         100       53.500000
       100018285000068       18285         100       99653.121
       101000126000564         126         101       99653.121
       105000051015726          51         105       29987.152
       105000109000431         109         105       17309.791
       106023400001573       23400         106       3005.0000
       109000149004710         149         109       745.05882
       112014540000030       14540         112       995642.33
       113000070000030          70         113       745.05882
       113013011001843       13011         113       17309.791
       114001049000030        1049         114       29987.152
       114014936007747       14936         114       4825.3953
       116010964000030       10964         116       11997.946
       121012079000030       12079         121       11997.946
       122000160000374         160         122       3005.0000
       122000648000030         648         122       11997.946
       125011097000030       11097         125       11997.946
       126000088030564          88         126       123.13953
       126003742009739        3742         126       7271.3654
       126003793000030        3793         126       745.05882
       127000132013379         132         127       29987.152
       127000589000030         589         127       7271.3654
       128000008000030           8         128       123.13953
       128008264014749        8264         128       123.13953
       128008459000030        8459         128       7271.3654
       128009176000051        9176         128       29987.152
       129000056000030          56         129       2615.9545
       129000074001207          74         129       29987.152
       130004009000030        4009         130       7271.3654
       134000029008492          29         134       745.05882
       135000992000030         992         135       29987.152
       135001223000030        1223         135       99653.121
       136004971000030        4971         136       123.13953
       136005176000400        5176         136       29987.152
       137004203000123        4203         137       17309.791
       139008490040659        8490         139       11997.946
       141005534000406        5534         141       17309.791
       142000797000030         797         142       29987.152
       142009149009252        9149         142       7271.3654
       142009154009083        9154         142       17309.791
       142009205000612        9205         142       17309.791
       143003938000817        3938         143       11997.946
       143006732000030        6732         143       29987.152
       144000040002624          40         144       7271.3654
       145005723000146        5723         145       11997.946
       145008383000030        8383         145       29987.152
       146000025000030          25         146       123.13953
       147014166000030       14166         147       17309.791
       148000042006326          42         148       4825.3953
       150000220000142         220         150       7271.3654
       150000306000076         306         150       440762.18
       151000160002281         160         151       11997.946
       151000473000030         473         151       4825.3953
       151027209000030       27209         151       440762.18
       152000066008562          66         152       123.13953
       153001348000030        1348         153       17309.791
       155000128024485         128         155       29987.152
       155000137001655         137         155       7271.3654
       155002869000030        2869         155       99653.121
       157000100000030         100         157       123.13953
       159001726000050        1726         159       440762.18
       160000018006347          18         160       123.13953
       160023211000030       23211         160       29987.152
       161000037013714          37         161       4825.3953
       163000566000130         566         163       17309.791
       165012362000314       12362         165       1062.6154
       166007066000030        7066         166       123.13953
       167009760000128        9760         167       17309.791
       168000035000030          35         168       123.13953
       168008987000030        8987         168       7271.3654
       171004116000340        4116         171       7271.3654
       171005097000030        5097         171       17309.791
       173000062000030          62         173       42.000000
       174000096007213          96         174       2615.9545
       174000132001307         132         174       3005.0000
       176003270001918        3270         176       7271.3654
       177008643000202        8643         177       29987.152
       179000403000098         403         179       17309.791
       180000362000030         362         180       4825.3953
       182018619002213       18619         182       99653.121
       182018626001343       18626         182       4825.3953
       183000117061792         117         183       17309.791
       183011331000030       11331         183       3005.0000
       184000854000030         854         184       29987.152
       185000070000030          70         185       2615.9545
       186000241000161         241         186       17309.791
       186014846002245       14846         186       3005.0000
       186015483000076       15483         186       99653.121
       188004455000030        4455         188       7271.3654
       190007485000030        7485         190       29987.152
       191000156000461         156         191       99653.121
       191024440004571       24440         191       29987.152
       193000071000084          71         193       190.00000
       194000305000030         305         194       11997.946
       194001000000044        1000         194       17309.791
       194020047000030       20047         194       11997.946
       195000357000069         357         195       29987.152
       196016205000327       16205         196       11997.946
       198000230000030         230         198       4825.3953
       198003132000030        3132         198       29987.152
       198020007001936       20007         198       29987.152
       199005500001274        5500         199       745.05882
       201010837002195       10837         201       11997.946
       201010885000030       10885         201       3005.0000
       202000461000030         461         202       11997.946
       202013628001083       13628         202       4825.3953
       202013642000144       13642         202       7271.3654
       203000199000030         199         203       3005.0000
       206000101002023         101         206       440762.18
       206000145000441         145         206       7271.3654
       206000185000465         185         206       4825.3953
       208003519013167        3519         208       1062.6154
       208004370000115        4370         208       17309.791
       211000102000586         102         211       2615.9545
       211008928000030        8928         211       3005.0000
       213000151002376         151         213       3005.0000
       213000168000733         168         213       3005.0000
       214000115001499         115         214       29987.152
       215000095000030          95         215       123.13953
       216005334000030        5334         216       123.13953
       216005343000030        5343         216       123.13953
       217003992000030        3992         217       745.05882
       217004121000030        4121         217       4825.3953
       217004417000030        4417         217       11997.946
       218005712000237        5712         218       11997.946
       219000133020719         133         219       2615.9545
       219000155001038         155         219       1062.6154
       221006115000133        6115         221       17309.791
       222000092000030          92         222       1062.6154
       223000388000030         388         223       3005.0000
       223005374000030        5374         223       99653.121
       224000068002417          68         224       123.13953
       227011747000030       11747         227       123.13953
       227011777000030       11777         227       1062.6154
       230003980000310        3980         230       29987.152
       232000070035213          70         232       17309.791
       232000416000030         416         232       4825.3953
       232001163000030        1163         232       17309.791
       233022797008000       22797         233       7271.3654
       233022802004289       22802         233       7271.3654
       236000088000220          88         236       29987.152
       236006886000030        6886         236       123.13953
       236006916000944        6916         236       11997.946
       237000167000362         167         237       29987.152
       238000069007789          69         238       1062.6154
       239000959000030         959         239       11997.946
       239023144000030       23144         239       11997.946
       239023372046891       23372         239       3005.0000
       241000067001773          67         241       17309.791
       242009514000614        9514         242       29987.152
       243000133009164         133         243       29987.152
       244004931000030        4931         244       190.00000
       244004977000386        4977         244       7271.3654
       245001764000030        1764         245       29987.152
       246002458018025        2458         246       123.13953
       246002528000701        2528         246       7271.3654
       247000143013752         143         247       2615.9545
       247000148000030         148         247       190.00000
       247000157003634         157         247       11997.946
       247000213001097         213         247       7271.3654
       248000055002658          55         248       745.05882
       248018438000331       18438         248       11997.946
       248018455000426       18455         248       11997.946
       249015090000030       15090         249       29987.152
       250008109000393        8109         250       4825.3953
       251008392000106        8392         251       17309.791
       252000086008555          86         252       7271.3654
       253000179000801         179         253       4825.3953
       254000216000030         216         254       3005.0000
       256000016009778          16         256       745.05882
       256000130000365         130         256       17309.791
       256000453000195         453         256       99653.121
       257000076000494          76         257       17309.791
       258001629000030        1629         258       17309.791
       259000324000030         324         259       29987.152
       260001979000557        1979         260       2615.9545
       260003938000030        3938         260       17309.791
       263001168000030        1168         263       123.13953
       264000054000030          54         264       53.500000
       264000054005344          54         264       190.00000
       266005723000030        5723         266       29987.152
       267009126004763        9126         267       29987.152
       269004160039411        4160         269       99653.121
       269004269000745        4269         269       7271.3654
       270000083000030          83         270       2615.9545
       270000085000757          85         270       4825.3953
       270009088000116        9088         270       17309.791
       270011532000030       11532         270       29987.152
       272000141000144         141         272       7271.3654
       274004229000030        4229         274       123.13953
       274004249003498        4249         274       11997.946
       275005922000406        5922         275       2615.9545
       276013224000030       13224         276       190.00000
       277000055000030          55         277       53.500000
       277000861000055         861         277       440762.18
       277020306008012       20306         277       2615.9545
       278000880000051         880         278       29987.152
       278016694000576       16694         278       745.05882
       278016722000737       16722         278       4825.3953
       279013390004036       13390         279       745.05882
       282005018001263        5018         282       440762.18
       282006264000030        6264         282       11997.946
       283001662000244        1662         283       3005.0000
       283001746000030        1746         283       2615.9545
       284000131001189         131         284       29987.152
       285000066000030          66         285       123.13953
       288001960000030        1960         288       29987.152
       290000103000030         103         290       1062.6154
       291002857000030        2857         291       123.13953
       292002135000335        2135         292       4825.3953
       294001108000598        1108         294       4825.3953
       294001115000030        1115         294       123.13953
       294001213000198        1213         294       7271.3654
       297000079007125          79         297       29987.152
       297002688000030        2688         297       29987.152
       299000153000962         153         299       11997.946
       302007333027591        7333         302       11997.946
       302007338002420        7338         302       7271.3654
       306000172001104         172         306       29987.152
       307000229000280         229         307       4825.3953
       307002136000132        2136         307       17309.791
       308000037019762          37         308       29987.152
       312000056070955          56         312       4825.3953
       312022814000030       22814         312       123.13953
       313009935006363        9935         313       4825.3953
       313010615000030       10615         313       11997.946
       314013188000030       13188         314       7271.3654
       316002969000030        2969         316       99653.121
       318000923000030         923         318       11997.946
       318005437000030        5437         318       99653.121
       318023528000030       23528         318       123.13953
       319000128003740         128         319       1062.6154
       319000155005040         155         319       29987.152
       319000196000820         196         319       29987.152
       320000577000204         577         320       29987.152
       322004580001683        4580         322       29987.152
       324014448004950       14448         324       190.00000
       327019883001288       19883         327       4825.3953
       327020088000030       20088         327       17309.791
       328012364000275       12364         328       17309.791
       329004028000030        4028         329       123.13953
       330000576000116         576         330       17309.791
       331002239000030        2239         331       7271.3654
       331002446000030        2446         331       17309.791
       333000483000030         483         333       7271.3654
       333009629001101        9629         333       440762.18
       334000083000913          83         334       11997.946
       334006331002235        6331         334       7271.3654
       335000239000092         239         335       17309.791
       336000029005707          29         336       53.500000
       336003766000030        3766         336       99653.121
       337000111000796         111         337       7271.3654
       337000975000052         975         337       99653.121
       337003925000030        3925         337       99653.121
       338000062032505          62         338       4825.3953
       338000330000030         330         338       4825.3953
       338019973000076       19973         338       11997.946
       341000162000030         162         341       1062.6154
       341014280000030       14280         341       1062.6154
       342014343000030       14343         342       1062.6154
       343000479000030         479         343       11997.946
       344006813000030        6813         344       99653.121
       345000077000030          77         345       745.05882
       346000481000030         481         346       11997.946
       347005011000062        5011         347       99653.121
       348000074000030          74         348       2615.9545
       349011510000030       11510         349       4825.3953
       350009798003194        9798         350       4825.3953
       350011562000030       11562         350       17309.791
       351013171023613       13171         351       440762.18
       353014405036287       14405         353       11997.946
       354010690001191       10690         354       11997.946
       354012377000030       12377         354       29987.152
       354012422000030       12422         354       17309.791
       355000054000638          54         355       29987.152
       357000191000284         191         357       4825.3953
       358001249000030        1249         358       11997.946
       359014100000030       14100         359       17309.791
       361009776026654        9776         361       11997.946
       361009776041611        9776         361       123.13953
       363000285000030         285         363       3005.0000
       364000873000158         873         364       99653.121
       367000141050745         141         367       4825.3953
       367000827000030         827         367       17309.791
       369000086000030          86         369       53.500000
       372017490000643       17490         372       7271.3654
       373000237000424         237         373       17309.791
       373002181000030        2181         373       29987.152
       373003630000030        3630         373       99653.121
       375000146000030         146         375       2615.9545
       378000139000795         139         378       3005.0000
       380000249000030         249         380       2615.9545
       381000177001582         177         381       7271.3654
       381002701000030        2701         381       99653.121
       382000297000069         297         382       4825.3953
       387000092015237          92         387       4825.3953
       388009806004622        9806         388       7271.3654
       390010687000935       10687         390       17309.791
       391000132000554         132         391       99653.121
       392000079001927          79         392       123.13953
       394003037000030        3037         394       29987.152
       394003461000030        3461         394       17309.791
       396004407000153        4407         396       11997.946
       397011323000271       11323         397       11997.946
       399012492000091       12492         399       29987.152
       401013054000873       13054         401       17309.791
       402000039002855          39         402       1062.6154
       402000040001492          40         402       1062.6154
       402000051001591          51         402       3005.0000
       402019885000030       19885         402       11997.946
       405000076003850          76         405       11997.946
       407000570009788         570         407       123.13953
       407001804000062        1804         407       29987.152
       407022694000030       22694         407       190.00000
       408018614000030       18614         408       3005.0000
       411016661000030       16661         411       1062.6154
       413015884000266       15884         413       4825.3953
       413015888000606       15888         413       4825.3953
       414000534000030         534         414       11997.946
       414012399000066       12399         414       17309.791
       415017737000030       17737         415       99653.121
       416000273000416         273         416       29987.152
       417002056000030        2056         417       29987.152
       422000103000030         103         422       42.000000
       424013213000030       13213         424       1062.6154
       426017736005002       17736         426       7271.3654
       427000312000030         312         427       11997.946
       427020840000958       20840         427       17309.791
       428000047000030          47         428       123.13953
       428016745000030       16745         428       4825.3953
       429016483000030       16483         429       123.13953
       429016928000030       16928         429       11997.946
       430001997000030        1997         430       99653.121
       431000190000631         190         431       123.13953
       431022070003658       22070         431       3005.0000
       431022096002467       22096         431       7271.3654
       433013790000030       13790         433       190.00000
       435000141001872         141         435       1062.6154
       435000203000373         203         435       3005.0000
       436001286000030        1286         436       99653.121
       436017494167032       17494         436       7271.3654
       437000092005912          92         437       123.13953
       437000617000030         617         437       17309.791
       437005219000495        5219         437       17309.791
       438004538000030        4538         438       29987.152
       438025640000030       25640         438       11997.946
       438026069000030       26069         438       29987.152
       439000181000358         181         439       29987.152
       439000245000030         245         439       2615.9545
       439022913000030       22913         439       17309.791
       440000239000244         239         440       17309.791
       440001571000030        1571         440       17309.791
       441000122001002         122         441       1062.6154
       443007185000030        7185         443       99653.121
       449002368000056        2368         449       29987.152
       450000039002513          39         450       17309.791
       450001942000030        1942         450       3005.0000
       455000135015150         135         455       3005.0000
       455000631000030         631         455       7271.3654
       456000089001573          89         456       2615.9545
       458000089009469          89         458       123.13953
       459001350000030        1350         459       7271.3654
       460001299000030        1299         460       17309.791
       461000082000030          82         461       190.00000
       461000122001128         122         461       4825.3953
       464001507000030        1507         464       1062.6154
       464004047000087        4047         464       99653.121
       465001633002932        1633         465       3005.0000
       465001752000056        1752         465       3005.0000
       466000114001053         114         466       17309.791
       466000144000354         144         466       3005.0000
       467000106003366         106         467       11997.946
       467000368000194         368         467       17309.791
       469003378000030        3378         469       123.13953
       470026541000030       26541         470       3005.0000
       471000244000030         244         471       2615.9545
       473015339001270       15339         473       7271.3654
       477004993000096        4993         477       11997.946
       479002343091622        2343         479       17309.791
       479010381000030       10381         479       99653.121
       481004235000046        4235         481       995642.33
       484000046000590          46         484       745.05882
       484015650000083       15650         484       29987.152
       486000483000030         483         486       7271.3654
       486015802000138       15802         486       17309.791
       487000143006962         143         487       1062.6154
       487000190000030         190         487       2615.9545
       489020453000030       20453         489       1062.6154
       490015786000917       15786         490       7271.3654
       492000101002332         101         492       3005.0000
       493000120000097         120         493       4825.3953
       493008889008643        8889         493       99653.121
       493008900000030        8900         493       123.13953
       493008914000813        8914         493       3005.0000
       493012762000030       12762         493       440762.18
       496001336000030        1336         496       4825.3953
       497003432007594        3432         497       4825.3953
       497003497000235        3497         497       4825.3953
       498000152000030         152         498       53.500000
       498000183000030         183         498       1062.6154
       498000465000238         465         498       7271.3654
       500000089000030          89         500       745.05882
       500000113000030         113         500       1062.6154
       500013363000030       13363         500       53.500000
       500013543000270       13543         500       11997.946
       502028872000030       28872         502       29987.152
       503000220000030         220         503       745.05882
       504000424000030         424         504       7271.3654
       506000784000030         784         506       11997.946
       507003563000030        3563         507       29987.152
       508000173000209         173         508       440762.18
       509000222000313         222         509       440762.18
       511000199000121         199         511       29987.152
