         199
     40000003000010239           3          40       1144.1778
     40000134000000000         134          40       1144.1778
     40000178000000000         178          40       1097.3460
     41000000000205354           0          41       108.80000
     41000153000000462         153          41       1144.1778
     41000204000000000         204          41       1097.3460
     41000244000000000         244          41       1097.3460
     42000000000339826           0          42       1097.3460
     42000000000690664           0          42       1097.3460
     42000000000478457           0          42       85.333333
     42000106000000000         106          42       1144.1778
     42000227000000000         227          42       1097.3460
     43000001000051719           1          43       1097.3460
     43000054000000000          54          43       994.81600
     43000064000000749          64          43       1097.3460
     43000102000000000         102          43       1144.1778
     43000105000000000         105          43       1144.1778
     43000143000000000         143          43       1097.3460
     44000000000768750           0          44       1097.3460
     44000000000286422           0          44       1144.1778
     44000050000000000          50          44       795.62105
     44000127000000000         127          44       1144.1778
     44000158000000000         158          44       1097.3460
     44000168000000000         168          44       1097.3460
     44000215000000000         215          44       1097.3460
     45000001000019180           1          45       435.20000
     45000016000000000          16          45       508.98824
     45000033000000000          33          45       795.62105
     45000076000000000          76          45       994.81600
     45000234000000000         234          45       1097.3460
     46000000000273878           0          46       994.81600
     46000000000000000           0          46       85.333333
     46000003000000000           3          46       435.20000
     46000007000005303           7          46       1097.3460
     46000059000000000          59          46       994.81600
     46000260000000000         260          46       1097.3460
     47000000000277120           0          47       316.80000
     47000016000000000          16          47       508.98824
     47000051000000000          51          47       795.62105
     47000067000000000          67          47       994.81600
     47000143000000000         143          47       1144.1778
     47000191000000000         191          47       1097.3460
     47000192000000000         192          47       1097.3460
     48000000000119606           0          48       1097.3460
     48000002000033392           2          48       401.60000
     48000012000000000          12          48       442.66667
     49000220000000000         220          49       1097.3460
     50000002000008725           2          50       1097.3460
     50000103000000000         103          50       1144.1778
     50000243000000000         243          50       1097.3460
     51000000000350200           0          51       1144.1778
     51000000000205429           0          51       1144.1778
     51000002000059704           2          51       1144.1778
     51000002000049872           2          51       401.60000
     51000003000000000           3          51       316.80000
     51000011000000000          11          51       442.66667
     51000014000000000          14          51       508.98824
     51000023000000000          23          51       508.98824
     51000026000000409          26          51       508.98824
     51000053000000000          53          51       795.62105
     51000056000000000          56          51       994.81600
     51000172000000000         172          51       1097.3460
     51000236000000000         236          51       1097.3460
     51000248000000000         248          51       1097.3460
     52000000000173023           0          52       1097.3460
     52000105000000000         105          52       1097.3460
     52000203000000000         203          52       1097.3460
     53000000000213741           0          53       332.80000
     53000001000000000           1          53       277.33333
     53000006000000000           6          53       435.20000
     53000069000000000          69          53       1144.1778
     53000071000000000          71          53       994.81600
     53000183000000000         183          53       1097.3460
     53000205000000000         205          53       1097.3460
     53000208000000000         208          53       1097.3460
     53000219000000000         219          53       1097.3460
     54000000000102406           0          54       994.81600
     54000000000100236           0          54       1144.1778
     54000006000000000           6          54       401.60000
     54000025000000000          25          54       508.98824
     54000029000000000          29          54       508.98824
     54000157000000000         157          54       1097.3460
     54000211000000000         211          54       1097.3460
     54000249000000000         249          54       1097.3460
     55000006000000000           6          55       401.60000
     55000071000000000          71          55       994.81600
     55000144000000000         144          55       1144.1778
     55000248000000000         248          55       1097.3460
     56000000000251681           0          56       994.81600
     56000000000185643           0          56       277.33333
     56000026000000000          26          56       508.98824
     56000068000000000          68          56       994.81600
     56000102000000000         102          56       1144.1778
     56000222000000000         222          56       1097.3460
     57000026000000000          26          57       795.62105
     57000125000000000         125          57       1144.1778
     57000144000000000         144          57       1144.1778
     57000229000000000         229          57       1097.3460
     58000003000000000           3          58       435.20000
     58000114000000000         114          58       1144.1778
     58000213000000000         213          58       1097.3460
     59000000000248343           0          59       277.33333
     59000021000000000          21          59       508.98824
     59000062000000000          62          59       994.81600
     59000065000000000          65          59       994.81600
     60000007000000000           7          60       401.60000
     60000030000000000          30          60       795.62105
     60000061000000000          61          60       994.81600
     61000000000295782           0          61       994.81600
     61000000000515503           0          61       108.80000
     61000000000000000           0          61       108.80000
     61000013000000000          13          61       442.66667
     62000013000000000          13          62       442.66667
     62000018000000000          18          62       442.66667
     62000037000000000          37          62       795.62105
     62000051000000000          51          62       795.62105
     62000076000000000          76          62       994.81600
     63000003000000000           3          63       316.80000
     63000078000001492          78          63       1097.3460
     63000101000000000         101          63       1144.1778
     64000034000000000          34          64       795.62105
     65000000000268798           0          65       1097.3460
     65000002000000000           2          65       316.80000
     65000029000000000          29          65       508.98824
     65000172000000000         172          65       1097.3460
     66000000000143299           0          66       994.81600
     66000004000013818           4          66       1097.3460
     66000015000000000          15          66       442.66667
     66000021000000000          21          66       508.98824
     66000023000000000          23          66       508.98824
     66000037000000000          37          66       795.62105
     66000152000000000         152          66       1144.1778
     66000174000000000         174          66       1097.3460
     66000224000000000         224          66       1097.3460
     67000000000000000           0          67       108.80000
     67000014000000000          14          67       442.66667
     67000072000000000          72          67       994.81600
     68000000000000000           0          68       85.333333
     68000012000000000          12          68       442.66667
     68000055000000000          55          68       994.81600
     69000093000000000          93          69       1144.1778
     70000007000000000           7          70       401.60000
     70000020000000000          20          70       508.98824
     70000034000000000          34          70       795.62105
     70000050000000000          50          70       795.62105
     70000206000000000         206          70       1097.3460
     71000004000000000           4          71       401.60000
     71000013000000000          13          71       442.66667
     71000154000000000         154          71       1097.3460
     71000195000000000         195          71       1097.3460
     72000024000000000          24          72       508.98824
     72000027000000524          27          72       795.62105
     72000195000000000         195          72       1097.3460
     73000000000106507           0          73       442.66667
     73000032000000000          32          73       795.62105
     73000056000000699          56          73       1144.1778
     73000128000000000         128          73       1144.1778
     73000166000000000         166          73       1097.3460
     73000197000000000         197          73       1097.3460
     73000226000000000         226          73       1097.3460
     74000012000000000          12          74       442.66667
     74000023000000000          23          74       508.98824
     74000081000000000          81          74       994.81600
     74000114000000000         114          74       1097.3460
     74000132000000000         132          74       1097.3460
     74000170000000000         170          74       1097.3460
     75000042000001731          42          75       1144.1778
     75000131000000000         131          75       1144.1778
     75000142000000000         142          75       1144.1778
     75000195000000000         195          75       1097.3460
     76000000000205677           0          76       508.98824
     76000051000000000          51          76       994.81600
     76000093000000000          93          76       1144.1778
     76000152000000000         152          76       1144.1778
     76000192000000000         192          76       1097.3460
     77000034000000000          34          77       795.62105
     77000045000000000          45          77       795.62105
     77000047000000000          47          77       795.62105
     77000098000000000          98          77       1097.3460
     77000120000000000         120          77       1144.1778
     78000000000330402           0          78       795.62105
     78000001000036843           1          78       1144.1778
     78000009000000000           9          78       442.66667
     78000078000000000          78          78       994.81600
     78000103000000000         103          78       1144.1778
     78000218000000000         218          78       1097.3460
     78000221000000000         221          78       1097.3460
     79000000000254499           0          79       1097.3460
     79000000000149457           0          79       1144.1778
     79000000000240395           0          79       994.81600
     79000001000023641           1          79       1144.1778
     79000115000000312         115          79       1097.3460
     80000000000271344           0          80       1144.1778
     80000000000492583           0          80       795.62105
     80000001000017877           1          80       401.60000
     80000006000004252           6          80       508.98824
     80000021000001892          21          80       994.81600
     80000051000000000          51          80       994.81600
     80000190000000000         190          80       1097.3460
