         197
         5000058000010          58           5       14.500000
        15016973000010       16973          15       222685.92
        17014111024754       14111          17       1472.3333
        22003473000010        3473          22       4784.0000
        25007481000010        7481          25       57023.789
        26009021001093        9021          26       4784.0000
        30000061000278          61          30       11026.000
        32003785000010        3785          32       93784.947
        34003756000010        3756          34       222685.92
        36007439000010        7439          36       11026.000
        38002331000010        2331          38       57023.789
        38014655000248       14655          38       43987.000
        42006820000010        6820          42       46.750000
        47007615000010        7615          47       222685.92
        49011771000010       11771          49       1472.3333
        54000083003262          83          54       18413.846
        55018546000010       18546          55       57023.789
        56000230000010         230          56       18413.846
        56019464000010       19464          56       222685.92
        59020778000010       20778          59       540897.50
        62001286000010        1286          62       57023.789
        63000168000705         168          63       93784.947
        67015224000010       15224          67       23362.706
        68010555000010       10555          68       11026.000
        68012181000010       12181          68       43987.000
        71000074000010          74          71       46.750000
        73014255000010       14255          73       592.37500
        77000740000010         740          77       18413.846
        77021877000101       21877          77       23362.706
        78000118000010         118          78       281.25000
        79016244000528       16244          79       43987.000
        80002629000010        2629          80       93784.947
        82000078000010          78          82       1472.3333
        83000633000179         633          83       93784.947
        84017097000010       17097          84       18413.846
        85000102001211         102          85       7110.5833
        90025639000205       25639          90       540897.50
        96000656000010         656          96       23362.706
        97020139000010       20139          97       57023.789
       100000021000010          21         100       1472.3333
       100018075000010       18075         100       7110.5833
       101020533000517       20533         101       23362.706
       104000027000010          27         104       592.37500
       104019908000304       19908         104       11026.000
       106000108004997         108         106       11026.000
       112009972000146        9972         112       222685.92
       113013012003084       13012         113       57023.789
       114014948003073       14948         114       18413.846
       117001841000010        1841         117       93784.947
       121011858000010       11858         121       18413.846
       125017747000010       17747         125       222685.92
       128000007000010           7         128       281.25000
       128000659000010         659         128       43987.000
       130004804000010        4804         130       23362.706
       133000059000010          59         133       46.750000
       134007603000010        7603         134       281.25000
       135006483000010        6483         135       11026.000
       137000083000010          83         137       11026.000
       138001570000010        1570         138       23362.706
       139002379000010        2379         139       93784.947
       148000048000329          48         148       139.42857
       152003367000010        3367         152       93784.947
       154000185002996         185         154       14.500000
       154012645000010       12645         154       592.37500
       161002090000010        2090         161       43987.000
       168008672000010        8672         168       281.25000
       169005183000010        5183         169       93784.947
       171004154000010        4154         171       7110.5833
       172000376006352         376         172       57023.789
       174000110003063         110         174       7116.7143
       175000211000337         211         175       11026.000
       177017678000010       17678         177       540897.50
       178015163000010       15163         178       2693.1667
       178016811000010       16811         178       93784.947
       184013808000136       13808         184       540897.50
       184014086000010       14086         184       43987.000
       185015472000010       15472         185       11026.000
       187013359000010       13359         187       4784.0000
       190000419000049         419         190       57023.789
       199019516000010       19516         199       7110.5833
       200001060000010        1060         200       43987.000
       204011959000010       11959         204       7110.5833
       210011595000010       11595         210       57023.789
       215020319000010       20319         215       540897.50
       218006485000010        6485         218       23362.706
       218007447000010        7447         218       93784.947
       220004594000010        4594         220       540897.50
       222004978000010        4978         222       23362.706
       226000116001729         116         226       57023.789
       226022969000010       22969         226       43987.000
       232000109000010         109         232       4784.0000
       232005771000010        5771         232       93784.947
       234000097000010          97         234       139.42857
       234016389000010       16389         234       46.750000
       239000136000010         136         239       14.500000
       243011819000010       11819         243       23362.706
       243018542000010       18542         243       222685.92
       247001371000010        1371         247       23362.706
       255000569000010         569         255       18413.846
       257000736000010         736         257       18413.846
       257007857000010        7857         257       93784.947
       258000051016723          51         258       57023.789
       263000131000010         131         263       592.37500
       265015246000010       15246         265       93784.947
       273000098000780          98         273       43987.000
       273013130010343       13130         273       11026.000
       277020306000010       20306         277       139.42857
       281000054000010          54         281       139.42857
       289000047006005          47         289       222685.92
       289000090000010          90         289       4784.0000
       290000352000010         352         290       11026.000
       296004089000010        4089         296       7116.7143
       298024184000010       24184         298       93784.947
       300000064000010          64         300       281.25000
       302007333000010        7333         302       46.750000
       307000230000010         230         307       7116.7143
       312000057000010          57         312       14.500000
       321003635000010        3635         321       57023.789
       324014496000010       14496         324       2693.1667
       329000075000010          75         329       4784.0000
       330003073000051        3073         330       222685.92
       331001798000010        1798         331       7110.5833
       331003990000010        3990         331       57023.789
       332007181000010        7181         332       139.42857
       336000029000205          29         336       14.500000
       336000087001604          87         336       222685.92
       348009125000010        9125         348       2693.1667
       349000109000010         109         349       592.37500
       352013586000010       13586         352       23362.706
       354020011000010       20011         354       222685.92
       357019852000010       19852         357       2693.1667
       366000214000411         214         366       23362.706
       369006545000010        6545         369       139.42857
       373007858000041        7858         373       18413.846
       375015326000010       15326         375       46.750000
       381004654000010        4654         381       57023.789
       386000013000010          13         386       1472.3333
       386020716000010       20716         386       14.500000
       388000049000010          49         388       2.0000000
       388010803000010       10803         388       23362.706
       389000871000010         871         389       11026.000
       392023658000010       23658         392       18413.846
       393000215000010         215         393       7110.5833
       396019251000010       19251         396       1432143.0
       402019843000010       19843         402       23362.706
       403000528000010         528         403       18413.846
       411000165024914         165         411       14.500000
       411002238000010        2238         411       93784.947
       411018090000010       18090         411       43987.000
       413003221000010        3221         413       93784.947
       419000140000010         140         419       7116.7143
       420004160000010        4160         420       23362.706
       420019926000010       19926         420       1432143.0
       428017228000010       17228         428       23362.706
       430000234000325         234         430       222685.92
       430008533000010        8533         430       14.500000
       430008536000010        8536         430       281.25000
       432000086000010          86         432       2693.1667
       436000319000010         319         436       7110.5833
       437005148000010        5148         437       2.0000000
       438000333000010         333         438       7110.5833
       439022529000010       22529         439       592.37500
       440004125000010        4125         440       93784.947
       443000735000010         735         443       18413.846
       444001285000106        1285         444       222685.92
       445000128000010         128         445       7110.5833
       453000138081184         138         453       43987.000
       456021445000010       21445         456       93784.947
       458000659000123         659         458       57023.789
       459000087000010          87         459       592.37500
       461003111000010        3111         461       57023.789
       461014321000010       14321         461       540897.50
       462000127006779         127         462       7116.7143
       465001674000010        1674         465       2693.1667
       470000392000010         392         470       7110.5833
       471024512000010       24512         471       43987.000
       473000194000010         194         473       7116.7143
       477006813000010        6813         477       43987.000
       479002346000010        2346         479       139.42857
       479002351000010        2351         479       281.25000
       479002863000010        2863         479       11026.000
       481002320000010        2320         481       43987.000
       486016394000010       16394         486       43987.000
       488000057000010          57         488       1472.3333
       488000540000094         540         488       93784.947
       488014946000010       14946         488       57023.789
       489000125000010         125         489       46.750000
       492000131001278         131         492       57023.789
       500000081000010          81         500       46.750000
       500000343000010         343         500       18413.846
       504013290000010       13290         504       23362.706
       507000140000010         140         507       592.37500
       508000278000010         278         508       7110.5833
       509000161000010         161         509       281.25000
       509002846000010        2846         509       57023.789
       509014204000010       14204         509       540897.50
       511002865000010        2865         511       7116.7143
