         957
             603000003         603           0       2602.1132
            1091000003        1091           0       4836.6282
         2003118002743        3118           2       4003.6316
         3000074000931          74           3       1723.5625
         5000066000003          66           5       58.720930
         5000828000003         828           5       4003.6316
         5027191000003       27191           5       136769.93
         6000306003009         306           6       2.9655172
         6020170000003       20170           6       17.428571
         7000249000003         249           7       2602.1132
         7000365000003         365           7       4003.6316
         7014665000003       14665           7       134.64865
         7016254000003       16254           7       7453.5119
         8000573000003         573           8       4836.6282
         8012933000373       12933           8       2.9655172
         8014359000003       14359           8       9819.4615
        10000025000003          25          10       17.428571
        10019247000003       19247          10       420.17949
        11001641000003        1641          11       7453.5119
        11019582000003       19582          11       281.45455
        12013925000003       13925          12       134.64865
        12018381000003       18381          12       17283.598
        13000963000003         963          13       7453.5119
        14000033000003          33          14       41.035714
        14000196000003         196          14       2602.1132
        14010870000003       10870          14       17.428571
        14010962000003       10962          14       1486.3030
        15002765000003        2765          15       17283.598
        16000696000003         696          16       4836.6282
        16013108000704       13108          16       17.428571
        18001312000003        1312          18       1486.3030
        18003271000003        3271          18       9819.4615
        19000064000641          64          19       41.035714
        19019262000003       19262          19       323384.60
        20000000000003           0          20       1.0000000
        20000007002791           7          20       420.17949
        20006346000003        6346          20       920.61290
        21000064013717          64          21       2.9655172
        21000757000003         757          21       4003.6316
        21001712000003        1712          21       7453.5119
        22003999000003        3999          22       4003.6316
        23003330000003        3330          23       1.0000000
        23003331000003        3331          23       41.035714
        23005453000003        5453          23       7453.5119
        24001745000003        1745          24       9819.4615
        26000062000003          62          26       1723.5625
        26009123000003        9123          26       1723.5625
        27000115000003         115          27       281.45455
        27000142000003         142          27       920.61290
        27001140000003        1140          27       7453.5119
        27017393000003       17393          27       17283.598
        28000076000003          76          28       134.64865
        29000113000003         113          29       420.17949
        29001634000003        1634          29       9819.4615
        30001155000003        1155          30       17283.598
        30004807000003        4807          30       1486.3030
        30005137000003        5137          30       2602.1132
        32000503000003         503          32       4003.6316
        32017619000052       17619          32       17.428571
        33000056000003          56          33       420.17949
        33013838000003       13838          33       7453.5119
        34000013000003          13          34       2.9655172
        34010688000003       10688          34       1723.5625
        34012803000003       12803          34       9819.4615
        35000044039485          44          35       17.428571
        35006935000003        6935          35       420.17949
        36014358000003       14358          36       60432.356
        37000045000003          45          37       58.720930
        37000217000003         217          37       1723.5625
        37001022000003        1022          37       7453.5119
        37014534000003       14534          37       281.45455
        38000181000003         181          38       1486.3030
        38014451000003       14451          38       2.9655172
        39009262000003        9262          39       2.9655172
        40009634000003        9634          40       7453.5119
        40014246000003       14246          40       60432.356
        42000223000164         223          42       9819.4615
        43001968000003        1968          43       4003.6316
        43002345000003        2345          43       4836.6282
        44000507000003         507          44       2602.1132
        45001691000003        1691          45       4836.6282
        46018449000003       18449          46       136769.93
        47002084000003        2084          47       134.64865
        47003735000003        3735          47       7453.5119
        47007469000003        7469          47       17283.598
        47023932000151       23932          47       4836.6282
        47024565000003       24565          47       9819.4615
        48000020000003          20          48       2.9655172
        48001237000003        1237          48       7453.5119
        48016659000003       16659          48       9819.4615
        49011780000003       11780          49       420.17949
        52015402000003       15402          52       323384.60
        53020467000003       20467          53       7453.5119
        54000064000003          64          54       2.9655172
        54000065000003          65          54       17.428571
        54000145000034         145          54       920.61290
        54000352000003         352          54       1723.5625
        54003703000003        3703          54       9819.4615
        55025757000003       25757          55       136769.93
        57000060000003          60          57       58.720930
        58000094000003          94          58       420.17949
        58002701000003        2701          58       9819.4615
        59000115027911         115          59       58.720930
        59000200000003         200          59       920.61290
        59001255000003        1255          59       4836.6282
        59028703000049       28703          59       17283.598
        61005123000003        5123          61       420.17949
        61014424000003       14424          61       60432.356
        62010362052555       10362          62       4836.6282
        62016629000003       16629          62       60432.356
        64000269000003         269          64       2602.1132
        64006111000003        6111          64       60432.356
        64009863000003        9863          64       136769.93
        65000383000003         383          65       2602.1132
        65002783000003        2783          65       9819.4615
        65004192000003        4192          65       17283.598
        65004888000003        4888          65       17283.598
        67001068000003        1068          67       7453.5119
        67014762005384       14762          67       9819.4615
        68010621000003       10621          68       4003.6316
        68013176000003       13176          68       9819.4615
        69000024000003          24          69       58.720930
        69009416000003        9416          69       1723.5625
        69010109000003       10109          69       4836.6282
        70000113000003         113          70       1723.5625
        70015887000003       15887          70       4836.6282
        71000081007451          81          71       58.720930
        72000025000205          25          72       134.64865
        72018401004601       18401          72       134.64865
        73014698000282       14698          73       136769.93
        74005771000003        5771          74       4836.6282
        74007945000003        7945          74       17283.598
        77003065000003        3065          77       9819.4615
        77006375000003        6375          77       60432.356
        78002076000003        2076          78       7453.5119
        78020737000003       20737          78       7453.5119
        78021425000003       21425          78       17283.598
        79000175017166         175          79       4003.6316
        79004746000003        4746          79       60432.356
        80000022038647          22          80       1486.3030
        82006630000003        6630          82       60432.356
        83019659000504       19659          83       281.45455
        83019665000003       19665          83       420.17949
        83023903000003       23903          83       60432.356
        84002387000003        2387          84       17283.598
        84022240000003       22240          84       136769.93
        85000588000003         588          85       4003.6316
        85019947000003       19947          85       41.035714
        85020268000003       20268          85       4836.6282
        86000987000003         987          86       4836.6282
        86003779000003        3779          86       9819.4615
        87000436000003         436          87       2602.1132
        87006312000003        6312          87       17283.598
        88004352000003        4352          88       17.428571
        88004783000109        4783          88       4836.6282
        88007132000003        7132          88       7453.5119
        88012827000003       12827          88       60432.356
        89008860000003        8860          89       17283.598
        90001127000003        1127          90       2.4000000
        90001990000131        1990          90       17283.598
        90011124000003       11124          90       60432.356
        90025637000003       25637          90       2602.1132
        91000129001457         129          91       1723.5625
        91010836000003       10836          91       60432.356
        93000108000003         108          93       1.0000000
        93000109000003         109          93       2.4000000
        94020408000003       20408          94       281.45455
        95000308000430         308          95       7453.5119
        96015562000003       15562          96       17283.598
        97000838000003         838          97       4836.6282
        97017794000003       17794          97       696169.00
        98000077000003          77          98       58.720930
        98001808000003        1808          98       9819.4615
        99000590000003         590          99       4836.6282
       100003373000003        3373         100       17283.598
       100018076000003       18076         100       1723.5625
       100020439000003       20439         100       17283.598
       101000108000003         108         101       41.035714
       101005688000003        5688         101       17283.598
       101006000000003        6000         101       17283.598
       102017803001635       17803         102       17283.598
       103002617000003        2617         103       9819.4615
       104000016054564          16         104       2.9655172
       104000031000003          31         104       134.64865
       104019767000003       19767         104       2.9655172
       104019769000003       19769         104       58.720930
       105000060000003          60         105       281.45455
       105006748000003        6748         105       134.64865
       105007847000003        7847         105       4836.6282
       105029394000003       29394         105       4836.6282
       106003011000003        3011         106       9819.4615
       106023556000003       23556         106       4003.6316
       107000177000003         177         107       920.61290
       108007418000003        7418         108       9819.4615
       108021032000003       21032         108       136769.93
       108023936000003       23936         108       136769.93
       109000324000003         324         109       1723.5625
       109000348000003         348         109       1723.5625
       109019087004154       19087         109       7453.5119
       110010590005667       10590         110       17.428571
       110010768000215       10768         110       17283.598
       110013075000003       13075         110       9819.4615
       113013009000003       13009         113       17.428571
       114015272000003       15272         114       4003.6316
       115000114000003         114         115       41.035714
       115001246000003        1246         115       7453.5119
       116010362000003       10362         116       920.61290
       117000193000003         193         117       1723.5625
       120006016000003        6016         120       281.45455
       120006548000003        6548         120       4003.6316
       120007569000003        7569         120       7453.5119
       120009626000003        9626         120       17283.598
       122000095000003          95         122       2.9655172
       122002221000003        2221         122       9819.4615
       124000077000003          77         124       281.45455
       124009789000003        9789         124       1723.5625
       124010172000003       10172         124       4003.6316
       125000167000003         167         125       920.61290
       125000498000121         498         125       7453.5119
       125010760000214       10760         125       7453.5119
       126000089024073          89         126       2.4000000
       126003740000003        3740         126       2.9655172
       126004813000003        4813         126       4836.6282
       127000130000003         130         127       2.9655172
       127016002000003       16002         127       1486.3030
       127016415000003       16415         127       4003.6316
       128009744000003        9744         128       7453.5119
       128011194000003       11194         128       9819.4615
       129004877000877        4877         129       58.720930
       131026309000003       26309         131       2.9655172
       131026391000003       26391         131       4003.6316
       132000043000003          43         132       41.035714
       132001731000003        1731         132       7453.5119
       132005407000003        5407         132       17283.598
       132017506000045       17506         132       41.035714
       133000652000003         652         133       4003.6316
       134007891000003        7891         134       2602.1132
       134008056000003        8056         134       2602.1132
       134008286000003        8286         134       4003.6316
       135000304000691         304         135       4836.6282
       136005003000003        5003         136       281.45455
       136005746000003        5746         136       4003.6316
       138000540000003         540         138       420.17949
       141000075000003          75         141       1723.5625
       141005527000003        5527         141       1486.3030
       142001948000003        1948         142       17283.598
       142012855000003       12855         142       17283.598
       144000511000003         511         144       4836.6282
       144010705000003       10705         144       4003.6316
       146007633000003        7633         146       1486.3030
       146010742000003       10742         146       17283.598
       147000077000003          77         147       41.035714
       147012668000060       12668         147       4836.6282
       147013792000003       13792         147       9819.4615
       148000061000003          61         148       134.64865
       149000071000003          71         149       281.45455
       149002026000003        2026         149       7453.5119
       150000134000003         134         150       420.17949
       150006462000277        6462         150       2602.1132
       151000163000003         163         151       281.45455
       151026077000003       26077         151       4836.6282
       152000067000003          67         152       58.720930
       152000588000003         588         152       2602.1132
       152001405000043        1405         152       9819.4615
       152008192000003        8192         152       136769.93
       152020120000003       20120         152       7453.5119
       153016315051957       16315         153       920.61290
       153016317000003       16317         153       58.720930
       154000185002989         185         154       2.9655172
       155012399000003       12399         155       1723.5625
       155012582000003       12582         155       4003.6316
       155013085000003       13085         155       4836.6282
       156000087000003          87         156       281.45455
       156009199000003        9199         156       420.17949
       157009554000003        9554         157       420.17949
       158006647000003        6647         158       17283.598
       158009976000003        9976         158       60432.356
       159001434000003        1434         159       7453.5119
       160023691000003       23691         160       9819.4615
       161000041001900          41         161       134.64865
       161000049000003          49         161       281.45455
       161000073000003          73         161       420.17949
       161006518000003        6518         161       60432.356
       162020764000003       20764         162       2.9655172
       162023931000003       23931         162       60432.356
       163000093000003          93         163       58.720930
       163000105000003         105         163       420.17949
       163002117000003        2117         163       9819.4615
       163016360003607       16360         163       1723.5625
       163018153000003       18153         163       9819.4615
       164000981000003         981         164       7453.5119
       164014180000003       14180         164       7453.5119
       164014671000003       14671         164       9819.4615
       165000111000003         111         165       420.17949
       165012340000003       12340         165       2.9655172
       166000178000487         178         166       9819.4615
       166007866000003        7866         166       4003.6316
       168008706000003        8706         168       420.17949
       168008938000003        8938         168       1723.5625
       168009600000003        9600         168       4836.6282
       168012507000003       12507         168       17283.598
       169000102000003         102         169       920.61290
       170000986000076         986         170       7453.5119
       171000581000003         581         171       9819.4615
       171004008001378        4008         171       9819.4615
       171004225000003        4225         171       1723.5625
       171010782000003       10782         171       17283.598
       171017618000003       17618         171       136769.93
       172000531000003         531         172       1486.3030
       172008358000165        8358         172       2.9655172
       173001082000003        1082         173       4836.6282
       173002998000003        2998         173       9819.4615
       174000096000003          96         174       41.035714
       175000168000003         168         175       420.17949
       176003238000003        3238         176       41.035714
       176007437000003        7437         176       17283.598
       177001849000003        1849         177       17283.598
       178000379000093         379         178       7453.5119
       178016000000003       16000         178       7453.5119
       179000170000003         170         179       1486.3030
       179000764000003         764         179       4003.6316
       179001158000003        1158         179       4836.6282
       180000063000003          63         180       2.9655172
       180011716000003       11716         180       136769.93
       182000163000003         163         182       420.17949
       182000271000003         271         182       1723.5625
       182001793000003        1793         182       7453.5119
       182018710000003       18710         182       1723.5625
       183000117000003         117         183       17.428571
       184012714000003       12714         184       1486.3030
       185015321001685       15321         185       1723.5625
       185015333000003       15333         185       920.61290
       186000108004424         108         186       4003.6316
       186000111000003         111         186       134.64865
       186000186000003         186         186       1486.3030
       186020358000003       20358         186       60432.356
       186021021000003       21021         186       60432.356
       187013281000003       13281         187       2.9655172
       187013286000003       13286         187       58.720930
       187013320000003       13320         187       920.61290
       190005065000003        5065         190       4836.6282
       191000137000003         137         191       134.64865
       191002137000003        2137         191       7453.5119
       191002538000003        2538         191       7453.5119
       191004091000003        4091         191       9819.4615
       192000011000003          11         192       920.61290
       192000497000003         497         192       4003.6316
       193000364000003         364         193       2602.1132
       193000813000003         813         193       4836.6282
       193001131000003        1131         193       4836.6282
       194000043000003          43         194       2.4000000
       194000196000003         196         194       1486.3030
       194019440000003       19440         194       41.035714
       195011358000003       11358         195       9819.4615
       195015756000003       15756         195       60432.356
       196009273000003        9273         196       323384.60
       196016276000003       16276         196       2602.1132
       196016295000003       16295         196       4003.6316
       196016316000003       16316         196       4003.6316
       197000200000003         200         197       1486.3030
       197001224000003        1224         197       9819.4615
       197004813000003        4813         197       17283.598
       198000106000003         106         198       134.64865
       198001212000003        1212         198       4836.6282
       199000111000003         111         199       41.035714
       199019710000003       19710         199       4003.6316
       199020404000003       20404         199       9819.4615
       201013723000003       13723         201       17283.598
       202013647000003       13647         202       420.17949
       202014231000003       14231         202       4836.6282
       203000331000003         331         203       2602.1132
       203014061000003       14061         203       7453.5119
       203015330000003       15330         203       9819.4615
       204000539000003         539         204       4003.6316
       204000631000003         631         204       4836.6282
       204011660000003       11660         204       2.4000000
       204011662000003       11662         204       2.9655172
       204011664000003       11664         204       2.9655172
       205000104000003         104         205       2.9655172
       205002714000003        2714         205       7453.5119
       206000107000003         107         206       58.720930
       206000209000003         209         206       920.61290
       206000230000809         230         206       60432.356
       206000399000003         399         206       1723.5625
       206027135000003       27135         206       420.17949
       207001104000003        1104         207       4003.6316
       207011456000003       11456         207       60432.356
       208003517000003        3517         208       2.9655172
       208003577000003        3577         208       420.17949
       209002150000321        2150         209       9819.4615
       210000122000937         122         210       60432.356
       210004472000900        4472         210       2.9655172
       210007884000003        7884         210       1723.5625
       211008907000003        8907         211       2.9655172
       211009896000003        9896         211       7453.5119
       212002062000003        2062         212       9819.4615
       212002621000003        2621         212       9819.4615
       213000143000003         143         213       2.9655172
       213001002000003        1002         213       7453.5119
       213003423000003        3423         213       17283.598
       213016358000003       16358         213       9819.4615
       214000653000003         653         214       4836.6282
       214009737000003        9737         214       134.64865
       215006906000003        6906         215       920.61290
       216005715000003        5715         216       1723.5625
       217013764000003       13764         217       60432.356
       218000064061425          64         218       1486.3030
       218000064000003          64         218       2.9655172
       218000094000003          94         218       1486.3030
       218005494000003        5494         218       2.9655172
       218006826000003        6826         218       4836.6282
       218008466000003        8466         218       9819.4615
       218019817000003       19817         218       136769.93
       219000132000003         132         219       2.9655172
       219000141000003         141         219       58.720930
       219000290000003         290         219       1486.3030
       219004137000003        4137         219       17283.598
       219021675000003       21675         219       2602.1132
       220009360000003        9360         220       420.17949
       220011017000003       11017         220       7453.5119
       221000856000003         856         221       17283.598
       223000187000003         187         223       2.9655172
       224000137001122         137         224       17283.598
       225002224000003        2224         225       9819.4615
       226000077000003          77         226       17.428571
       226000084000003          84         226       58.720930
       226004338000003        4338         226       17283.598
       226014733000003       14733         226       136769.93
       227015849000003       15849         227       17283.598
       227020118000003       20118         227       60432.356
       228005001006489        5001         228       134.64865
       228005175000003        5175         228       1486.3030
       228005706000003        5706         228       4003.6316
       229002732000003        2732         229       1.0000000
       229006482000003        6482         229       9819.4615
       230003181000003        3181         230       2602.1132
       231001048000003        1048         231       134.64865
       231001061000003        1061         231       281.45455
       232000070000183          70         232       2.9655172
       233000112000003         112         233       17.428571
       233000120000003         120         233       58.720930
       233000214000003         214         233       920.61290
       233000965000003         965         233       7453.5119
       233027772000003       27772         233       136769.93
       234000560000003         560         234       4003.6316
       234016860000003       16860         234       4836.6282
       235000719000003         719         235       4003.6316
       235003547000003        3547         235       17283.598
       235014487012327       14487         235       420.17949
       235016381000003       16381         235       9819.4615
       236000378000003         378         236       4836.6282
       237000067000003          67         237       134.64865
       237000360000087         360         237       4836.6282
       238008498000003        8498         238       60432.356
       239000362008361         362         239       9819.4615
       239000399029033         399         239       9819.4615
       239000629000003         629         239       2602.1132
       239000948000003         948         239       4003.6316
       239003878000003        3878         239       9819.4615
       241008844024832        8844         241       281.45455
       241008847000003        8847         241       58.720930
       242000429000003         429         242       4836.6282
       242009397000003        9397         242       281.45455
       243010930000003       10930         243       58.720930
       243011394000003       11394         243       4003.6316
       243013327000003       13327         243       9819.4615
       244006408000003        6408         244       7453.5119
       246000124001806         124         246       2.9655172
       247022617000003       22617         247       4003.6316
       248000047000003          47         248       2.9655172
       248000048038055          48         248       2.4000000
       248001354000003        1354         248       7453.5119
       249001238000003        1238         249       7453.5119
       249002962000003        2962         249       17283.598
       249011809000003       11809         249       58.720930
       250000113000003         113         250       281.45455
       251007866000003        7866         251       2.9655172
       253001085000003        1085         253       7453.5119
       253014608000003       14608         253       17283.598
       254003199000003        3199         254       17283.598
       256000015000003          15         256       58.720930
       257000319000003         319         257       1723.5625
       257001335000003        1335         257       4836.6282
       258000090000003          90         258       420.17949
       258000109000003         109         258       420.17949
       258001888000003        1888         258       4836.6282
       258002285000003        2285         258       7453.5119
       259001640000003        1640         259       2602.1132
       259007229000003        7229         259       17283.598
       260001998000003        1998         260       420.17949
       260002892000003        2892         260       4836.6282
       261000077000813          77         261       9819.4615
       261008046000003        8046         261       4836.6282
       261010019000003       10019         261       17283.598
       262010848000003       10848         262       7453.5119
       262012317000003       12317         262       9819.4615
       262012749000003       12749         262       17283.598
       263000130000003         130         263       2.9655172
       263001424000003        1424         263       2602.1132
       263007555000003        7555         263       60432.356
       264000058000045          58         264       58.720930
       265009417000003        9417         265       134.64865
       265009934000003        9934         265       2602.1132
       265011043000003       11043         265       4836.6282
       265014661000003       14661         265       17283.598
       267002025000003        2025         267       2602.1132
       267004601000003        4601         267       9819.4615
       269013368000003       13368         269       136769.93
       270000247000003         247         270       2602.1132
       273013907000003       13907         273       4836.6282
       273014104000003       14104         273       4836.6282
       274004254000003        4254         274       134.64865
       274004544000003        4544         274       1723.5625
       274008938000003        8938         274       17283.598
       275000073000003          73         275       920.61290
       276000320000003         320         276       4003.6316
       276000472000003         472         276       4003.6316
       276013661000003       13661         276       4836.6282
       277020305025939       20305         277       420.17949
       278016677020132       16677         278       17283.598
       278016699000003       16699         278       281.45455
       279013390000003       13390         279       58.720930
       279013657000003       13657         279       4003.6316
       280000440000003         440         280       2602.1132
       282004950000003        4950         282       2.9655172
       283006968000003        6968         283       60432.356
       285000429000003         429         285       4836.6282
       285006846019302        6846         285       2.4000000
       285006958000003        6958         285       1486.3030
       286006294007473        6294         286       9819.4615
       288003174000003        3174         288       17283.598
       288015941000003       15941         288       9819.4615
       290001349000003        1349         290       4836.6282
       290002492000085        2492         290       17283.598
       291003192000003        3192         291       2602.1132
       292002060000003        2060         292       2.9655172
       292003696000003        3696         292       7453.5119
       293000105000003         105         293       134.64865
       293003204000003        3204         293       7453.5119
       293005793000003        5793         293       17283.598
       293019008000003       19008         293       136769.93
       294001861000003        1861         294       4003.6316
       294002627000003        2627         294       4836.6282
       294007420000003        7420         294       17283.598
       294007685000003        7685         294       17283.598
       295002206000003        2206         295       420.17949
       295002234000003        2234         295       920.61290
       295004110000003        4110         295       9819.4615
       295004370000003        4370         295       9819.4615
       296000097024912          97         296       2.9655172
       296000314000083         314         296       1723.5625
       296003841052298        3841         296       41.035714
       296004650000003        4650         296       4003.6316
       296007735000003        7735         296       9819.4615
       297000416000003         416         297       2602.1132
       297003561000003        3561         297       9819.4615
       297020379000003       20379         297       281.45455
       297024632000003       24632         297       60432.356
       298000042000003          42         298       58.720930
       298000045000003          45         298       134.64865
       298001945000003        1945         298       7453.5119
       298024391023084       24391         298       134.64865
       299016678000003       16678         299       136769.93
       300029268000003       29268         300       420.17949
       301002298000003        2298         301       7453.5119
       302001563000045        1563         302       136769.93
       302007332000003        7332         302       17.428571
       302012083000003       12083         302       17283.598
       303000137000003         137         303       1486.3030
       304000057000003          57         304       420.17949
       304000877000003         877         304       4836.6282
       304001357000003        1357         304       7453.5119
       304001926000003        1926         304       7453.5119
       304018102000003       18102         304       7453.5119
       305000063000003          63         305       17.428571
       306000231000003         231         306       920.61290
       306002508000003        2508         306       7453.5119
       306005710000003        5710         306       17283.598
       309000110000269         110         309       2.9655172
       309001068000003        1068         309       2.9655172
       309001085000003        1085         309       134.64865
       309001817000003        1817         309       4003.6316
       310003616000003        3616         310       9819.4615
       310004532000003        4532         310       17283.598
       311001694000003        1694         311       2.9655172
       311001699000003        1699         311       58.720930
       312000287000003         287         312       1723.5625
       312001567000003        1567         312       7453.5119
       312003710000003        3710         312       9819.4615
       312022812000003       22812         312       2.9655172
       312022825000003       22825         312       134.64865
       312023850000003       23850         312       7453.5119
       313000103000003         103         313       420.17949
       313007798000003        7798         313       136769.93
       313009948000003        9948         313       281.45455
       314012993000003       12993         314       41.035714
       315000122000003         122         315       58.720930
       315000128000003         128         315       134.64865
       315011573000003       11573         315       920.61290
       315013727000003       13727         315       9819.4615
       316014185000003       14185         316       41.035714
       318003644000003        3644         318       9819.4615
       319000135000003         135         319       281.45455
       320000656000003         656         320       2602.1132
       320007015000045        7015         320       2.9655172
       321000124000003         124         321       4836.6282
       321004818000003        4818         321       7453.5119
       321006601000003        6601         321       17283.598
       322004602000003        4602         322       920.61290
       322005268000003        5268         322       4003.6316
       324016706000003       16706         324       9819.4615
       324016806000003       16806         324       9819.4615
       325000687000003         687         325       7453.5119
       325010133000003       10133         325       134.64865
       326001306000003        1306         326       7453.5119
       327000148000219         148         327       281.45455
       327021194000003       21194         327       9819.4615
       328000065000003          65         328       17.428571
       328000078000003          78         328       134.64865
       328012111000003       12111         328       2602.1132
       328019234000003       19234         328       60432.356
       329004025000003        4025         329       2.4000000
       329006392000003        6392         329       7453.5119
       329006685000003        6685         329       9819.4615
       330000077000003          77         330       41.035714
       333000075000003          75         333       2.9655172
       333000263000003         263         333       2602.1132
       333009747000387        9747         333       2602.1132
       334006327000003        6327         334       58.720930
       334006331000003        6331         334       58.720930
       334009814000003        9814         334       9819.4615
       335003506000003        3506         335       17.428571
       335004256000003        4256         335       4003.6316
       335005927000003        5927         335       7453.5119
       336000029000198          29         336       2.4000000
       336000068000003          68         336       420.17949
       336004101000003        4101         336       9819.4615
       336023206041363       23206         336       2602.1132
       337002902001811        2902         337       134.64865
       337005306000003        5306         337       17283.598
       337018158000003       18158         337       7453.5119
       338004156000003        4156         338       17283.598
       338004818000003        4818         338       17283.598
       338005636000003        5636         338       60432.356
       338006564000003        6564         338       60432.356
       339000086000003          86         339       281.45455
       339002945000003        2945         339       9819.4615
       339018514000003       18514         339       920.61290
       340000061000003          61         340       2.9655172
       340021218000003       21218         340       41.035714
       340021219000003       21219         340       58.720930
       341000117000003         117         341       2.4000000
       341000119000003         119         341       41.035714
       341000175000003         175         341       920.61290
       341000471000003         471         341       2602.1132
       341016931000003       16931         341       9819.4615
       342000086003267          86         342       58.720930
       342025110000003       25110         342       323384.60
       343000198000003         198         343       1486.3030
       344000043000003          43         344       58.720930
       344001152000003        1152         344       4836.6282
       345000074000003          74         345       134.64865
       345000094000003          94         345       281.45455
       345000124000003         124         345       420.17949
       346002034000003        2034         346       7453.5119
       347005646000003        5646         347       7453.5119
       348009792000098        9792         348       17283.598
       349001982000003        1982         349       9819.4615
       349011312000003       11312         349       134.64865
       349011686000003       11686         349       2602.1132
       350013800000003       13800         350       17283.598
       350017549000003       17549         350       60432.356
       351005631000048        5631         351       420.17949
       352002121000003        2121         352       9819.4615
       352012988000494       12988         352       4003.6316
       352013035000003       13035         352       1486.3030
       353000357000003         357         353       2602.1132
       353016802000003       16802         353       9819.4615
       353017784000003       17784         353       17283.598
       354000066000003          66         354       41.035714
       354000764000003         764         354       7453.5119
       355000686000003         686         355       7453.5119
       357000091000003          91         357       134.64865
       357000629000003         629         357       4003.6316
       358002128000092        2128         358       17.428571
       358018354003353       18354         358       9819.4615
       361000060000003          60         361       58.720930
       361009779000003        9779         361       17.428571
       362000128000003         128         362       58.720930
       362000214000003         214         362       920.61290
       362025129000003       25129         362       41.035714
       363000200000003         200         363       1723.5625
       364000769000003         769         364       4003.6316
       364001413000003        1413         364       4836.6282
       364004478000003        4478         364       9819.4615
       364006088000003        6088         364       17283.598
       365000132000003         132         365       2.9655172
       367018303000003       18303         367       17283.598
       369000133000003         133         369       1486.3030
       369006542000003        6542         369       2.9655172
       369006550000003        6550         369       58.720930
       369007387000003        7387         369       4836.6282
       371000345000003         345         371       4003.6316
       371010166000003       10166         371       1486.3030
       371012105000003       12105         371       9819.4615
       372017477000003       17477         372       134.64865
       373002348000003        2348         373       9819.4615
       373007133000003        7133         373       60432.356
       373019658000003       19658         373       41.035714
       374000235000003         235         374       1486.3030
       375012453000003       12453         375       323384.60
       375015535000003       15535         375       2602.1132
       375015592000003       15592         375       2602.1132
       376000034000003          34         376       17.428571
       377004739000003        4739         377       60432.356
       378004684000003        4684         378       17283.598
       379008802000003        8802         379       60432.356
       380001193000003        1193         380       4836.6282
       381000173000003         173         381       281.45455
       381018308000003       18308         381       136769.93
       382000170000003         170         382       134.64865
       382000204001027         204         382       9819.4615
       382004369000003        4369         382       9819.4615
       382005582000003        5582         382       17283.598
       384008259000003        8259         384       41.035714
       384008369000003        8369         384       1486.3030
       384013357000003       13357         384       17283.598
       385008574000003        8574         385       2602.1132
       385012079000003       12079         385       17283.598
       386012403000003       12403         386       136769.93
       387000497000844         497         387       7453.5119
       387017938000003       17938         387       9819.4615
       387019563000003       19563         387       17283.598
       388000049000003          49         388       1.0000000
       388000051000003          51         388       281.45455
       388003936000003        3936         388       60432.356
       388009799000003        9799         388       2.4000000
       388009799097863        9799         388       2.4000000
       389002975000003        2975         389       9819.4615
       390010681000003       10681         390       2.9655172
       390010685000003       10685         390       58.720930
       390011937000003       11937         390       9819.4615
       391000320000003         320         391       2602.1132
       392000079000003          79         392       2.9655172
       392000079040126          79         392       1486.3030
       392000084000003          84         392       58.720930
       392000538000003         538         392       2602.1132
       393009664000003        9664         393       60432.356
       394000159000003         159         394       920.61290
       394006754000003        6754         394       17283.598
       395023951000003       23951         395       323384.60
       396009481000003        9481         396       17283.598
       397000698000003         698         397       4836.6282
       397011160000003       11160         397       281.45455
       398000587000003         587         398       4836.6282
       398001764000003        1764         398       9819.4615
       398012769000003       12769         398       1723.5625
       400006315004930        6315         400       1486.3030
       401013772000003       13772         401       9819.4615
       401014972000003       14972         401       9819.4615
       402002667000003        2667         402       9819.4615
       402003600000003        3600         402       17283.598
       402018102000003       18102         402       323384.60
       402019929000003       19929         402       7453.5119
       404000592000003         592         404       2602.1132
       404003594000003        3594         404       9819.4615
       406000130000347         130         406       17283.598
       407000569000003         569         407       2.4000000
       407000570022766         570         407       920.61290
       407000591000003         591         407       420.17949
       407000617001899         617         407       4003.6316
       407022868000003       22868         407       2602.1132
       407023260000003       23260         407       4836.6282
       409000778000003         778         409       4836.6282
       409011779000003       11779         409       4836.6282
       411016602000003       16602         411       41.035714
       411017997000003       17997         411       9819.4615
       412010843000003       10843         412       2602.1132
       412011387000003       11387         412       7453.5119
       412011572000003       11572         412       9819.4615
       413015852000003       15852         413       2.9655172
       414012965000211       12965         414       17283.598
       415001732000003        1732         415       9819.4615
       415016391000003       16391         415       281.45455
       416000060000003          60         416       58.720930
       418000064037476          64         418       920.61290
       418000064000003          64         418       2.9655172
       418005088000003        5088         418       17283.598
       420000038000003          38         420       281.45455
       420002963000003        2963         420       1723.5625
       424002130000003        2130         424       9819.4615
       424013293000003       13293         424       1723.5625
       425000338000003         338         425       1723.5625
       425003995000003        3995         425       17283.598
       425019679000003       19679         425       2.9655172
       426000072000003          72         426       58.720930
       426000292000003         292         426       1723.5625
       426019796000003       19796         426       17283.598
       426023181000003       23181         426       136769.93
       427000148010112         148         427       4836.6282
       429003857000003        3857         429       17283.598
       429018527000003       18527         429       17283.598
       430008533000003        8533         430       2.9655172
       430008783000003        8783         430       1723.5625
       431000185031644         185         431       7453.5119
       431000348000003         348         431       1486.3030
       431000426000003         426         431       1723.5625
       431022664000003       22664         431       4836.6282
       433000079000003          79         433       134.64865
       433000087000003          87         433       281.45455
       433003785000003        3785         433       17283.598
       433019003000003       19003         433       136769.93
       434000057000003          57         434       41.035714
       434001981000003        1981         434       7453.5119
       435022859000003       22859         435       2602.1132
       437000919000003         919         437       17283.598
       437005148103247        5148         437       134.64865
       437005148000003        5148         437       2.4000000
       437005896000003        5896         437       4003.6316
       438000124000003         124         438       17.428571
       439000194000003         194         439       420.17949
       439000218000003         218         439       420.17949
       439004199000003        4199         439       17283.598
       440024987000088       24987         440       60432.356
       441000129000003         129         441       281.45455
       441004691000003        4691         441       17283.598
       442003019000003        3019         442       17.428571
       444000779000003         779         444       4003.6316
       446000081000003          81         446       420.17949
       447011831000003       11831         447       136769.93
       449001494000365        1494         449       920.61290
       449002389000003        2389         449       4003.6316
       449014269000003       14269         449       60432.356
       450002839000003        2839         450       4836.6282
       453001039000003        1039         453       4836.6282
       453004487000003        4487         453       60432.356
       453004930000003        4930         453       17283.598
       453021113000115       21113         453       4836.6282
       454000132000003         132         454       281.45455
       454000311000003         311         454       1723.5625
       454002254000003        2254         454       9819.4615
       454020978000003       20978         454       1723.5625
       454021965000003       21965         454       17283.598
       455000151000003         151         455       281.45455
       455000374000003         374         455       2602.1132
       456000460000003         460         456       2602.1132
       456000961000003         961         456       4836.6282
       456009567000003        9567         456       60432.356
       456020228000003       20228         456       4836.6282
       457000349000003         349         457       1723.5625
       459004959000003        4959         459       9819.4615
       460000072000003          72         460       134.64865
       460006032000003        6032         460       17283.598
       461001290000007        1290         461       4836.6282
       461003045000003        3045         461       9819.4615
       461003648000003        3648         461       9819.4615
       462000126000003         126         462       17.428571
       462000712000003         712         462       4003.6316
       462001854000003        1854         462       7453.5119
       462010735000003       10735         462       60432.356
       462026749000003       26749         462       136769.93
       463002258000003        2258         463       9819.4615
       463017784000003       17784         463       323384.60
       464014653000003       14653         464       136769.93
       465001633009031        1633         465       4836.6282
       465001770000003        1770         465       920.61290
       465002421000003        2421         465       4003.6316
       466000157000003         157         466       920.61290
       466001962000003        1962         466       7453.5119
       467005656000003        5656         467       17283.598
       468001534001779        1534         468       1723.5625
       468007716000003        7716         468       17283.598
       468021268000003       21268         468       136769.93
       469027299000003       27299         469       1723.5625
       470000168011271         168         470       9819.4615
       470004487000003        4487         470       17283.598
       471000187000003         187         471       58.720930
       471000270000003         270         471       920.61290
       471024194000185       24194         471       4836.6282
       472000086007619          86         472       1486.3030
       473000101000003         101         473       17.428571
       473000273000003         273         473       1723.5625
       473003512000003        3512         473       17283.598
       473017043000003       17043         473       7453.5119
       474014564002081       14564         474       17.428571
       474014635000003       14635         474       1723.5625
       475020422001274       20422         475       4836.6282
       476004542000003        4542         476       17283.598
       477005587000003        5587         477       4836.6282
       477006550000003        6550         477       7453.5119
       477026465000003       26465         477       323384.60
       478000667000003         667         478       9819.4615
       478003903000003        3903         478       58.720930
       478004113000003        4113         478       1723.5625
       478006375000003        6375         478       7453.5119
       478006877000003        6877         478       9819.4615
       478012086000003       12086         478       60432.356
       479002343000003        2343         479       2.4000000
       479002344000003        2344         479       2.9655172
       479003560000003        3560         479       4836.6282
       479005678000003        5678         479       9819.4615
       480000059006071          59         480       58.720930
       480000062000003          62         480       58.720930
       480000185000003         185         480       1486.3030
       481000284000511         284         481       60432.356
       481001431000003        1431         481       7453.5119
       481004137000003        4137         481       17283.598
       482002970000002        2970         482       9819.4615
       482023433000003       23433         482       2.9655172
       483000910000003         910         483       4836.6282
       484000040000003          40         484       2.9655172
       485008673029755        8673         485       17.428571
       487016036000003       16036         487       2602.1132
       488000250000003         250         488       2602.1132
       488004444000003        4444         488       60432.356
       488014002000003       14002         488       2602.1132
       490001619000003        1619         490       7453.5119
       490002044000003        2044         490       9819.4615
       490003788000003        3788         490       17283.598
       491000462000003         462         491       2602.1132
       491000593000003         593         491       2602.1132
       491001973000003        1973         491       7453.5119
       491011832000003       11832         491       136769.93
       492000210000003         210         492       1486.3030
       493008889000003        8889         493       17.428571
       493009497000003        9497         493       4003.6316
       493026017000003       26017         493       323384.60
       494000147000003         147         494       1486.3030
       495000122000003         122         495       41.035714
       495000338000003         338         495       1723.5625
       496005148000003        5148         496       9819.4615
       496007786000003        7786         496       17283.598
       497003426024667        3426         497       41.035714
       497003553000003        3553         497       920.61290
       498000482000003         482         498       1723.5625
       498021262000003       21262         498       7453.5119
       500000080000003          80         500       2.9655172
       500000149000243         149         500       1723.5625
       500013576000003       13576         500       2602.1132
       501011158000003       11158         501       4836.6282
       501011627000003       11627         501       4836.6282
       503001044000003        1044         503       4003.6316
       503002021000003        2021         503       7453.5119
       504000084000003          84         504       58.720930
       504005739000003        5739         504       60432.356
       504020643000003       20643         504       136769.93
       505000620000003         620         505       4003.6316
       505016101000003       16101         505       2602.1132
       506000095000003          95         506       134.64865
       506011573000003       11573         506       136769.93
       507000117000003         117         507       41.035714
       507001391000003        1391         507       4836.6282
       508002080000003        2080         508       7453.5119
       509025471000003       25471         509       9819.4615
       510002104000003        2104         510       7453.5119
       510005437000003        5437         510       17283.598
       511000153000003         153         511       17.428571
