         499
         5000065000030          65           5       123.13953
         5000083000030          83           5       745.05882
         5000385000518         385           5       29987.152
         6020454000086       20454           6       29987.152
         8000031000525          31           8       3005.0000
         9000179000161         179           9       7271.3654
        10000036031967          36          10       123.13953
        10000053001223          53          10       2615.9545
        13000042000030          42          13       123.13953
        13000141000030         141          13       3005.0000
        15009602000030        9602          15       123.13953
        16000005000030           5          16       190.00000
        16000140000295         140          16       17309.791
        17014113000030       14113          17       190.00000
        18001226001452        1226          18       1062.6154
        19000024000030          24          19       11997.946
        19000285000162         285          19       29987.152
        20000032000333          32          20       4825.3953
        20006251006226        6251          20       7271.3654
        20006278001464        6278          20       7271.3654
        21000079000030          79          21       1062.6154
        22001280000030        1280          22       995642.33
        22003453000750        3453          22       3005.0000
        23003355001460        3355          23       4825.3953
        23003357000915        3357          23       7271.3654
        23003398000030        3398          23       2615.9545
        23003713000120        3713          23       29987.152
        23003817000030        3817          23       7271.3654
        25005480000530        5480          25       17309.791
        25005621000129        5621          25       17309.791
        26009026001171        9026          26       1062.6154
        26009072000259        9072          26       99653.121
        27000102000129         102          27       123.13953
        27000279000030         279          27       7271.3654
        28000752000030         752          28       11997.946
        29003073000030        3073          29       17309.791
        30004990000113        4990          30       7271.3654
        32000055000676          55          32       3005.0000
        32016399000030       16399          32       7271.3654
        33012729001384       12729          33       4825.3953
        37015993000030       15993          37       17309.791
        38000029012166          29          38       123.13953
        38014455000030       14455          38       190.00000
        38015707000030       15707          38       29987.152
        40008513000111        8513          40       17309.791
        40008819000030        8819          40       11997.946
        41009982000030        9982          41       123.13953
        41009988004368        9988          41       17309.791
        44000147000030         147          44       1062.6154
        45000616000030         616          45       7271.3654
        45001844000030        1844          45       29987.152
        47002072008549        2072          47       11997.946
        48000829000030         829          48       11997.946
        48014699004630       14699          48       7271.3654
        49000065001693          65          49       2615.9545
        49011791000634       11791          49       11997.946
        49012919000030       12919          49       17309.791
        50001422000030        1422          50       29987.152
        52000148000030         148          52       4825.3953
        52017682043436       17682          52       1062.6154
        52017698000030       17698          52       3005.0000
        54020916000182       20916          54       29987.152
        55016593000481       16593          55       17309.791
        56011966003539       11966          56       99653.121
        59000208000030         208          59       2615.9545
        59001148000073        1148          59       17309.791
        60000066001840          66          60       29987.152
        63012906000060       12906          63       29987.152
        64000159000030         159          64       3005.0000
        65000058000545          58          65       440762.18
        66004174000030        4174          66       29987.152
        66005037000030        5037          66       29987.152
        69009330000251        9330          69       17309.791
        71019698000030       19698          71       123.13953
        72001251000030        1251          72       17309.791
        73014345000402       14345          73       17309.791
        73015438000030       15438          73       29987.152
        76001031000030        1031          76       17309.791
        76005975000030        5975          76       440762.18
        76012318005179       12318          76       4825.3953
        77000444000105         444          77       995642.33
        77002709000030        2709          77       29987.152
        80010338000030       10338          80       3005.0000
        81010654003135       10654          81       17309.791
        82020318029583       20318          82       17309.791
        83000097002164          97          83       4825.3953
        83000470000030         470          83       7271.3654
        83020055000085       20055          83       17309.791
        86000624000096         624          86       11997.946
        88004570000030        4570          88       4825.3953
        90001166000030        1166          90       745.05882
        91000120004428         120          91       11997.946
        91024978000391       24978          91       7271.3654
        93000110003602         110          93       745.05882
        93000141002814         141          93       17309.791
        93000957000030         957          93       7271.3654
        93001636000030        1636          93       11997.946
        93022627000134       22627          93       7271.3654
        95000181000402         181          95       17309.791
        95016983004147       16983          95       440762.18
        96014371000092       14371          96       4825.3953
        97019106000331       19106          97       440762.18
        98000076008830          76          98       11997.946
        98016155000513       16155          98       4825.3953
       100018002001491       18002         100       29987.152
       101000226000030         226         101       2615.9545
       102000146000537         146         102       4825.3953
       102017848000133       17848         102       4825.3953
       103000102005110         102         103       53.500000
       104002202000055        2202         104       99653.121
       104019909000330       19909         104       29987.152
       104021555000030       21555         104       17309.791
       108003429017695        3429         108       7271.3654
       109000154000030         154         109       745.05882
       109020023000030       20023         109       11997.946
       110017656001430       17656         110       123.13953
       111006705027292        6705         111       17309.791
       111006707000030        6707         111       190.00000
       111006800000246        6800         111       7271.3654
       113013175000138       13175         113       99653.121
       114000138000979         138         114       4825.3953
       115012877000064       12877         115       11997.946
       117012013000030       12013         117       3005.0000
       118000045021692          45         118       17309.791
       120006158000030        6158         120       11997.946
       121002417000030        2417         121       99653.121
       124009589030319        9589         124       1062.6154
       125000136000030         136         125       53.500000
       125010298000580       10298         125       11997.946
       126000089055408          89         126       11997.946
       126003832000647        3832         126       17309.791
       128008231000652        8231         128       4825.3953
       129000032004186          32         129       17309.791
       129000091000098          91         129       4825.3953
       129000389000030         389         129       11997.946
       130000213000030         213         130       17309.791
       133000440000030         440         133       4825.3953
       134000032000030          32         134       123.13953
       134007621001942        7621         134       7271.3654
       134008347000030        8347         134       7271.3654
       135008577000030        8577         135       29987.152
       136004425009052        4425         136       4825.3953
       139000210000030         210         139       17309.791
       139008490037346        8490         139       17309.791
       141006822000046        6822         141       29987.152
       144009949001792        9949         144       123.13953
       144009954000030        9954         144       123.13953
       144009958000030        9958         144       745.05882
       145005340008225        5340         145       2615.9545
       147014006000030       14006         147       29987.152
       148000039021270          39         148       4825.3953
       148000039013425          39         148       745.05882
       148000057005212          57         148       11997.946
       152000067000030          67         152       123.13953
       152000480000141         480         152       11997.946
       155000160000829         160         155       11997.946
       155012309000129       12309         155       7271.3654
       157010406000030       10406         157       17309.791
       161000692000030         692         161       7271.3654
       162000048160175          48         162       440762.18
       162006522000030        6522         162       99653.121
       162020764021768       20764         162       745.05882
       163017189000030       17189         163       17309.791
       164012765000030       12765         164       53.500000
       165000093009117          93         165       2615.9545
       168000865000030         865         168       29987.152
       168008976000223        8976         168       11997.946
       168010059000030       10059         168       11997.946
       168031713000030       31713         168       1062.6154
       169000021007951          21         169       29987.152
       171003945000030        3945         171       1062.6154
       172000367003976         367         172       123.13953
       172000447000551         447         172       11997.946
       173000064000030          64         173       53.500000
       174000392000236         392         174       11997.946
       176003341000275        3341         176       29987.152
       180000063018036          63         180       3005.0000
       180001708000061        1708         180       440762.18
       180023286000030       23286         180       2615.9545
       181000096000030          96         181       123.13953
       182000239000613         239         182       29987.152
       182000296000030         296         182       7271.3654
       182000495000127         495         182       7271.3654
       184000067000030          67         184       123.13953
       185000068001072          68         185       17309.791
       185000075002424          75         185       3005.0000
       187000184000030         184         187       2615.9545
       189001455000030        1455         189       190.00000
       189002142000030        2142         189       11997.946
       190000616000030         616         190       99653.121
       190004182002670        4182         190       2615.9545
       191001949000030        1949         191       29987.152
       192000055014680          55         192       4825.3953
       192000734000030         734         192       11997.946
       193005736000030        5736         193       99653.121
       194000043042915          43         194       4825.3953
       194000145000392         145         194       11997.946
       197002169000030        2169         197       17309.791
       197002388000030        2388         197       29987.152
       197002550000030        2550         197       17309.791
       203012950004033       12950         203       2615.9545
       204011663006732       11663         204       123.13953
       204011664026380       11664         204       7271.3654
       205000983000030         983         205       11997.946
       206000417000030         417         206       4825.3953
       207000816000030         816         207       7271.3654
       208003571000397        3571         208       17309.791
       208005368000030        5368         208       17309.791
       208005643000030        5643         208       29987.152
       210000070019925          70         210       1062.6154
       210000134000030         134         210       7271.3654
       210001079000030        1079         210       29987.152
       211009070000030        9070         211       4825.3953
       211025661000030       25661         211       4825.3953
       213000144000030         144         213       53.500000
       215006860001940        6860         215       123.13953
       216000316000030         316         216       29987.152
       216006037000030        6037         216       7271.3654
       218000001000122           1         218       11997.946
       218000065005444          65         218       123.13953
       218005654000030        5654         218       3005.0000
       219000141000978         141         219       1062.6154
       219002008000030        2008         219       29987.152
       219021309035320       21309         219       99653.121
       220000085002001          85         220       7271.3654
       220009329007954        9329         220       3005.0000
       221005452001375        5452         221       29987.152
       221006097000030        6097         221       11997.946
       222000095000030          95         222       1062.6154
       223000222001666         222         223       29987.152
       223000582000030         582         223       7271.3654
       224004206000030        4206         224       99653.121
       224019886000030       19886         224       11997.946
       226000079000030          79         226       42.000000
       228000232000030         232         228       17309.791
       229002735002592        2735         229       123.13953
       231001037006200        1037         231       7271.3654
       232000070000210          70         232       53.500000
       232000263000273         263         232       4825.3953
       233000114014281         114         233       123.13953
       233000544000030         544         233       4825.3953
       233022815000030       22815         233       745.05882
       233023741000030       23741         233       29987.152
       235000166020258         166         235       17309.791
       235014579000030       14579         235       3005.0000
       236000054001922          54         236       4825.3953
       238000069000030          69         238       190.00000
       238000078000955          78         238       17309.791
       239000139000030         139         239       53.500000
       240011812000030       11812         240       190.00000
       241008845005540        8845         241       1062.6154
       241011711000057       11711         241       440762.18
       242009385001937        9385         242       11997.946
       242010467000030       10467         242       29987.152
       243010928028685       10928         243       3005.0000
       243010930009571       10930         243       4825.3953
       243011011000352       11011         243       4825.3953
       244004935005878        4935         244       123.13953
       245000185000030         185         245       123.13953
       246002500001385        2500         246       7271.3654
       246002869000030        2869         246       7271.3654
       247000143091604         143         247       17309.791
       247000187000328         187         247       1062.6154
       248000048052594          48         248       123.13953
       248000067003446          67         248       99653.121
       248018867000248       18867         248       11997.946
       249000121000030         121         249       745.05882
       252000086009476          86         252       29987.152
       252002508000030        2508         252       99653.121
       252012018000030       12018         252       7271.3654
       252015896000030       15896         252       99653.121
       253000186001299         186         253       29987.152
       254007872000030        7872         254       440762.18
       254017312000574       17312         254       2615.9545
       255020414000030       20414         255       4825.3953
       258000108000030         108         258       1062.6154
       259001339000478        1339         259       3005.0000
       259001400000237        1400         259       4825.3953
       259001707000030        1707         259       7271.3654
       261000405000030         405         261       17309.791
       262009460000199        9460         262       2615.9545
       263001158000030        1158         263       123.13953
       264012065000054       12065         264       99653.121
       265000027010962          27         265       123.13953
       265000072000682          72         265       123.13953
       265011146001366       11146         265       190.00000
       267002816000059        2816         267       29987.152
       268006189000030        6189         268       29987.152
       269004170000986        4170         269       2615.9545
       270000053001777          53         270       123.13953
       270008893002812        8893         270       3005.0000
       270008920001145        8920         270       29987.152
       271000597000030         597         271       11997.946
       273013137000030       13137         273       123.13953
       277002765000030        2765         277       29987.152
       277020310001819       20310         277       745.05882
       282004951000030        4951         282       745.05882
       282007019000030        7019         282       99653.121
       283000682011852         682         283       29987.152
       283002874000030        2874         283       7271.3654
       286000034016481          34         286       3005.0000
       288001245000030        1245         288       17309.791
       292002079001784        2079         292       11997.946
       292002349000184        2349         292       99653.121
       294003842000030        3842         294       99653.121
       294009465000030        9465         294       99653.121
       295002254000030        2254         295       3005.0000
       295002399000414        2399         295       17309.791
       296000045001703          45         296       17309.791
       296000097051289          97         296       1062.6154
       297000099000627          99         297       17309.791
       297004490000030        4490         297       99653.121
       298000049004706          49         298       11997.946
       298024391001752       24391         298       1062.6154
       299000140005176         140         299       11997.946
       301005098077970        5098         301       53.500000
       302000096000030          96         302       123.13953
       302007333002958        7333         302       123.13953
       302007380000030        7380         302       1062.6154
       306001965000064        1965         306       29987.152
       309001069014347        1069         309       1062.6154
       311025904000030       25904         311       7271.3654
       312022812007319       22812         312       745.05882
       313000198000030         198         313       3005.0000
       314013039000030       13039         314       4825.3953
       315000161000217         161         315       17309.791
       315012304000030       12304         315       11997.946
       317000794000030         794         317       17309.791
       318000079011854          79         318       17309.791
       320000053015265          53         320       4825.3953
       320000065000792          65         320       3005.0000
       320000877000030         877         320       11997.946
       320001815000043        1815         320       99653.121
       321004558000030        4558         321       29987.152
       327000121005628         121         327       3005.0000
       327020091000030       20091         327       11997.946
       328000071001945          71         328       1062.6154
       328000832000030         832         328       17309.791
       330000078009014          78         330       11997.946
       330000081005079          81         330       11997.946
       331001628005648        1628         331       2615.9545
       335000131002678         131         335       11997.946
       336000727020106         727         336       17309.791
       337018345000286       18345         337       29987.152
       341000195000168         195         341       4825.3953
       343000333000030         333         343       3005.0000
       343017212000030       17212         343       11997.946
       346000057001216          57         346       440762.18
       347000104000136         104         347       11997.946
       351013178000030       13178         351       123.13953
       352017247000030       17247         352       99653.121
       353014879000141       14879         353       99653.121
       354000132000174         132         354       7271.3654
       354010779000154       10779         354       29987.152
       354011307000030       11307         354       11997.946
       356000022000785          22         356       17309.791
       356001502000030        1502         356       29987.152
       358000092007275          92         358       17309.791
       358000933000090         933         358       99653.121
       358002128001034        2128         358       99653.121
       361009778025737        9778         361       3005.0000
       361011765000030       11765         361       29987.152
       362000121000030         121         362       53.500000
       362000140000030         140         362       123.13953
       362001508000030        1508         362       29987.152
       362025138002617       25138         362       4825.3953
       363021649000442       21649         363       29987.152
       364000106002245         106         364       29987.152
       365024500000030       24500         365       3005.0000
       366000099004777          99         366       11997.946
       367000314000030         314         367       4825.3953
       367015364000030       15364         367       29987.152
       369006807000107        6807         369       17309.791
       372000129000030         129         372       4825.3953
       373000137016424         137         373       11997.946
       373021055000030       21055         373       29987.152
       374000130001815         130         374       1062.6154
       374000693000030         693         374       7271.3654
       376001856000030        1856         376       17309.791
       378000126002187         126         378       11997.946
       378000128001307         128         378       1062.6154
       381000153004800         153         381       2615.9545
       381002919000030        2919         381       17309.791
       382000164001544         164         382       17309.791
       382000166002605         166         382       745.05882
       382001810000087        1810         382       29987.152
       387000091034835          91         387       745.05882
       388009799121731        9799         388       123.13953
       393000189000511         189         393       7271.3654
       394026505000030       26505         394       3005.0000
       397011329000408       11329         397       29987.152
       398000073006919          73         398       11997.946
       398012582000796       12582         398       1062.6154
       398012631000240       12631         398       995642.33
       399011258000030       11258         399       3005.0000
       402020608000030       20608         402       29987.152
       403000071000709          71         403       745.05882
       404000065000788          65         404       745.05882
       405000160000030         160         405       2615.9545
       407000586000030         586         407       123.13953
       407000645000030         645         407       3005.0000
       408000142000030         142         408       1062.6154
       408018564015177       18564         408       4825.3953
       408018582000030       18582         408       123.13953
       409010951000745       10951         409       7271.3654
       410000140000030         140         410       7271.3654
       411000201000818         201         411       7271.3654
       411000328000030         328         411       4825.3953
       413015906000480       15906         413       11997.946
       414012215000030       12215         414       4825.3953
       415000179000748         179         415       17309.791
       416000181000308         181         416       7271.3654
       421006389000277        6389         421       3005.0000
       422000420000059         420         422       99653.121
       423000139000699         139         423       2615.9545
       423009559000676        9559         423       3005.0000
       425000084002494          84         425       7271.3654
       425000564000055         564         425       29987.152
       428000203000030         203         428       3005.0000
       428017440000030       17440         428       17309.791
       429000104035876         104         429       190.00000
       429016469023409       16469         429       17309.791
       429016477003591       16477         429       29987.152
       434000132000030         132         434       3005.0000
       435000124008380         124         435       17309.791
       436000094002522          94         436       29987.152
       436017511002667       17511         436       17309.791
       436018195000030       18195         436       11997.946
       437006592000030        6592         437       29987.152
       438026903000030       26903         438       99653.121
       439000193002074         193         439       7271.3654
       440000212000030         212         440       3005.0000
       441000621000030         621         441       7271.3654
       442003456000030        3456         442       4825.3953
       443000147000030         147         443       42.000000
       443000168001673         168         443       7271.3654
       447000229000404         229         447       7271.3654
       449001482001417        1482         449       4825.3953
       451010123000030       10123         451       123.13953
       452001057003929        1057         452       2615.9545
       452014519000030       14519         452       3005.0000
       453000138049468         138         453       745.05882
       453000351000113         351         453       29987.152
       453021041000030       21041         453       4825.3953
       454000266000030         266         454       3005.0000
       455000220000489         220         455       11997.946
       456003242000030        3242         456       99653.121
       456006913000030        6913         456       440762.18
       458000446000168         446         458       11997.946
       459001159006197        1159         459       2615.9545
       459007254000030        7254         459       99653.121
       460000056001885          56         460       1062.6154
       461000160000351         160         461       99653.121
       461024284000332       24284         461       29987.152
       465001664000365        1664         465       7271.3654
       465001882000187        1882         465       4825.3953
       467000097008635          97         467       11997.946
       467000176000030         176         467       3005.0000
       468003485000030        3485         468       29987.152
       470002201000086        2201         470       17309.791
       473000101000030         101         473       190.00000
       473000102015027         102         473       17309.791
       473015328014216       15328         473       29987.152
       473015536000030       15536         473       3005.0000
       474014582000658       14582         474       7271.3654
       475000122000030         122         475       123.13953
       477004715001524        4715         477       4825.3953
       478003988000164        3988         478       29987.152
       478005153000030        5153         478       17309.791
       480000473000096         473         480       99653.121
       481000095032070          95         481       7271.3654
       483000085002782          85         483       2615.9545
       483000085000030          85         483       123.13953
       484000040017569          40         484       123.13953
       485008674005590        8674         485       17309.791
       487000166000535         166         487       29987.152
       487015752000030       15752         487       123.13953
       488014294000047       14294         488       99653.121
       489020815000030       20815         489       7271.3654
       490000271000030         271         490       7271.3654
       491000130004103         130         491       29987.152
       497003426032064        3426         497       1062.6154
       498000151000030         151         498       53.500000
       498003975000036        3975         498       99653.121
       498019935000030       19935         498       2615.9545
       498021134000030       21134         498       17309.791
       500000080000030          80         500       42.000000
       501010333000030       10333         501       3005.0000
       501013072000030       13072         501       29987.152
       501015823000030       15823         501       440762.18
       504000578000030         578         504       11997.946
       507025051000030       25051         507       17309.791
       508000146000030         146         508       123.13953
       509000163001936         163         509       123.13953
       509000165000030         165         509       1062.6154
       509001305000030        1305         509       11997.946
       509025222000074       25222         509       99653.121
       510001126000030        1126         510       17309.791
       510003011000030        3011         510       17309.791
