         199
        11000160000021         160          11       6921.5833
        11000950000104         950          11       90316.545
        13000046001399          46          13       912.14286
        13013197000021       13197          13       330.00000
        17014290000102       14290          17       787883.67
        17014639000021       14639          17       16681.067
        19000136000129         136          19       6921.5833
        20000000000021           0          20       2.5000000
        20007272000021        7272          20       16681.067
        20008301000021        8301          20       40043.611
        23003380000626        3380          23       6921.5833
        23006345000021        6345          23       90316.545
        26010444000021       10444          26       54484.273
        32000027000021          27          32       1892.2857
        32000030001870          30          32       40043.611
        34012128000021       12128          34       40043.611
        44002442000061        2442          44       90316.545
        46005773000039        5773          46       269903.75
        48000027002614          27          48       4168.1667
        48000094000021          94          48       5878.7500
        48000143000021         143          48       9757.8667
        49012387000021       12387          49       25096.882
        49012725000021       12725          49       25096.882
        51000143008957         143          51       5878.7500
        52000035013234          35          52       9757.8667
        54000130000477         130          54       6921.5833
        54006175000021        6175          54       90316.545
        59003974000021        3974          59       54484.273
        61006119000021        6119          61       54484.273
        63000895000021         895          63       40043.611
        64000328000021         328          64       25096.882
        67014809000586       14809          67       9757.8667
        68000009006858           9          68       54484.273
        73002086000021        2086          73       90316.545
        80000029000021          29          80       1892.2857
        86000118001086         118          86       16681.067
        86000336000237         336          86       25096.882
        88004354000021        4354          88       193.50000
        95000145000983         145          95       90316.545
        95017062000640       17062          95       25096.882
       102001160000021        1160         102       40043.611
       102003120000021        3120         102       90316.545
       112000000000021           0         112       16681.067
       116010523000281       10523         116       90316.545
       118009594000021        9594         118       269903.75
       125012294000044       12294         125       90316.545
       126004036000021        4036         126       9757.8667
       132001497000064        1497         132       90316.545
       141000951000021         951         141       90316.545
       145006048000021        6048         145       16681.067
       150000126000808         126         150       5878.7500
       151000144014204         144         151       269903.75
       163000147000691         147         163       40043.611
       164000186000249         186         164       25096.882
       165012340020037       12340         165       1892.2857
       165013343000053       13343         165       54484.273
       173000062000021          62         173       79.200000
       179000098000021          98         179       330.00000
       180002384000021        2384         180       54484.273
       181000098003013          98         181       269903.75
       181000158000482         158         181       90316.545
       181022991000021       22991         181       25096.882
       183011712000021       11712         183       16681.067
       184000066003691          66         184       1892.2857
       185003598000021        3598         185       269903.75
       196016431000021       16431         196       25096.882
       197000585000214         585         197       25096.882
       200000073021297          73         200       2.5000000
       204000028044553          28         204       79.200000
       205000328000413         328         205       25096.882
       206027131000021       27131         206       1892.2857
       210000069000021          69         210       97.000000
       216005876000103        5876         216       54484.273
       219021604000021       21604         219       9757.8667
       219021686000021       21686         219       16681.067
       221000181000021         181         221       5878.7500
       221007091000021        7091         221       40043.611
       225009546000021        9546         225       787883.67
       227001250000021        1250         227       54484.273
       228004994020810        4994         228       25096.882
       229002732000021        2732         229       2.5000000
       229002808000021        2808         229       5878.7500
       230002843005346        2843         230       6921.5833
       231027396004411       27396         231       54484.273
       233022795000021       22795         233       193.50000
       234000098000021          98         234       79.200000
       235014492001590       14492         235       90316.545
       235014499000021       14499         235       912.14286
       236006933000766        6933         236       269903.75
       238002219000021        2219         238       54484.273
       240000026020876          26         240       90316.545
       242009377000021        9377         242       193.50000
       242010189000021       10189         242       54484.273
       244004930000021        4930         244       2.5000000
       248005410000033        5410         248       1322334.0
       248019448000021       19448         248       40043.611
       250009491000021        9491         250       40043.611
       253000173004142         173         253       1892.2857
       255000981000021         981         255       25096.882
       258006374000021        6374         258       90316.545
       259001363000021        1363         259       4168.1667
       262009393000021        9393         262       5878.7500
       263001152000021        1152         263       1892.2857
       266003589000021        3589         266       54484.273
       266003976000021        3976         266       54484.273
       268001364000021        1364         268       912.14286
       274004231000021        4231         274       330.00000
       274004732000209        4732         274       40043.611
       282005006000334        5006         282       6921.5833
       283001599000021        1599         283       330.00000
       284000456000021         456         284       16681.067
       285006849003115        6849         285       787883.67
       286006293000021        6293         286       2.5000000
       286007770000021        7770         286       54484.273
       288000046000021          46         288       4168.1667
       309000110000287         110         309       79.200000
       310001549000021        1549         310       54484.273
       311001982000021        1982         311       9757.8667
       312000074003946          74         312       6921.5833
       313000130000021         130         313       6921.5833
       318000207000409         207         318       90316.545
       318000316000021         316         318       9757.8667
       320001436000021        1436         320       25096.882
       322005528000021        5528         322       40043.611
       324014449011892       14449         324       9757.8667
       327019883001760       19883         327       6921.5833
       328001368000021        1368         328       90316.545
       329004025000021        4025         329       2.5000000
       333000075000021          75         333       2.5000000
       333000080000021          80         333       912.14286
       333009619002089        9619         333       40043.611
       335003518000021        3518         335       912.14286
       336000076001234          76         336       54484.273
       339000076007244          76         339       54484.273
       341008770000021        8770         341       1322334.0
       342014527000081       14527         342       16681.067
       342014592000205       14592         342       90316.545
       348000668000021         668         348       40043.611
       349000112002186         112         349       6921.5833
       349004955000021        4955         349       269903.75
       349012185000021       12185         349       40043.611
       354003402000021        3402         354       269903.75
       358000097000021          97         358       330.00000
       361000058000021          58         361       330.00000
       361010744000021       10744         361       54484.273
       365000368000021         368         365       9757.8667
       366000087000021          87         366       330.00000
       367000144008744         144         367       90316.545
       367014459000770       14459         367       40043.611
       374000152000539         152         374       16681.067
       374003051000021        3051         374       54484.273
       379000298000021         298         379       6921.5833
       384000040005482          40         384       40043.611
       388000049000021          49         388       2.5000000
       390010771000184       10771         390       9757.8667
       400006334000021        6334         400       5878.7500
       400006346000506        6346         400       16681.067
       401014188000021       14188         401       40043.611
       402000050000021          50         402       4168.1667
       403022318000021       22318         403       912.14286
       404001959000021        1959         404       54484.273
       404010387000021       10387         404       269903.75
       405002163000021        2163         405       54484.273
       407022696000021       22696         407       193.50000
       409014479000021       14479         409       90316.545
       421000002000021           2         421       25096.882
       421000074002917          74         421       9757.8667
       423009529000021        9529         423       912.14286
       426000073000021          73         426       330.00000
       427000160001889         160         427       16681.067
       436018785000054       18785         436       269903.75
       438026186000021       26186         438       90316.545
       440000281000380         281         440       16681.067
       440010530000021       10530         440       269903.75
       443000163000021         163         443       4168.1667
       446001713000021        1713         446       269903.75
       455000325000021         325         455       9757.8667
       456000121000021         121         456       5878.7500
       462000352000021         352         462       9757.8667
       464001804000021        1804         464       9757.8667
       469003338000021        3338         469       193.50000
       469006475000021        6475         469       54484.273
       470000165011431         165         470       193.50000
       471000185000021         185         471       79.200000
       471000423000283         423         471       25096.882
       474000104000021         104         474       330.00000
       474014565008554       14565         474       90316.545
       479002343000021        2343         479       1.0000000
       484004534000021        4534         484       787883.67
       484015898000021       15898         484       25096.882
       489020470000021       20470         489       4168.1667
       491000124002942         124         491       16681.067
       492000194000021         194         492       6921.5833
       492002227000021        2227         492       40043.611
       495000604000021         604         495       16681.067
       499003752000021        3752         499       787883.67
       499008843000021        8843         499       9757.8667
       500013977000021       13977         500       25096.882
       501005800000021        5800         501       787883.67
