         897
              13000020          13           0       116.25000
              13001510          13           0       16986.419
              16000020          16           0       377.16667
              16000505          16           0       23935.526
              16000520          16           0       23935.526
              16002062          16           0       23935.526
              16000512          16           0       49380.969
            8711000020        8711           0       49380.969
         3004050000020        4050           3       23935.526
         4000046000020          46           4       1227.7619
         4000770000020         770           4       9451.7556
         5008711000020        8711           5       23935.526
         6000095000466          95           6       49380.969
         6000095000020          95           6       2552.4848
         6000095000324          95           6       16986.419
        10000026000020          26          10       78.625000
        11000176000020         176          11       2552.4848
        11004120000020        4120          11       32869.650
        11020838000020       20838          11       32869.650
        13000087000020          87          13       2521.2632
        13000087000177          87          13       14717.200
        13003024000020        3024          13       32869.650
        13003142000020        3142          13       32869.650
        14012099000020       12099          14       22031.704
        15009720000137        9720          15       23935.526
        15009720000020        9720          15       2552.4848
        15009851000020        9851          15       3588.3415
        15012821000020       12821          15       32869.650
        16001495000020        1495          16       22031.704
        16014030000020       14030          16       22031.704
        17000452000020         452          17       9451.7556
        17014115000020       14115          17       116.25000
        17014115001852       14115          17       16986.419
        17014115001832       14115          17       16986.419
        17014115001840       14115          17       16986.419
        17014115001865       14115          17       14717.200
        17014115001775       14115          17       23935.526
        17014115001974       14115          17       23935.526
        17014115001746       14115          17       23935.526
        17014115001730       14115          17       23935.526
        17014115001762       14115          17       23935.526
        17015128000020       15128          17       9451.7556
        18001206000020        1206          18       1227.7619
        18001206000463        1206          18       16986.419
        18001206000433        1206          18       23935.526
        18002716000020        2716          18       9451.7556
        20006296000020        6296          20       508.25926
        20006296000908        6296          20       16986.419
        20006427000020        6427          20       3588.3415
        20006755000020        6755          20       6423.0513
        21000752000020         752          21       6423.0513
        22003432002531        3432          22       2552.4848
        22004138000020        4138          22       15587.478
        23003404000020        3404          23       2521.2632
        25005417000020        5417          25       78.625000
        25005837000020        5837          25       6423.0513
        27000110000020         110          27       377.16667
        27000110001273         110          27       16986.419
        27000110001440         110          27       23935.526
        27000110000969         110          27       23935.526
        27000469000020         469          27       6423.0513
        32017619024141       17619          32       9451.7556
        34002895000020        2895          34       49380.969
        34010684000020       10684          34       3588.3415
        35013555000033       13555          35       49380.969
        36007295000355        7295          36       23935.526
        36007295000020        7295          36       2521.2632
        36007295000351        7295          36       14717.200
        37017405000020       17405          37       49380.969
        40000140000020         140          40       9451.7556
        40008320000020        8320          40       2552.4848
        41010006000020       10006          41       508.25926
        41010006000681       10006          41       23935.526
        42008684000020        8684          42       15587.478
        46002981000020        2981          46       9451.7556
        47008204000020        8204          47       49380.969
        47023680001551       23680          47       23935.526
        47023680000020       23680          47       78.625000
        51002067000020        2067          51       32869.650
        51002561000020        2561          51       22031.704
        51018172001191       18172          51       16986.419
        51018172000020       18172          51       377.16667
        54000588000020         588          54       9451.7556
        55003657000020        3657          55       49380.969
        56000046000020          46          56       2521.2632
        56000046000337          46          56       16986.419
        56013741000020       13741          56       22031.704
        57012947000020       12947          57       1227.7619
        57012947000469       12947          57       23935.526
        59000135000851         135          59       23935.526
        59000135000426         135          59       23935.526
        59000135000020         135          59       377.16667
        59000191000020         191          59       2552.4848
        59007661000020        7661          59       49380.969
        60006926000020        6926          60       23935.526
        61007600000020        7600          61       22031.704
        62012953000020       12953          62       32869.650
        63000092001629          92          63       23935.526
        63000092000020          92          63       116.25000
        63012035000168       12035          63       9451.7556
        63012035000210       12035          63       16986.419
        65002225000034        2225          65       16986.419
        65002225000020        2225          65       49380.969
        66003177000020        3177          66       3588.3415
        67003903000020        3903          67       49380.969
        68001891000020        1891          68       32869.650
        69000024003502          24          69       23935.526
        69000024003479          24          69       16986.419
        70000213000020         213          70       3588.3415
        70001735000020        1735          70       22031.704
        71015167000020       15167          71       16986.419
        72019725000020       19725          72       49380.969
        73000083000953          83          73       23935.526
        73000083000565          83          73       23935.526
        73000083001215          83          73       16986.419
        73000083001337          83          73       16986.419
        73000083001416          83          73       14717.200
        73000083000020          83          73       508.25926
        75000313000020         313          75       3588.3415
        75000313000199         313          75       23935.526
        75016322000020       16322          75       15587.478
        75017125000020       17125          75       32869.650
        76018340000020       18340          76       6423.0513
        77001739000020        1739          77       15587.478
        77013261000020       13261          77       16986.419
        78000146001641         146          78       9451.7556
        78004857000020        4857          78       32869.650
        78020458000020       20458          78       15587.478
        79007562000020        7562          79       23935.526
        79016130000451       16130          79       23935.526
        79016130000584       16130          79       23935.526
        79016130001150       16130          79       16986.419
        79016130000020       16130          79       508.25926
        79016131000020       16131          79       116.25000
        79016131002242       16131          79       16986.419
        79016131002621       16131          79       16986.419
        79016131002587       16131          79       16986.419
        79016131002708       16131          79       23935.526
        79016131002243       16131          79       23935.526
        79016131002441       16131          79       23935.526
        79016131002626       16131          79       23935.526
        80000158000020         158          80       3588.3415
        81015283000020       15283          81       23935.526
        82005187000020        5187          82       32869.650
        82013209000020       13209          82       16986.419
        83021150000020       21150          83       32869.650
        84000943000106         943          84       32869.650
        84018810000020       18810          84       32869.650
        86000277000020         277          86       3588.3415
        87000088000020          88          87       377.16667
        87000088000877          88          87       14717.200
        87000088001029          88          87       14717.200
        87000088000881          88          87       23935.526
        87000088000871          88          87       23935.526
        87001730000020        1730          87       15587.478
        89006800000020        6800          89       32869.650
        90001129007324        1129          90       16986.419
        90001129006917        1129          90       508.25926
        91003502000020        3502          91       32869.650
        91008248000020        8248          91       23935.526
        92006912000020        6912          92       14717.200
        93001122000020        1122          93       15587.478
        94000187000020         187          94       2552.4848
        95000245000020         245          95       3588.3415
        96000056001533          56          96       32869.650
        97001559000020        1559          97       15587.478
        97018901000504       18901          97       16986.419
        97018901001511       18901          97       16986.419
        97018901000020       18901          97       508.25926
        97018901002188       18901          97       23935.526
        97020108000020       20108          97       22031.704
        98000985000020         985          98       22031.704
        98002014000020        2014          98       22031.704
        98016441000020       16441          98       9451.7556
        98016844000020       16844          98       9451.7556
       100000085000020          85         100       3588.3415
       100018215000020       18215         100       6423.0513
       100018801000020       18801         100       22031.704
       100019383000794       19383         100       16986.419
       100019383000788       19383         100       16986.419
       100019383001030       19383         100       16986.419
       100019383000104       19383         100       508.25926
       100019383000859       19383         100       23935.526
       103002616000020        2616         103       32869.650
       104000106000505         106         104       2521.2632
       104020800000020       20800         104       15587.478
       105015237000020       15237         105       49380.969
       106005014000020        5014         106       32869.650
       107000189000550         189         107       16986.419
       107000189000368         189         107       2552.4848
       107003031000020        3031         107       22031.704
       109006243000020        6243         109       49380.969
       109019127000020       19127         109       2552.4848
       109019127000260       19127         109       16986.419
       114016803000020       16803         114       32869.650
       115012798000020       12798         115       6423.0513
       118000094000020          94         118       2521.2632
       118000278000020         278         118       6423.0513
       118002012000020        2012         118       32869.650
       119001421000020        1421         119       9451.7556
       121001304000020        1304         121       22031.704
       121013039000020       13039         121       49380.969
       122002851000020        2851         122       22031.704
       124009859000020        9859         124       3588.3415
       125001033000020        1033         125       32869.650
       125010300000020       10300         125       1227.7619
       125010300000342       10300         125       16986.419
       126003740036798        3740         126       15587.478
       126029349000020       29349         126       32869.650
       127000146000754         146         127       16986.419
       127000146001461         146         127       16986.419
       127000146000020         146         127       508.25926
       128000003000020           3         128       116.25000
       128000003001622           3         128       14717.200
       128000003001741           3         128       23935.526
       128000003001920           3         128       23935.526
       128000003001605           3         128       23935.526
       128000003002273           3         128       23935.526
       128010908000020       10908         128       22031.704
       129000023002847          23         129       23935.526
       129000023002805          23         129       23935.526
       129000023002829          23         129       16986.419
       129000023002827          23         129       16986.419
       129000023000020          23         129       78.625000
       131003571000020        3571         131       2521.2632
       131006202000020        6202         131       32869.650
       131007583000020        7583         131       49380.969
       132000206000146         206         132       23935.526
       132000206000020         206         132       2552.4848
       133000108000020         108         133       1227.7619
       134000141000020         141         134       3588.3415
       134000141000187         141         134       14717.200
       134001763000020        1763         134       49380.969
       135015562000020       15562         135       23935.526
       137010707000020       10707         137       49380.969
       137013083000020       13083         137       49380.969
       138000517000849         517         138       23935.526
       138000517000020         517         138       377.16667
       138001418000020        1418         138       9451.7556
       139008821000293        8821         139       49380.969
       142000057007312          57         142       2552.4848
       144005574000020        5574         144       16986.419
       144009960000020        9960         144       1227.7619
       144009960000287        9960         144       23935.526
       144009960000283        9960         144       23935.526
       144009994000020        9994         144       508.25926
       144010875000020       10875         144       15587.478
       145006542000020        6542         145       22031.704
       150000096001581          96         150       23935.526
       150000096001258          96         150       23935.526
       150000096001072          96         150       14717.200
       150000096001246          96         150       16986.419
       150000096001193          96         150       16986.419
       150000096002010          96         150       16986.419
       150000096000020          96         150       377.16667
       151000148000020         148         151       78.625000
       151000148000875         148         151       16986.419
       151000148000726         148         151       23935.526
       151000148000725         148         151       23935.526
       151000149002198         149         151       23935.526
       151000149002530         149         151       23935.526
       151000149002511         149         151       23935.526
       151000149002208         149         151       23935.526
       151000149002495         149         151       16986.419
       151000149001423         149         151       16986.419
       151000149000020         149         151       116.25000
       151005778000020        5778         151       49380.969
       152000070001588          70         152       23935.526
       152000070000020          70         152       116.25000
       152000070001657          70         152       16986.419
       152000070002166          70         152       14717.200
       153000583000062         583         153       16986.419
       153000583000020         583         153       9451.7556
       153016367000020       16367         153       2521.2632
       153016367000229       16367         153       16986.419
       153016367000665       16367         153       16986.419
       154012923000074       12923         154       16986.419
       154012923000020       12923         154       6423.0513
       155012204000020       12204         155       116.25000
       155012204001886       12204         155       23935.526
       156001117000020        1117         156       32869.650
       156009183002239        9183         156       49380.969
       156009183002146        9183         156       23935.526
       156009183002137        9183         156       23935.526
       156009183002228        9183         156       23935.526
       156009183002524        9183         156       23935.526
       156009183000020        9183         156       116.25000
       156009183002169        9183         156       16986.419
       156009183002168        9183         156       10312.250
       157000117000686         117         157       16986.419
       157000117000020         117         157       508.25926
       157000117000572         117         157       23935.526
       157000642000020         642         157       15587.478
       158004394000206        4394         158       16986.419
       158004394000020        4394         158       3588.3415
       159000802000020         802         159       9451.7556
       159018721000020       18721         159       23935.526
       160000085000020          85         160       1227.7619
       162001026000020        1026         162       15587.478
       162001094000020        1094         162       9451.7556
       162020954000020       20954         162       9451.7556
       162020954000119       20954         162       23935.526
       164000093000020          93         164       2521.2632
       164000093000484          93         164       16986.419
       164015387000020       15387         164       32869.650
       165000349000185         349         165       32869.650
       166001076000038        1076         166       49380.969
       166001076000020        1076         166       49380.969
       167000910000020         910         167       32869.650
       167009716000020        9716         167       6423.0513
       169000243000020         243         169       2552.4848
       169002749000020        2749         169       22031.704
       170003389000020        3389         170       22031.704
       171004048000249        4048         171       23935.526
       171004048000285        4048         171       23935.526
       171004048000020        4048         171       2521.2632
       171004947000107        4947         171       16986.419
       171004947000020        4947         171       9451.7556
       172000369013580         369         172       32869.650
       172004592000020        4592         172       32869.650
       172007291000020        7291         172       49380.969
       174003059000020        3059         174       22031.704
       176000162000020         162         176       15587.478
       179000095001115          95         179       16986.419
       179000095001109          95         179       16986.419
       179000095003001          95         179       16986.419
       179000095003575          95         179       16986.419
       179000095002419          95         179       377.16667
       179000095000020          95         179       116.25000
       179000095002134          95         179       23935.526
       179000095003585          95         179       23935.526
       179000095002188          95         179       23935.526
       179000095001086          95         179       23935.526
       180000067000494          67         180       23935.526
       180000067000020          67         180       508.25926
       180000067001233          67         180       16986.419
       180000067001608          67         180       16986.419
       180000067001594          67         180       16986.419
       180000067000487          67         180       16986.419
       181000377000020         377         181       6423.0513
       181023288000020       23288         181       15587.478
       182000975000020         975         182       9451.7556
       182001636000020        1636         182       15587.478
       183013234000020       13234         183       32869.650
       183017319000020       17319         183       49380.969
       183017917000020       17917         183       23935.526
       184012629001129       12629         184       23935.526
       184012629001669       12629         184       23935.526
       184012629001195       12629         184       23935.526
       184012629001181       12629         184       23935.526
       184012629001240       12629         184       16986.419
       184012629001138       12629         184       16986.419
       184012629001170       12629         184       16986.419
       184012629002362       12629         184       10312.250
       184012629001168       12629         184       16986.419
       184012629000020       12629         184       116.25000
       185015304000020       15304         185       116.25000
       185015304002145       15304         185       23935.526
       186000371000020         371         186       3588.3415
       187000174006397         174         187       32869.650
       188004152000020        4152         188       6423.0513
       188004152000093        4152         188       16986.419
       189002565000020        2565         189       9451.7556
       193001682000020        1682         193       22031.704
       196016938000020       16938         196       22031.704
       197000086000020          86         197       508.25926
       197023180000020       23180         197       32869.650
       198000095001567          95         198       23935.526
       198000095000020          95         198       377.16667
       198000095001553          95         198       16986.419
       198000095002056          95         198       14717.200
       198002159000020        2159         198       22031.704
       198003222000020        3222         198       32869.650
       200003783000020        3783         200       49380.969
       200004357000020        4357         200       49380.969
       201001284000020        1284         201       22031.704
       202000057031402          57         202       2521.2632
       203002041000020        2041         203       22031.704
       204000466000020         466         204       9451.7556
       204011663040925       11663         204       3588.3415
       205000104000020         104         205       78.625000
       205000455000020         455         205       3588.3415
       206000459000020         459         206       3588.3415
       207000176000020         176         207       1227.7619
       207000176000324         176         207       16986.419
       207001591000020        1591         207       15587.478
       210008759000069        8759         210       16986.419
       210008759000020        8759         210       22031.704
       211008940000343        8940         211       16986.419
       211008940000330        8940         211       14717.200
       211008940000334        8940         211       14717.200
       211008940000020        8940         211       508.25926
       212000062000020          62         212       508.25926
       213000175000020         175         213       1227.7619
       213014644000020       14644         213       78.625000
       213014644002917       14644         213       16986.419
       213014644002476       14644         213       16986.419
       213014644003084       14644         213       16986.419
       213014644003759       14644         213       16986.419
       213014644003177       14644         213       16986.419
       213014644003197       14644         213       16986.419
       213014644003218       14644         213       23935.526
       213014644002185       14644         213       23935.526
       213014644002189       14644         213       23935.526
       213014644002199       14644         213       23935.526
       215006973000204        6973         215       23935.526
       215006973000020        6973         215       2552.4848
       216011562000020       11562         216       49380.969
       217000189000020         189         217       6423.0513
       218002017000020        2017         218       49380.969
       218005575000020        5575         218       1227.7619
       218005871000020        5871         218       6423.0513
       218029566005012       29566         218       2521.2632
       219021417000059       21417         219       2552.4848
       221005473000020        5473         221       1227.7619
       222000113000020         113         222       2552.4848
       222004332000020        4332         222       3588.3415
       222004332000113        4332         222       23935.526
       222007137000020        7137         222       32869.650
       222007137000044        7137         222       14717.200
       223000338000145         338         223       14717.200
       223000338000020         338         223       2552.4848
       223000338000141         338         223       23935.526
       223000738000020         738         223       6423.0513
       223002277000020        2277         223       15587.478
       223009877000020        9877         223       23935.526
       223021332000020       21332         223       23935.526
       228006112000101        6112         228       49380.969
       229000480000020         480         229       49380.969
       229000480000040         480         229       16986.419
       230002872001087        2872         230       16986.419
       230002872000020        2872         230       1227.7619
       230005580000020        5580         230       22031.704
       231000141000810         141         231       23935.526
       231001044007340        1044         231       23935.526
       231001044007289        1044         231       23935.526
       231001044006256        1044         231       116.25000
       231001044007293        1044         231       16986.419
       231001075000020        1075         231       508.25926
       231004974000020        4974         231       32869.650
       232000078006644          78         232       2552.4848
       232000090000020          90         232       1227.7619
       232000090000523          90         232       16986.419
       232000090000446          90         232       16986.419
       232001904000020        1904         232       15587.478
       233022799000020       22799         233       116.25000
       233022799001969       22799         233       23935.526
       233022799001962       22799         233       23935.526
       234016480000020       16480         234       2552.4848
       234017440000020       17440         234       32869.650
       235001207000020        1207         235       32869.650
       235001207000057        1207         235       23935.526
       235014928000020       14928         235       15587.478
       237000887000020         887         237       15587.478
       239000176001243         176         239       16986.419
       239000176001139         176         239       6423.0513
       240014739000020       14739         240       32869.650
       241008849001924        8849         241       23935.526
       241008849001912        8849         241       23935.526
       241008849000020        8849         241       116.25000
       241008849001348        8849         241       16986.419
       241009869000020        9869         241       15587.478
       241009869000057        9869         241       23935.526
       242000075001357          75         242       23935.526
       242000075001303          75         242       16986.419
       242000075001354          75         242       16986.419
       242000075002432          75         242       16986.419
       242000075000020          75         242       116.25000
       245000137000020         137         245       16986.419
       245000824000020         824         245       6423.0513
       246002461000020        2461         246       78.625000
       246002461002500        2461         246       16986.419
       246002461002570        2461         246       14717.200
       246002461003071        2461         246       23935.526
       246002461002292        2461         246       23935.526
       246002461002576        2461         246       23935.526
       246002461002311        2461         246       49380.969
       246003466000020        3466         246       6423.0513
       247000148000020         148         247       78.625000
       247000203000020         203         247       1227.7619
       247000203000629         203         247       23935.526
       247000669000020         669         247       6423.0513
       249002618000020        2618         249       32869.650
       250009674000020        9674         250       15587.478
       250012894000020       12894         250       49380.969
       253000749000020         749         253       15587.478
       254000164000020         164         254       1227.7619
       255000451000020         451         255       3588.3415
       255000451000108         451         255       23935.526
       257002398000020        2398         257       22031.704
       258001312000020        1312         258       9451.7556
       261007680000020        7680         261       9451.7556
       261009066000020        9066         261       22031.704
       262000270000054         270         262       23935.526
       262000270000020         270         262       9451.7556
       262009312000020        9312         262       377.16667
       262009312001098        9312         262       16986.419
       262009312001112        9312         262       16986.419
       262009312001101        9312         262       16986.419
       262009312001106        9312         262       16986.419
       262011907000598       11907         262       508.25926
       262013203000020       13203         262       32869.650
       263001909000020        1909         263       6423.0513
       263003936000020        3936         263       49380.969
       263022683002113       22683         263       49380.969
       263022683001767       22683         263       49380.969
       263022683001851       22683         263       23935.526
       263022683002722       22683         263       23935.526
       263022683001681       22683         263       23935.526
       263022683000020       22683         263       116.25000
       263022683001900       22683         263       16986.419
       263022683002732       22683         263       14717.200
       264000037000038          37         264       23935.526
       264000037000020          37         264       49380.969
       264013048000045       13048         264       32869.650
       265000046002370          46         265       6423.0513
       268003679000020        3679         268       22031.704
       270015101000020       15101         270       49380.969
       273006040000020        6040         273       16986.419
       275005998000020        5998         275       2521.2632
       275006676000020        6676         275       15587.478
       277000086001321          86         277       3588.3415
       277021296000020       21296         277       15587.478
       279013811000020       13811         279       22031.704
       280007841000020        7841         280       49380.969
       281000062000878          62         281       23935.526
       281000062000908          62         281       23935.526
       281000062001118          62         281       16986.419
       281000062000020          62         281       377.16667
       281019840000020       19840         281       14717.200
       282005201000020        5201         282       2552.4848
       282005201000136        5201         282       23935.526
       283006464000020        6464         283       32869.650
       284008257007892        8257         284       23935.526
       284008257005935        8257         284       116.25000
       284008257008111        8257         284       16986.419
       284008257007879        8257         284       16986.419
       284008257007877        8257         284       16986.419
       284008257007864        8257         284       16986.419
       284008257008247        8257         284       16986.419
       288000154000132         154         288       16986.419
       288000154000020         154         288       2552.4848
       289004299000020        4299         289       32869.650
       290000054000020          54         290       78.625000
       290002913000020        2913         290       22031.704
       291000049003516          49         291       2552.4848
       291003251000020        3251         291       3588.3415
       291004257000020        4257         291       9451.7556
       291008022000020        8022         291       32869.650
       292000028000020          28         292       508.25926
       292002262000020        2262         292       2552.4848
       292002262000178        2262         292       23935.526
       293000388000020         388         293       3588.3415
       296003966000394        3966         296       2552.4848
       297012929000020       12929         297       23935.526
       298000082000020          82         298       2521.2632
       300003567007495        3567         300       6423.0513
       303001614000020        1614         303       49380.969
       303008615000020        8615         303       32869.650
       304003504000020        3504         304       32869.650
       305002258000020        2258         305       22031.704
       305023872000771       23872         305       3588.3415
       305023872000892       23872         305       16986.419
       306027111000257       27111         306       16986.419
       306027111000020       27111         306       2552.4848
       307007893000020        7893         307       49380.969
       309001079000020        1079         309       116.25000
       309001080006177        1080         309       3588.3415
       310000076000020          76         310       78.625000
       310000076003529          76         310       16986.419
       310000076002413          76         310       23935.526
       310000076002225          76         310       23935.526
       310000076004053          76         310       23935.526
       311025869000020       25869         311       3588.3415
       313009937000020        9937         313       377.16667
       313009937001954        9937         313       16986.419
       313009937000938        9937         313       23935.526
       314001697000020        1697         314       22031.704
       314008685000020        8685         314       23935.526
       315005290000020        5290         315       23935.526
       317000136001282         136         317       23935.526
       317000136000973         136         317       23935.526
       317000136001350         136         317       49380.969
       317000136001268         136         317       16986.419
       317000136002035         136         317       10312.250
       317000136000020         136         317       377.16667
       318014731000034       14731         318       2552.4848
       319002432000020        2432         319       22031.704
       320001358000020        1358         320       9451.7556
       320005226000020        5226         320       32869.650
       321014171000020       14171         321       23935.526
       323000103000020         103         323       9451.7556
       324014753000020       14753         324       6423.0513
       325000086000020          86         325       3588.3415
       325010297000020       10297         325       6423.0513
       326014374000020       14374         326       22031.704
       328009490000020        9490         328       23935.526
       328011816020287       11816         328       16986.419
       328011816018482       11816         328       116.25000
       328016575000020       16575         328       32869.650
       330002445000020        2445         330       22031.704
       331001689001323        1689         331       14717.200
       331001689001141        1689         331       2552.4848
       331003779000020        3779         331       22031.704
       334000065000020          65         334       78.625000
       335005083000020        5083         335       15587.478
       335005083000058        5083         335       16986.419
       336000526000020         526         336       6423.0513
       337000109000112         109         337       78.625000
       337000208000020         208         337       2552.4848
       337000243000020         243         337       2552.4848
       337017999000020       17999         337       9451.7556
       339019080000020       19080         339       22031.704
       341000395000020         395         341       3588.3415
       343017953000020       17953         343       32869.650
       344000067001159          67         344       2552.4848
       344000210000020         210         344       3588.3415
       344000210000110         210         344       23935.526
       345000448000085         448         345       23935.526
       345000448000020         448         345       6423.0513
       345008110000104        8110         345       377.16667
       345008110001101        8110         345       16986.419
       345008110000621        8110         345       16986.419
       345008110000647        8110         345       23935.526
       345008110000609        8110         345       23935.526
       348004569000091        4569         348       22031.704
       350009992000020        9992         350       3588.3415
       351000180000020         180         351       1227.7619
       351000180000356         180         351       14717.200
       351000446000020         446         351       6423.0513
       352000792000020         792         352       9451.7556
       356001581000020        1581         356       22031.704
       357019842002284       19842         357       16986.419
       357019842002288       19842         357       14717.200
       357019842002287       19842         357       14717.200
       357019842000020       19842         357       78.625000
       357019842002759       19842         357       23935.526
       357019842002934       19842         357       23935.526
       357019842002266       19842         357       23935.526
       357019842002290       19842         357       23935.526
       357019842002736       19842         357       23935.526
       357019842003632       19842         357       23935.526
       357019842003130       19842         357       23935.526
       358000094001788          94         358       23935.526
       358000094003132          94         358       23935.526
       358000094001779          94         358       23935.526
       358000094001663          94         358       23935.526
       358000094000020          94         358       116.25000
       358000094003450          94         358       16986.419
       358000094001520          94         358       16986.419
       358000094002389          94         358       16986.419
       358008075000020        8075         358       49380.969
       359012450000197       12450         359       23935.526
       359012450000186       12450         359       16986.419
       359012450000020       12450         359       2552.4848
       359012978000020       12978         359       6423.0513
       361032263000020       32263         361       16986.419
       362001109000020        1109         362       9451.7556
       363000138000020         138         363       508.25926
       363000138000802         138         363       16986.419
       363000138000997         138         363       16986.419
       363000138000792         138         363       23935.526
       363000138000920         138         363       23935.526
       363000808000020         808         363       9451.7556
       363000905000020         905         363       9451.7556
       365000072000020          72         365       3588.3415
       365000134002146         134         365       377.16667
       365000134003212         134         365       14717.200
       365000134003544         134         365       49380.969
       367000201000462         201         367       32869.650
       367000201000362         201         367       3588.3415
       368000492000020         492         368       22031.704
       369006567000625        6567         369       16986.419
       369006567000020        6567         369       1227.7619
       369006567000619        6567         369       23935.526
       372004700000020        4700         372       49380.969
       372017939000020       17939         372       22031.704
       372017974000020       17974         372       9451.7556
       374000591000020         591         374       9451.7556
       374000591000071         591         374       16986.419
       375000786000020         786         375       9451.7556
       375016161000020       16161         375       15587.478
       375017412000020       17412         375       49380.969
       376015112000020       15112         376       1227.7619
       379000392000020         392         379       3588.3415
       379001100000020        1100         379       9451.7556
       382000164000020         164         382       116.25000
       382000164001898         164         382       23935.526
       382000793000020         793         382       6423.0513
       383003942000020        3942         383       3588.3415
       387016194000020       16194         387       2521.2632
       387016194000229       16194         387       16986.419
       388000446000020         446         388       9451.7556
       389002014000020        2014         389       22031.704
       392001528000020        1528         392       22031.704
       394000077000571          77         394       23935.526
       394000077000923          77         394       23935.526
       394000077000853          77         394       16986.419
       394000077000551          77         394       16986.419
       394000077000555          77         394       16986.419
       394000077000020          77         394       508.25926
       394000613000020         613         394       9451.7556
       394000613000065         613         394       16986.419
       394000613000102         613         394       23935.526
       394000656000020         656         394       6423.0513
       395000718000020         718         395       9451.7556
       396001945000059        1945         396       3588.3415
       397011454000020       11454         397       6423.0513
       398000081000020          81         398       508.25926
       398000081000642          81         398       23935.526
       398004451000020        4451         398       49380.969
       399004763000020        4763         399       23935.526
       399012238000020       12238         399       15587.478
       401000175000162         175         401       16986.419
       401000175000020         175         401       3588.3415
       402000036017556          36         402       116.25000
       402000036018865          36         402       23935.526
       402000036018815          36         402       23935.526
       402000036018719          36         402       23935.526
       402000036018524          36         402       23935.526
       402000036018879          36         402       23935.526
       402001155000020        1155         402       15587.478
       402004956000020        4956         402       14717.200
       403000088000020          88         403       508.25926
       403000088000731          88         403       23935.526
       405009333000020        9333         405       49380.969
       406002085000411        2085         406       23935.526
       406002085000681        2085         406       23935.526
       406002085000020        2085         406       508.25926
       406002085000666        2085         406       16986.419
       407000574001860         574         407       16986.419
       407000574001790         574         407       16986.419
       407000574001793         574         407       16986.419
       407000574000020         574         407       116.25000
       407000574001869         574         407       23935.526
       407000574001794         574         407       23935.526
       408019023000020       19023         408       6423.0513
       409011333000158       11333         409       6423.0513
       410004861000020        4861         410       49380.969
       411000706000020         706         411       6423.0513
       411000759000020         759         411       9451.7556
       412011225000020       11225         412       15587.478
       412012323000020       12323         412       23935.526
       413024405000020       24405         413       49380.969
       415016605000020       16605         415       15587.478
       417005671000020        5671         417       49380.969
       417023063000020       23063         417       15587.478
       419000073001280          73         419       10312.250
       419000073000498          73         419       16986.419
       419000073000020          73         419       377.16667
       419000073003239          73         419       23935.526
       419000073001069          73         419       23935.526
       419000073000499          73         419       23935.526
       420000034012294          34         420       2521.2632
       423009899000020        9899         423       3588.3415
       425001036000020        1036         425       22031.704
       427020077000020       20077         427       49380.969
       428016657000236       16657         428       116.25000
       428016657001170       16657         428       16986.419
       428016723000020       16723         428       2521.2632
       430000114000020         114         430       1227.7619
       430000114000590         114         430       16986.419
       431023300000020       23300         431       22031.704
       432000079001511          79         432       23935.526
       432000079001529          79         432       23935.526
       432014991000020       14991         432       15587.478
       433001886000020        1886         433       49380.969
       433001886000043        1886         433       23935.526
       434010827000020       10827         434       16986.419
       435004161000020        4161         435       32869.650
       437006949000073        6949         437       23935.526
       437006949000020        6949         437       22031.704
       439000174012541         174         439       14717.200
       439000174009599         174         439       78.625000
       439000174011390         174         439       23935.526
       439000174011498         174         439       23935.526
       440000288000020         288         440       2552.4848
       440000448000020         448         440       9451.7556
       441003115000020        3115         441       23935.526
       443002693000020        2693         443       22031.704
       443002693000047        2693         443       16986.419
       443008391000020        8391         443       23935.526
       444001502000020        1502         444       15587.478
       445001080000020        1080         445       32869.650
       445006793000020        6793         445       22031.704
       445007573000020        7573         445       32869.650
       446012343000020       12343         446       22031.704
       447022846000020       22846         447       2521.2632
       447022846000233       22846         447       23935.526
       449005537000020        5537         449       32869.650
       450000857000020         857         450       23935.526
       450002212000020        2212         450       3588.3415
       451012332000020       12332         451       49380.969
       452002349000020        2349         452       49380.969
       454000241000020         241         454       3588.3415
       454000251000020         251         454       3588.3415
       455000145000020         145         455       377.16667
       455000145000751         145         455       16986.419
       455000145000677         145         455       16986.419
       455000145001999         145         455       16986.419
       455000145000807         145         455       14717.200
       455000145000622         145         455       16986.419
       455000145001241         145         455       49380.969
       455000145001201         145         455       23935.526
       455018665000411       18665         455       16986.419
       455018665000020       18665         455       1227.7619
       455019419000020       19419         455       15587.478
       457001628000020        1628         457       15587.478
       459011080000020       11080         459       16986.419
       460008960000020        8960         460       49380.969
       461002257000020        2257         461       15587.478
       464000072000020          72         464       6423.0513
       464005555000034        5555         464       23935.526
       464005555000020        5555         464       49380.969
       465000099000020          99         465       1227.7619
       465002881000020        2881         465       22031.704
       466000148000480         148         466       16986.419
       466000148000020         148         466       508.25926
       466000148000444         148         466       23935.526
       466000148000466         148         466       23935.526
       466006420000020        6420         466       49380.969
       468004589000020        4589         468       22031.704
       469003469000147        3469         469       16986.419
       469003469000020        3469         469       6423.0513
       469003469000066        3469         469       23935.526
       469005441000020        5441         469       15587.478
       470001347000020        1347         470       9451.7556
       472000108000020         108         472       508.25926
       473015326005697       15326         473       116.25000
       473015326007633       15326         473       14717.200
       473015326007364       15326         473       16986.419
       473015326007659       15326         473       16986.419
       473015326007639       15326         473       16986.419
       473015326007254       15326         473       23935.526
       474000104003002         104         474       23935.526
       474000104001745         104         474       16986.419
       474000104000020         104         474       116.25000
       477005174000020        5174         477       3588.3415
       478004033000020        4033         478       2552.4848
       479002429000020        2429         479       2552.4848
       479002429000214        2429         479       23935.526
       480000944000020         944         480       9451.7556
       482001142000020        1142         482       15587.478
       482005050000020        5050         482       49380.969
       484000650000020         650         484       15587.478
       485010656000020       10656         485       32869.650
       486000111000469         111         486       23935.526
       486000111001924         111         486       49380.969
       486000111000627         111         486       16986.419
       486000111001744         111         486       16986.419
       486000111000020         111         486       508.25926
       488000055000020          55         488       116.25000
       488000055001208          55         488       16986.419
       488000055001191          55         488       14717.200
       488000055000847          55         488       23935.526
       488000055001197          55         488       23935.526
       488000055001178          55         488       23935.526
       488000070000143          70         488       23935.526
       488000070000020          70         488       2521.2632
       489000140000020         140         489       508.25926
       489000140000529         140         489       16986.419
       489000140000575         140         489       16986.419
       489000140000605         140         489       16986.419
       490003592000020        3592         490       49380.969
       490016639000020       16639         490       32869.650
       493008906000624        8906         493       23935.526
       493008906000612        8906         493       23935.526
       493008906000710        8906         493       16986.419
       493008906000020        8906         493       508.25926
       496003002000020        3002         496       15587.478
       496003010000020        3010         496       15587.478
       497008963000020        8963         497       49380.969
       498000158000020         158         498       78.625000
       498001324000020        1324         498       15587.478
       499009161000097        9161         499       16986.419
       499009161000020        9161         499       6423.0513
       500000341000020         341         500       6423.0513
       500015439000020       15439         500       22031.704
       501000142001331         142         501       16986.419
       502008276000020        8276         502       32869.650
       503023303000020       23303         503       22031.704
       504001195000020        1195         504       15587.478
       504003049000020        3049         504       32869.650
       508000138001895         138         508       23935.526
       508000138001117         138         508       23935.526
       508000138001451         138         508       23935.526
       508000138001402         138         508       23935.526
       508000138001263         138         508       23935.526
       508000138001790         138         508       49380.969
       508000138001150         138         508       14717.200
       508000138000020         138         508       377.16667
       508024125000512       24125         508       23935.526
       509000665000020         665         509       6423.0513
       509025845000020       25845         509       32869.650
       510000242000020         242         510       3588.3415
       511004106000020        4106         511       9451.7556
       511004748000020        4748         511       15587.478
