         502
     40000000000133451           0          40       139.86341
     40000000000000014           0          40       19.200000
     40000010000000014          10          40       139.86341
     40000013000000014          13          40       139.86341
     40000042000000014          42          40       382.47619
     40000072000000014          72          40       413.49565
     40000186000000014         186          40       886.83636
     41000000000549777           0          41       886.83636
     41000000000361691           0          41       699.41493
     41000000000419878           0          41       382.47619
     41000000000258148           0          41       139.86341
     41000000000362771           0          41       65.706667
     41000000000300122           0          41       20.210526
     41000001000010953           1          41       139.86341
     41000005000003968           5          41       886.83636
     41000008000000014           8          41       97.210811
     41000030000000014          30          41       382.47619
     41000078000000014          78          41       699.41493
     41000104000000014         104          41       699.41493
     41000199000000014         199          41       886.83636
     42000000001184736           0          42       886.83636
     42000000000890317           0          42       886.83636
     42000000000719631           0          42       382.47619
     42000000000741659           0          42       413.49565
     42000000001103114           0          42       413.49565
     42000000001146032           0          42       699.41493
     42000000000901948           0          42       97.210811
     42000000000830659           0          42       67.089655
     42000000000568189           0          42       67.089655
     42000000000814962           0          42       139.86341
     42000000001001268           0          42       139.86341
     42000000000575158           0          42       209.60000
     42000000000136669           0          42       209.60000
     42000000000845414           0          42       209.60000
     42000000000467943           0          42       139.86341
     42000000000750286           0          42       20.210526
     42000000000478471           0          42       20.210526
     42000000000377116           0          42       20.676923
     42000000001116910           0          42       65.706667
     42000003000005041           3          42       413.49565
     42000009000008275           9          42       97.210811
     42000019000000014          19          42       209.60000
     42000035000000014          35          42       382.47619
     42000102000000014         102          42       886.83636
     42000115000000014         115          42       699.41493
     43000000000278033           0          43       886.83636
     43000000000135699           0          43       382.47619
     43000000000118351           0          43       97.210811
     43000000000130651           0          43       139.86341
     43000001000051041           1          43       413.49565
     43000001000026069           1          43       886.83636
     43000003000000014           3          43       58.240000
     43000013000000014          13          43       139.86341
     43000048000000014          48          43       413.49565
     43000049000000014          49          43       382.47619
     43000059000000014          59          43       413.49565
     43000096000000014          96          43       699.41493
     43000171000000014         171          43       886.83636
     43000230000000014         230          43       886.83636
     44000000000732512           0          44       886.83636
     44000000000364613           0          44       699.41493
     44000000000718867           0          44       886.83636
     44000000000134571           0          44       413.49565
     44000000000784766           0          44       139.86341
     44000000000686244           0          44       209.60000
     44000000000463331           0          44       209.60000
     44000000000368427           0          44       97.210811
     44000000000629823           0          44       65.706667
     44000000000152169           0          44       20.676923
     44000000000000014           0          44       19.200000
     44000000000588243           0          44       20.210526
     44000005000000014           5          44       67.089655
     44000009000000014           9          44       97.210811
     44000043000000014          43          44       413.49565
     44000088000000014          88          44       413.49565
     44000091000000014          91          44       413.49565
     44000100000000014         100          44       699.41493
     44000157000000014         157          44       886.83636
     44000192000000014         192          44       886.83636
     45000000000176370           0          45       886.83636
     45000000000260949           0          45       44.800000
     45000001000050910           1          45       67.089655
     45000001000019194           1          45       67.089655
     45000002000000014           2          45       67.089655
     45000005000000014           5          45       67.089655
     45000018000000014          18          45       209.60000
     45000048000000014          48          45       413.49565
     45000049000000570          49          45       699.41493
     45000057000000014          57          45       413.49565
     45000070000000497          70          45       886.83636
     46000000000358784           0          46       886.83636
     46000000000359151           0          46       886.83636
     46000000000255073           0          46       886.83636
     46000000000000014           0          46       19.200000
     46000002000009809           2          46       699.41493
     46000005000000014           5          46       97.210811
     46000005000002426           5          46       209.60000
     46000009000000014           9          46       209.60000
     46000015000000014          15          46       139.86341
     46000020000000014          20          46       209.60000
     46000112000000014         112          46       699.41493
     46000122000000014         122          46       699.41493
     46000142000000014         142          46       699.41493
     46000196000000014         196          46       886.83636
     47000000000354269           0          47       382.47619
     47000000000312128           0          47       139.86341
     47000000000282773           0          47       97.210811
     47000000000300761           0          47       67.089655
     47000000000151362           0          47       44.800000
     47000000000335305           0          47       65.706667
     47000000000315844           0          47       65.706667
     47000000000277134           0          47       58.240000
     47000001000015219           1          47       886.83636
     47000002000007339           2          47       382.47619
     47000058000000014          58          47       413.49565
     47000114000000014         114          47       699.41493
     47000123000000014         123          47       886.83636
     47000132000000014         132          47       886.83636
     47000163000000014         163          47       886.83636
     47000187000000014         187          47       886.83636
     48000000000261624           0          48       699.41493
     48000000000177300           0          48       209.60000
     48000000000131360           0          48       382.47619
     48000000000000014           0          48       19.200000
     48000000000169874           0          48       67.089655
     48000000000100757           0          48       97.210811
     48000001000016111           1          48       413.49565
     48000002000049544           2          48       209.60000
     48000002000036512           2          48       886.83636
     48000002000033406           2          48       97.210811
     48000002000005009           2          48       97.210811
     48000002000000014           2          48       139.86341
     48000003000000014           3          48       67.089655
     48000004000000014           4          48       67.089655
     48000014000000014          14          48       139.86341
     48000024000000014          24          48       209.60000
     48000027000000014          27          48       209.60000
     48000031000000014          31          48       382.47619
     48000052000000014          52          48       413.49565
     49000000000124272           0          49       886.83636
     49000002000009659           2          49       413.49565
     49000007000000014           7          49       97.210811
     49000008000000014           8          49       139.86341
     49000024000000014          24          49       209.60000
     49000028000000014          28          49       382.47619
     49000033000000014          33          49       209.60000
     49000195000000014         195          49       886.83636
     49000210000000014         210          49       886.83636
     49000237000000014         237          49       886.83636
     50000000000000014           0          50       19.200000
     50000002000000014           2          50       58.240000
     50000005000000014           5          50       67.089655
     50000008000000014           8          50       97.210811
     50000018000000014          18          50       209.60000
     50000022000000014          22          50       413.49565
     50000031000000014          31          50       382.47619
     50000039000000014          39          50       382.47619
     50000043000000014          43          50       382.47619
     50000044000000304          44          50       413.49565
     50000056000000014          56          50       413.49565
     50000109000000014         109          50       886.83636
     50000117000000014         117          50       699.41493
     50000122000000014         122          50       699.41493
     51000000000674922           0          51       886.83636
     51000000000372579           0          51       413.49565
     51000000000106480           0          51       699.41493
     51000000000112091           0          51       699.41493
     51000000000134497           0          51       139.86341
     51000000000576978           0          51       58.240000
     51000000000205920           0          51       20.676923
     51000001000000014           1          51       58.240000
     51000002000008620           2          51       97.210811
     51000003000000014           3          51       67.089655
     51000004000000014           4          51       97.210811
     51000010000000014          10          51       97.210811
     51000014000000014          14          51       209.60000
     51000016000000014          16          51       209.60000
     51000039000000014          39          51       382.47619
     51000067000000014          67          51       413.49565
     51000081000000014          81          51       413.49565
     51000082000000014          82          51       413.49565
     51000140000000014         140          51       699.41493
     52000000000090250           0          52       139.86341
     52000000000061468           0          52       20.676923
     52000000000000014           0          52       20.210526
     52000016000000014          16          52       139.86341
     52000045000000014          45          52       382.47619
     52000062000000014          62          52       413.49565
     52000134000000145         134          52       886.83636
     52000188000000014         188          52       886.83636
     53000000000251914           0          53       699.41493
     53000000000129292           0          53       67.089655
     53000000000187566           0          53       58.240000
     53000004000000014           4          53       67.089655
     53000007000000014           7          53       97.210811
     53000010000000014          10          53       97.210811
     53000055000000014          55          53       413.49565
     53000114000000014         114          53       699.41493
     54000000000135106           0          54       382.47619
     54000000000057403           0          54       58.240000
     54000004000000014           4          54       67.089655
     54000004000009595           4          54       209.60000
     54000008000002619           8          54       413.49565
     54000010000000014          10          54       139.86341
     54000011000005669          11          54       413.49565
     54000012000001623          12          54       413.49565
     54000031000000014          31          54       382.47619
     54000035000000014          35          54       382.47619
     54000042000000014          42          54       382.47619
     54000144000000014         144          54       699.41493
     54000192000000014         192          54       886.83636
     54000215000000014         215          54       886.83636
     55000000000202682           0          55       699.41493
     55000000000160725           0          55       67.089655
     55000000000079223           0          55       97.210811
     55000002000000014           2          55       58.240000
     55000003000000014           3          55       67.089655
     55000043000000014          43          55       382.47619
     56000000000130354           0          56       413.49565
     56000000000234746           0          56       413.49565
     56000000000185657           0          56       65.706667
     56000000000026225           0          56       20.676923
     56000002000007404           2          56       382.47619
     56000010000000014          10          56       139.86341
     56000012000001178          12          56       209.60000
     56000017000003966          17          56       886.83636
     56000037000000014          37          56       413.49565
     56000052000000014          52          56       413.49565
     56000133000000014         133          56       699.41493
     56000173000000014         173          56       886.83636
     57000000000000014           0          57       20.210526
     57000005000004124           5          57       699.41493
     57000052000000014          52          57       413.49565
     57000056000000014          56          57       699.41493
     57000102000000014         102          57       699.41493
     57000143000000014         143          57       886.83636
     57000214000000014         214          57       886.83636
     58000000000249220           0          58       886.83636
     58000000000000014           0          58       19.200000
     58000000000292850           0          58       139.86341
     58000000000218704           0          58       97.210811
     58000002000016773           2          58       413.49565
     58000006000008381           6          58       139.86341
     58000007000000014           7          58       97.210811
     58000026000000014          26          58       209.60000
     58000059000000014          59          58       413.49565
     58000069000000302          69          58       886.83636
     58000155000000014         155          58       886.83636
     58000166000000014         166          58       886.83636
     59000000000000014           0          59       20.210526
     59000000000054139           0          59       44.800000
     59000000000275682           0          59       44.800000
     59000000000298762           0          59       44.800000
     59000000000248357           0          59       58.240000
     59000000000320284           0          59       58.240000
     59000012000000014          12          59       209.60000
     59000023000000014          23          59       209.60000
     59000047000000014          47          59       382.47619
     59000105000000014         105          59       699.41493
     59000122000000014         122          59       699.41493
     59000170000000014         170          59       886.83636
     60000000000176978           0          60       58.240000
     60000000000000014           0          60       20.676923
     60000002000008231           2          60       382.47619
     60000004000005790           4          60       886.83636
     60000022000000014          22          60       209.60000
     60000038000000476          38          60       886.83636
     60000088000000014          88          60       413.49565
     60000099000000014          99          60       699.41493
     60000113000000014         113          60       699.41493
     60000142000000014         142          60       886.83636
     60000157000000014         157          60       886.83636
     61000000000229098           0          61       886.83636
     61000000000138935           0          61       886.83636
     61000000000101460           0          61       209.60000
     61000000000515517           0          61       20.210526
     61000000000000014           0          61       20.210526
     61000000000457642           0          61       44.800000
     61000000000125712           0          61       67.089655
     61000001000000014           1          61       65.706667
     61000003000000014           3          61       67.089655
     61000004000000014           4          61       67.089655
     61000005000002640           5          61       209.60000
     61000007000000014           7          61       97.210811
     61000013000000014          13          61       209.60000
     61000014000000887          14          61       382.47619
     61000016000000014          16          61       209.60000
     61000017000000014          17          61       139.86341
     61000079000000014          79          61       413.49565
     61000098000000014          98          61       699.41493
     62000000000000014           0          62       20.210526
     62000001000000014           1          62       65.706667
     62000005000000014           5          62       67.089655
     62000008000005778           8          62       413.49565
     62000009000000014           9          62       139.86341
     62000020000000014          20          62       209.60000
     62000033000000014          33          62       382.47619
     62000083000000420          83          62       886.83636
     62000088000000014          88          62       413.49565
     62000145000000014         145          62       699.41493
     62000188000000014         188          62       886.83636
     62000251000000014         251          62       886.83636
     63000000000210532           0          63       886.83636
     63000000000033093           0          63       20.676923
     63000002000007236           2          63       139.86341
     63000002000000014           2          63       58.240000
     63000055000000014          55          63       413.49565
     63000087000000014          87          63       699.41493
     64000000000240165           0          64       413.49565
     64000000000087077           0          64       413.49565
     64000000000138305           0          64       20.676923
     64000000000000014           0          64       20.210526
     64000001000000014           1          64       65.706667
     64000052000000014          52          64       413.49565
     64000055000000014          55          64       413.49565
     64000088000000014          88          64       699.41493
     64000118000000014         118          64       699.41493
     64000140000000014         140          64       699.41493
     65000000000055243           0          65       65.706667
     65000000000000014           0          65       20.676923
     65000001000028689           1          65       886.83636
     65000001000033896           1          65       382.47619
     65000003000000014           3          65       58.240000
     65000014000000014          14          65       139.86341
     65000032000001453          32          65       699.41493
     65000172000000014         172          65       886.83636
     66000000000112759           0          66       382.47619
     66000000000081427           0          66       209.60000
     66000000000075424           0          66       97.210811
     66000003000000014           3          66       67.089655
     66000013000001314          13          66       699.41493
     66000031000000014          31          66       382.47619
     66000065000000014          65          66       699.41493
     66000077000000014          77          66       413.49565
     66000123000000014         123          66       699.41493
     66000156000000287         156          66       886.83636
     66000238000000014         238          66       886.83636
     67000000000213814           0          67       886.83636
     67000000000084689           0          67       209.60000
     67000000000099651           0          67       209.60000
     67000000000165237           0          67       97.210811
     67000000000126167           0          67       65.706667
     67000000000000014           0          67       20.210526
     67000001000000014           1          67       65.706667
     67000016000001070          16          67       413.49565
     67000049000000014          49          67       382.47619
     67000075000000014          75          67       413.49565
     67000128000000014         128          67       699.41493
     67000207000000014         207          67       886.83636
     68000000000086395           0          68       20.210526
     68000001000000014           1          68       65.706667
     68000001000015241           1          68       886.83636
     68000002000000014           2          68       58.240000
     68000012000000014          12          68       139.86341
     68000017000000014          17          68       139.86341
     68000055000000014          55          68       699.41493
     68000225000000014         225          68       886.83636
     69000000000157592           0          69       413.49565
     69000000000000014           0          69       20.210526
     69000002000000014           2          69       58.240000
     69000005000000014           5          69       97.210811
     69000045000000014          45          69       382.47619
     69000058000000014          58          69       413.49565
     69000081000000014          81          69       413.49565
     69000131000000014         131          69       699.41493
     70000000000233636           0          70       699.41493
     70000000000226224           0          70       97.210811
     70000000000363933           0          70       97.210811
     70000000000161868           0          70       58.240000
     70000001000019603           1          70       139.86341
     70000002000000014           2          70       58.240000
     70000005000002445           5          70       382.47619
     70000008000000014           8          70       209.60000
     70000076000000014          76          70       413.49565
     70000122000000014         122          70       699.41493
     70000135000000014         135          70       699.41493
     70000206000000014         206          70       886.83636
     70000249000000014         249          70       886.83636
     70000251000000014         251          70       886.83636
     71000000000338740           0          71       699.41493
     71000000000153562           0          71       20.676923
     71000000000070740           0          71       67.089655
     71000001000000014           1          71       65.706667
     71000002000020528           2          71       97.210811
     71000009000002518           9          71       699.41493
     71000010000000014          10          71       139.86341
     72000000000101606           0          72       97.210811
     72000000000000014           0          72       20.676923
     72000000000161608           0          72       699.41493
     72000001000000014           1          72       65.706667
     72000002000000014           2          72       58.240000
     72000015000000014          15          72       139.86341
     72000016000000878          16          72       413.49565
     72000060000000014          60          72       413.49565
     72000066000000014          66          72       699.41493
     72000134000000014         134          72       699.41493
     72000165000000014         165          72       886.83636
     72000201000000014         201          72       886.83636
     72000214000000014         214          72       886.83636
     73000000000094202           0          73       886.83636
     73000000000203802           0          73       886.83636
     73000000000059325           0          73       58.240000
     73000000000000014           0          73       20.676923
     73000002000000014           2          73       97.210811
     73000008000000014           8          73       97.210811
     73000016000002854          16          73       699.41493
     73000018000000014          18          73       209.60000
     73000025000000014          25          73       209.60000
     73000028000000014          28          73       382.47619
     73000077000000014          77          73       413.49565
     73000083000000014          83          73       699.41493
     73000093000000014          93          73       699.41493
     73000233000000014         233          73       886.83636
     74000000000000014           0          74       20.210526
     74000003000005648           3          74       209.60000
     74000004000000014           4          74       67.089655
     74000007000000014           7          74       97.210811
     74000013000000014          13          74       139.86341
     74000014000000014          14          74       139.86341
     74000031000000757          31          74       699.41493
     74000054000000014          54          74       413.49565
     74000077000000014          77          74       413.49565
     74000097000000014          97          74       699.41493
     74000118000000014         118          74       886.83636
     74000148000000014         148          74       699.41493
     75000000000045346           0          75       44.800000
     75000001000000014           1          75       58.240000
     75000005000000014           5          75       67.089655
     75000006000000014           6          75       97.210811
     75000013000000014          13          75       139.86341
     75000017000001268          17          75       382.47619
     75000050000000014          50          75       382.47619
     75000061000000014          61          75       699.41493
     75000066000000014          66          75       413.49565
     75000127000000014         127          75       886.83636
     75000154000000014         154          75       886.83636
     75000214000000014         214          75       886.83636
     76000000000357122           0          76       413.49565
     76000000000256816           0          76       209.60000
     76000000000330946           0          76       209.60000
     76000000000138402           0          76       67.089655
     76000000000000014           0          76       20.210526
     76000000000260828           0          76       44.800000
     76000003000010147           3          76       699.41493
     76000007000002260           7          76       886.83636
     76000018000000014          18          76       209.60000
     76000021000004729          21          76       413.49565
     76000074000000014          74          76       413.49565
     76000115000000014         115          76       699.41493
     76000117000000014         117          76       699.41493
     77000013000000014          13          77       139.86341
     77000021000000014          21          77       209.60000
     77000036000000014          36          77       413.49565
     77000042000000014          42          77       413.49565
     77000092000000014          92          77       699.41493
     77000210000000014         210          77       886.83636
     77000229000000014         229          77       886.83636
     78000000000112693           0          78       886.83636
     78000000000176769           0          78       413.49565
     78000000000098527           0          78       209.60000
     78000000000118209           0          78       20.676923
     78000000000000014           0          78       20.210526
     78000001000023888           1          78       886.83636
     78000004000003237           4          78       209.60000
     78000006000000014           6          78       97.210811
     78000009000001598           9          78       209.60000
     78000011000000014          11          78       139.86341
     78000018000000969          18          78       413.49565
     78000020000000014          20          78       209.60000
     78000025000000014          25          78       209.60000
     78000033000000014          33          78       382.47619
     78000034000001918          34          78       382.47619
     78000073000000014          73          78       413.49565
     78000148000000014         148          78       699.41493
     78000168000000014         168          78       886.83636
     78000222000000014         222          78       886.83636
     79000000000104332           0          79       97.210811
     79000000000000014           0          79       20.210526
     79000003000003932           3          79       139.86341
     79000004000000014           4          79       67.089655
     79000007000000014           7          79       97.210811
     79000008000000014           8          79       97.210811
     79000020000000014          20          79       209.60000
     79000032000000014          32          79       209.60000
     79000050000000014          50          79       413.49565
     79000062000000014          62          79       413.49565
     79000172000000014         172          79       886.83636
     80000000000309687           0          80       886.83636
     80000000000248943           0          80       382.47619
     80000000000281264           0          80       382.47619
     80000000000180144           0          80       139.86341
     80000000000452501           0          80       139.86341
     80000000000000014           0          80       20.210526
     80000004000000014           4          80       67.089655
     80000011000000014          11          80       139.86341
     80000035000000014          35          80       382.47619
     80000047000000014          47          80       382.47619
     80000055000000014          55          80       413.49565
     80000093000000014          93          80       699.41493
     80000137000000014         137          80       699.41493
     80000171000000014         171          80       886.83636
     80000183000000014         183          80       886.83636
