         199
            4340002148        4340           0       22.461538
         1000232000015         232           1       10495.286
         1002512000015        2512           1       54160.143
         3000048000015          48           3       4674.1667
         4000900000015         900           4       24340.765
         6001236000015        1236           6       54160.143
         6005222000015        5222           6       89349.048
         7000217000015         217           7       6650.0000
         8016004000015       16004           8       234496.92
        10000268000015         268          10       10495.286
        14010871007627       10871          14       6650.0000
        16013112000015       13112          16       519.00000
        20000000000015           0          20       19.333333
        20000009002887           9          20       89349.048
        20006437000235        6437          20       17614.071
        24000978000015         978          24       24340.765
        25005435001744        5435          25       89349.048
        27000100000015         100          27       178.75000
        28000063000015          63          28       314.50000
        28000078000015          78          28       2591.1667
        32017662000015       17662          32       54160.143
        33012747000015       12747          33       4674.1667
        39000068000015          68          39       1359.0000
        41010198000015       10198          41       6650.0000
        43002093000015        2093          43       40558.882
        47021899000015       21899          47       563074.88
        48000019002146          19          48       22.461538
        52017801000015       17801          52       6650.0000
        60001432000015        1432          60       40558.882
        62010397000015       10397          62       2591.1667
        64000000000015           0          64       22.461538
        64019026006098       19026          64       1359.0000
        65000169000015         169          65       6650.0000
        69009205000015        9205          69       314.50000
        72001637000015        1637          72       54160.143
        75000071000254          71          75       314.50000
        77003692000015        3692          77       54160.143
        78000254000015         254          78       7079.7143
        80000022006455          22          80       314.50000
        80010214000015       10214          80       519.00000
        80013846000015       13846          80       54160.143
        87000134000015         134          87       4674.1667
        90000500000015         500          90       234496.92
        94003211000015        3211          94       54160.143
        96000015000015          15          96       22.461538
        96000308000015         308          96       17614.071
        96006982000015        6982          96       563074.88
        97000062002862          62          97       1359.0000
        97001847000068        1847          97       234496.92
        99001139000064        1139          99       234496.92
        99008761000015        8761          99       563074.88
       101000111008163         111         101       89349.048
       105000050000015          50         105       314.50000
       114000176000015         176         114       7079.7143
       117000097002106          97         117       1341425.5
       117001631000015        1631         117       54160.143
       120006026001151        6026         120       6650.0000
       127015933000015       15933         127       22.461538
       129001765000015        1765         129       40558.882
       131026309000015       26309         131       19.333333
       132017506032442       17506         132       89349.048
       134000203000015         203         134       17614.071
       135006186000429        6186         135       10495.286
       137000191000015         191         137       24340.765
       138001365000015        1365         138       24340.765
       139008503000015        8503         139       519.00000
       144001726000015        1726         144       89349.048
       149026771000500       26771         149       54160.143
       155013930000060       13930         155       234496.92
       157012430000015       12430         157       89349.048
       159000220000015         220         159       10495.286
       161001537000015        1537         161       40558.882
       162000049000015          49         162       22.461538
       164012797000015       12797         164       4674.1667
       168000029005501          29         168       519.00000
       170000066000015          66         170       22.461538
       174024882000015       24882         174       89349.048
       180000065011685          65         180       24340.765
       181000234000015         234         181       7079.7143
       185000033000015          33         185       40558.882
       185015934000015       15934         185       54160.143
       187013281033330       13281         187       234496.92
       187013302001492       13302         187       7079.7143
       191000123000015         123         191       22.461538
       191001636000015        1636         191       40558.882
       194000046007505          46         194       10495.286
       196000173000015         173         196       6650.0000
       200016385000015       16385         200       6650.0000
       203012953000015       12953         203       519.00000
       204011661042729       11661         204       314.50000
       204012897000015       12897         204       24340.765
       213000142000015         142         213       22.461538
       214000655000015         655         214       40558.882
       214012165000015       12165         214       54160.143
       217004111000612        4111         217       40558.882
       219021477000272       21477         219       24340.765
       220009650000015        9650         220       10495.286
       221001331000015        1331         221       89349.048
       223000292000015         292         223       6650.0000
       224001527000015        1527         224       54160.143
       230002962000543        2962         230       10495.286
       230003677000015        3677         230       24340.765
       232006573000015        6573         232       234496.92
       233000113008829         113         233       519.00000
       233000523000165         523         233       89349.048
       237000073000015          73         237       4674.1667
       237014572000356       14572         237       10495.286
       241000054020847          54         241       234496.92
       241009578000015        9578         241       24340.765
       244007156000015        7156         244       40558.882
       249020130000015       20130         249       563074.88
       250010075000015       10075         250       40558.882
       256000034000015          34         256       1359.0000
       257004013000015        4013         257       54160.143
       262010610000015       10610         262       40558.882
       263001145000015        1145         263       178.75000
       265010240000015       10240         265       24340.765
       270008892008233        8892         270       563074.88
       272000769000015         769         272       40558.882
       276000000000015           0         276       178.75000
       277020588000015       20588         277       17614.071
       281005383000015        5383         281       89349.048
       283014375000015       14375         283       234496.92
       285006875000015        6875         285       4674.1667
       287003645000015        3645         287       54160.143
       291002889000015        2889         291       7079.7143
       291004197000015        4197         291       24340.765
       294013942000015       13942         294       563074.88
       296003841006041        3841         296       2591.1667
       298000781000015         781         298       17614.071
       301005098065267        5098         301       22.461538
       307001308000015        1308         307       24340.765
       308002303000867        2303         308       563074.88
       309001068017092        1068         309       519.00000
       311001693058276        1693         311       24340.765
       311003262000015        3262         311       24340.765
       320007015000057        7015         320       19.333333
       326015058000015       15058         326       89349.048
       326015751000015       15751         326       234496.92
       333009778000015        9778         333       6650.0000
       334006332000015        6332         334       1359.0000
       335003964000015        3964         335       10495.286
       337013701000015       13701         337       563074.88
       338000588000101         588         338       89349.048
       339002065000015        2065         339       89349.048
       342000457000015         457         342       17614.071
       358002128000104        2128         358       22.461538
       358019329000095       19329         358       89349.048
       361010179000015       10179         361       10495.286
       361013289000015       13289         361       89349.048
       363000151002646         151         363       89349.048
       363001283000015        1283         363       24340.765
       366020264000015       20264         366       6650.0000
       369006611000996        6611         369       54160.143
       370004963000015        4963         370       17614.071
       376000192000015         192         376       6650.0000
       376015151000015       15151         376       6650.0000
       380003057000015        3057         380       54160.143
       383005195000015        5195         383       40558.882
       388010427000015       10427         388       17614.071
       389000028000279          28         389       17614.071
       393000204001269         204         393       17614.071
       396007123000015        7123         396       54160.143
       400007772000015        7772         400       54160.143
       402000072000015          72         402       2591.1667
       412000330000116         330         412       89349.048
       414000550000015         550         414       40558.882
       421006370000015        6370         421       178.75000
       423002596000015        2596         423       234496.92
       430008968000015        8968         430       10495.286
       430010882000015       10882         430       40558.882
       430011400000015       11400         430       89349.048
       438026990000015       26990         438       234496.92
       447000428000362         428         447       234496.92
       449001757000015        1757         449       10495.286
       451000088001461          88         451       7079.7143
       452014514000015       14514         452       2591.1667
       453000037000015          37         453       22.461538
       453000052000015          52         453       519.00000
       458000789000015         789         458       17614.071
       459004695000015        4695         459       89349.048
       466000151000015         151         466       2591.1667
       467000406000211         406         467       54160.143
       470000795000015         795         470       17614.071
       470026715000015       26715         470       54160.143
       471000206000015         206         471       1359.0000
       472018617000015       18617         472       7079.7143
       479027912001591       27912         479       54160.143
       485000723000015         723         485       40558.882
       487016138000015       16138         487       17614.071
       489005712000015        5712         489       89349.048
       490000727000015         727         490       24340.765
       497003478000757        3478         497       10495.286
       497003631000287        3631         497       40558.882
       498019825000015       19825         498       22.461538
       498027909000015       27909         498       1341425.5
       502013670000054       13670         502       10495.286
       504012876000015       12876         504       17614.071
       509001412000015        1412         509       24340.765
