         483
            8350000002        8350           0       75030.139
         3011784000002       11784           3       9140.9268
         4000465000002         465           4       9140.9268
         4001196000002        1196           4       9140.9268
         4021878000002       21878           4       22536.511
         6000928000002         928           6       9140.9268
         7000278000002         278           7       2841.3793
         7001874000002        1874           7       22536.511
        11000080082856          80          11       150.52941
        11000081000002          81          11       10.500000
        11019632000380       19632          11       36986.289
        12003671000002        3671          12       36986.289
        13001593000002        1593          13       22536.511
        13013661000002       13661          13       7098.4375
        13013717000002       13717          13       7098.4375
        13013845000002       13845          13       7098.4375
        14001668000002        1668          14       22536.511
        14010905000002       10905          14       963.94118
        16013302000002       13302          16       4422.6774
        17014109013308       14109          17       18.923077
        17014124000002       14124          17       279.11111
        20000000000002           0          20       1.0000000
        23003330000002        3330          23       1.0000000
        24000840000002         840          24       7098.4375
        24005060000002        5060          24       36986.289
        26000575000002         575          26       9140.9268
        27000541000002         541          27       7098.4375
        28021179000002       21179          28       22536.511
        29003626000002        3626          29       36986.289
        31000266000002         266          31       4422.6774
        32018753000002       18753          32       36986.289
        34000059000427          59          34       2841.3793
        34010484000002       10484          34       15.545455
        34012716000002       12716          34       17279.111
        35007248000307        7248          35       75030.139
        37014960000002       14960          37       7098.4375
        39009262000002        9262          39       15.545455
        41010001000002       10001          41       771.66667
        41010194000002       10194          41       2841.3793
        42016735000002       16735          42       185167.23
        44019492000002       19492          44       185167.23
        46002317000676        2317          46       36986.289
        49011767000002       11767          49       771.66667
        51000342000002         342          51       4422.6774
        51001455000088        1455          51       22536.511
        52018370000002       18370          52       17279.111
        53000254000002         254          53       2841.3793
        54021152000002       21152          54       7098.4375
        56012113000002       12113          56       2841.3793
        59000478000002         478          59       2841.3793
        61010656000038       10656          61       185167.23
        62001579000002        1579          62       22536.511
        64000000000002           0          64       18.923077
        64019026000002       19026          64       73.000000
        64019095000002       19095          64       4422.6774
        65006947000002        6947          65       75030.139
        69009204000002        9204          69       279.11111
        73000061000002          61          73       73.000000
        73014241002676       14241          73       279.11111
        75020018000002       20018          75       185167.23
        76002364000002        2364          76       22536.511
        77000385000002         385          77       4422.6774
        77022990000002       22990          77       36986.289
        79000175003418         175          79       18.923077
        79000184000002         184          79       963.94118
        82020321000002       20321          82       279.11111
        83000473000002         473          83       4422.6774
        84000659000002         659          84       7098.4375
        87004194000002        4194          87       22536.511
        90002760000002        2760          90       17279.111
        93000090000090          90          93       4422.6774
        93000108000002         108          93       1.0000000
        93004403000036        4403          93       75030.139
        95000120000002         120          95       150.52941
        95002708000002        2708          95       22536.511
        96014588000002       14588          96       7098.4375
        96016468000002       16468          96       36986.289
        97000284000002         284          97       2841.3793
        97018962000002       18962          97       1907.6667
        98000083000002          83          98       771.66667
        98016104000002       16104          98       771.66667
        98016754000002       16754          98       9140.9268
       101000114000002         114         101       150.52941
       102000247000002         247         102       2841.3793
       102000405000002         405         102       7098.4375
       102001852000002        1852         102       17279.111
       103002690000002        2690         103       22536.511
       103018723000002       18723         103       18.923077
       104000016030255          16         104       18.923077
       105006989000183        6989         105       9140.9268
       105007183000002        7183         105       7098.4375
       106000140000051         140         106       771.66667
       106006783000002        6783         106       36986.289
       106015366000002       15366         106       185167.23
       107001852000002        1852         107       22536.511
       108003428000002        3428         108       1.0000000
       108027561000189       27561         108       2841.3793
       109000144053658         144         109       18.923077
       109000155000002         155         109       150.52941
       109019070000002       19070         109       73.000000
       110010590005666       10590         110       18.923077
       111010536000002       10536         111       36986.289
       111017479000002       17479         111       185167.23
       113001038000002        1038         113       17279.111
       113004853000002        4853         113       75030.139
       114001501000002        1501         114       17279.111
       117011979000002       11979         117       279.11111
       117020261000002       20261         117       470995.57
       120001887003177        1887         120       22536.511
       122000096000002          96         122       18.923077
       124000115000002         115         124       2841.3793
       124009589040665        9589         124       279.11111
       124009760000230        9760         124       185167.23
       126000088000002          88         126       18.923077
       126003903000002        3903         126       3045.0625
       126029443000002       29443         126       36986.289
       127011872000002       11872         127       470995.57
       127016023000002       16023         127       3045.0625
       128000000000002           0         128       15.545455
       128000001000002           1         128       18.923077
       130022070000002       22070         130       470995.57
       131027434000002       27434         131       22536.511
       132002373000002        2373         132       22536.511
       133000554000002         554         133       4422.6774
       133002132000002        2132         133       17279.111
       134000709000002         709         134       17279.111
       135006521000002        6521         135       4422.6774
       136005451000002        5451         136       4422.6774
       136005764000002        5764         136       7098.4375
       137006672000002        6672         137       22536.511
       139008490000002        8490         139       15.545455
       139008875000002        8875         139       4422.6774
       141005957000002        5957         141       4422.6774
       143004302000002        4302         143       4422.6774
       144001122000002        1122         144       36986.289
       144011938000002       11938         144       22536.511
       145005567000002        5567         145       2841.3793
       145005621000002        5621         145       2841.3793
       146001659000002        1659         146       36986.289
       147014865000002       14865         147       22536.511
       148000040000002          40         148       18.923077
       148000281000002         281         148       2841.3793
       150000927000002         927         150       7098.4375
       151000148000002         148         151       150.52941
       153000138000002         138         153       3045.0625
       155012207000002       12207         155       73.000000
       158004827000002        4827         158       17279.111
       158006413000106        6413         158       18.923077
       159000343000002         343         159       4422.6774
       159016479000002       16479         159       7098.4375
       159019024000037       19024         159       279.11111
       160000105000002         105         160       1907.6667
       160008442000002        8442         160       75030.139
       163001558000002        1558         163       17279.111
       163019882000002       19882         163       36986.289
       164000038000167          38         164       18.923077
       164000178000002         178         164       2841.3793
       164012968000002       12968         164       4422.6774
       165002057000002        2057         165       36986.289
       166007801000002        7801         166       7098.4375
       167000308000002         308         167       4422.6774
       167003332000002        3332         167       75030.139
       167013310000002       13310         167       36986.289
       169000051000002          51         169       279.11111
       169000366000002         366         169       2841.3793
       169000639000002         639         169       7098.4375
       170000065000002          65         170       18.923077
       171000170000002         170         171       2841.3793
       171016567000002       16567         171       75030.139
       172000364000002         364         172       18.923077
       174000098000002          98         174       73.000000
       174000366000002         366         174       4422.6774
       174000816000002         816         174       7098.4375
       175000153000002         153         175       18.923077
       178015168000002       15168         178       963.94118
       179021229000002       21229         179       3045.0625
       183012117000002       12117         183       9140.9268
       184000638000150         638         184       17279.111
       187000171000002         171         187       150.52941
       188004551000002        4551         188       4422.6774
       189001527000002        1527         189       1907.6667
       189008807000002        8807         189       36986.289
       191000126000002         126         191       150.52941
       191013558000002       13558         191       185167.23
       193011539000002       11539         193       185167.23
       193015178000002       15178         193       470995.57
       194000427000002         427         194       4422.6774
       194019538000002       19538         194       3045.0625
       195008632000002        8632         195       2841.3793
       195008640000002        8640         195       3045.0625
       196017960000002       17960         196       36986.289
       197022709000089       22709         197       771.66667
       199000195000002         195         199       1907.6667
       199008738000002        8738         199       75030.139
       200000071000002          71         200       18.923077
       201010912000002       10912         201       3045.0625
       202013633001862       13633         202       22536.511
       203000139000002         139         203       279.11111
       203007752000002        7752         203       470995.57
       204000030000002          30         204       73.000000
       204000307000002         307         204       7098.4375
       206000145000002         145         206       963.94118
       206000352000002         352         206       2841.3793
       206000773000002         773         206       7098.4375
       208003519009389        3519         208       18.923077
       209002052011333        2052         209       75030.139
       209002173000002        2173         209       2841.3793
       209006022000002        6022         209       36986.289
       211008907000002        8907         211       15.545455
       211011574000002       11574         211       22536.511
       212002169000002        2169         212       17279.111
       213000146000002         146         213       18.923077
       213001884000002        1884         213       22536.511
       215006975000002        6975         215       3045.0625
       216005543000002        5543         216       2841.3793
       216007875000002        7875         216       17279.111
       217010049000002       10049         217       36986.289
       218000064000002          64         218       15.545455
       219000156000002         156         219       279.11111
       219001100000002        1100         219       9140.9268
       219008142000002        8142         219       75030.139
       222004001000002        4001         222       1907.6667
       223000208000002         208         223       771.66667
       223001365000002        1365         223       9140.9268
       224000064000002          64         224       18.923077
       224000070000002          70         224       150.52941
       224000383000002         383         224       4422.6774
       226000080000002          80         226       18.923077
       227025086000002       25086         227       185167.23
       228002542000002        2542         228       185167.23
       229002732000002        2732         229       1.0000000
       231005630000002        5630         231       22536.511
       231011546000002       11546         231       75030.139
       232000074000002          74         232       150.52941
       232000326000002         326         232       2841.3793
       232002482000002        2482         232       17279.111
       234019135000002       19135         234       36986.289
       237000089000002          89         237       963.94118
       237014487000002       14487         237       963.94118
       240018078000002       18078         240       75030.139
       241010846000002       10846         241       22536.511
       242009515000346        9515         242       36986.289
       243012014000002       12014         243       9140.9268
       245002260000002        2260         245       17279.111
       245009722000002        9722         245       75030.139
       246016264000002       16264         246       75030.139
       247000187000002         187         247       963.94118
       249000359000087         359         249       36986.289
       249028120000002       28120         249       470995.57
       250000110000002         110         250       279.11111
       250008188000002        8188         250       1907.6667
       251009872000002        9872         251       17279.111
       253011820000002       11820         253       3045.0625
       254000846000002         846         254       9140.9268
       254018182000002       18182         254       17279.111
       255000398000002         398         255       2841.3793
       256000161000002         161         256       3045.0625
       258000769000002         769         258       7098.4375
       258001868000002        1868         258       9140.9268
       259001306000002        1306         259       15.545455
       260012593000002       12593         260       75030.139
       262005829000002        5829         262       185167.23
       262009301000002        9301         262       73.000000
       262009403000002        9403         262       3045.0625
       264011497000002       11497         264       18.923077
       264013883000002       13883         264       36986.289
       266006641000002        6641         266       36986.289
       267001676011665        1676         267       15.545455
       267002220000002        2220         267       4422.6774
       270008988000699        8988         270       75030.139
       271012137000084       12137         271       36986.289
       272011038000002       11038         272       17279.111
       276001653000002        1653         276       22536.511
       276013993000002       13993         276       17279.111
       277000062000002          62         277       279.11111
       277022971000002       22971         277       36986.289
       278000118000002         118         278       963.94118
       278000352000210         352         278       7098.4375
       285000069000002          69         285       771.66667
       285006843000002        6843         285       150.52941
       285006846019301        6846         285       10.500000
       285008222000002        8222         285       9140.9268
       288015028006004       15028         288       75030.139
       290001254000002        1254         290       17279.111
       292003594000002        3594         292       9140.9268
       293000394000002         394         293       2841.3793
       294001473000002        1473         294       4422.6774
       295004159000002        4159         295       17279.111
       295008553000002        8553         295       36986.289
       297000085002039          85         297       17279.111
       297000963000002         963         297       9140.9268
       298000002000002           2         298       4422.6774
       298001832000002        1832         298       17279.111
       298009726000002        9726         298       75030.139
       299000167000002         167         299       963.94118
       299000175000002         175         299       1907.6667
       299000599000002         599         299       4422.6774
       299002339000002        2339         299       17279.111
       300000069000002          69         300       963.94118
       300003809000436        3809         300       4422.6774
       300017888000002       17888         300       75030.139
       301000279000002         279         301       2841.3793
       302000381000002         381         302       9140.9268
       302007391000002        7391         302       1907.6667
       305000073000002          73         305       279.11111
       305001951000002        1951         305       17279.111
       309002075000002        2075         309       9140.9268
       310000668000002         668         310       7098.4375
       311001693000002        1693         311       10.500000
       312000060000002          60         312       150.52941
       312024173000002       24173         312       17279.111
       315000602000002         602         315       9140.9268
       317012091000002       12091         317       185167.23
       317019933000002       19933         317       18.923077
       318006392000002        6392         318       36986.289
       319000491000002         491         319       4422.6774
       323000202000002         202         323       7098.4375
       323002051000002        2051         323       75030.139
       326000444000002         444         326       7098.4375
       326000619000002         619         326       9140.9268
       326001843000002        1843         326       22536.511
       327020093000002       20093         327       4422.6774
       328011821000002       11821         328       73.000000
       329004025000002        4025         329       10.500000
       330000312000002         312         330       2841.3793
       331009980000002        9980         331       185167.23
       332000025001819          25         332       75030.139
       332007259000002        7259         332       2841.3793
       332007665000002        7665         332       7098.4375
       334010387000002       10387         334       22536.511
       334015036000002       15036         334       75030.139
       336002706000002        2706         336       22536.511
       336025260000002       25260         336       36986.289
       337017904000002       17904         337       9140.9268
       338000228000002         228         338       2841.3793
       338029060000001       29060         338       470995.57
       339002918000002        2918         339       22536.511
       339007523000002        7523         339       75030.139
       341009189000002        9189         341       185167.23
       341017052000002       17052         341       22536.511
       343017311000002       17311         343       7098.4375
       345024515000002       24515         345       150.52941
       345024525000002       24525         345       963.94118
       346000632000538         632         346       963.94118
       349001764000002        1764         349       22536.511
       351000939000002         939         351       9140.9268
       351013840000002       13840         351       9140.9268
       352012995000002       12995         352       1907.6667
       352016257000002       16257         352       36986.289
       355000682000002         682         355       9140.9268
       357000020000002          20         357       75030.139
       357000107000002         107         357       771.66667
       357001471000111        1471         357       22536.511
       358000102000002         102         358       279.11111
       358003721000002        3721         358       36986.289
       359000993000002         993         359       17279.111
       361000098000002          98         361       1907.6667
       361009780000002        9780         361       73.000000
       361010636000002       10636         361       7098.4375
       361010726000002       10726         361       7098.4375
       363006984000002        6984         363       75030.139
       363021578000002       21578         363       150.52941
       363022098000002       22098         363       22536.511
       367000141000002         141         367       15.545455
       367018793000002       18793         367       36986.289
       369006564002435        6564         369       9140.9268
       369010063000002       10063         369       22536.511
       370004412000002        4412         370       279.11111
       370005112000002        5112         370       9140.9268
       371000086000002          86         371       1907.6667
       371000483000002         483         371       9140.9268
       374001179000002        1179         374       9140.9268
       374022724000002       22724         374       36986.289
       375000103000002         103         375       150.52941
       375000399000002         399         375       4422.6774
       377000175000002         175         377       3045.0625
       380005658000002        5658         380       36986.289
       380008071000002        8071         380       75030.139
       381011215000002       11215         381       75030.139
       383009466000002        9466         383       75030.139
       387016357000002       16357         387       4422.6774
       387019907000002       19907         387       36986.289
       388000049000002          49         388       1.0000000
       389001816000002        1816         389       9140.9268
       390010682000002       10682         390       18.923077
       390011567000002       11567         390       9140.9268
       392000202000002         202         392       3045.0625
       392002003000002        2003         392       17279.111
       392011588000002       11588         392       75030.139
       393020088000002       20088         393       185167.23
       396004975000002        4975         396       7098.4375
       397011152005755       11152         397       18.923077
       398001931000002        1931         398       22536.511
       399000256000002         256         399       2841.3793
       399018858000002       18858         399       75030.139
       401008571000002        8571         401       185167.23
       402000041000002          41         402       771.66667
       403003874000002        3874         403       22536.511
       403005943000002        5943         403       75030.139
       405000071000002          71         405       73.000000
       405001295000002        1295         405       9140.9268
       407005968000002        5968         407       36986.289
       408018568000002       18568         408       150.52941
       411000203000002         203         411       1907.6667
       411000513000002         513         411       4422.6774
       411000982000002         982         411       9140.9268
       412010726000002       10726         412       3045.0625
       412011031000002       11031         412       7098.4375
       413019889000002       19889         413       36986.289
       414011953000002       11953         414       963.94118
       417000294000359         294         417       4422.6774
       417001035000002        1035         417       9140.9268
       418000063075663          63         418       15.545455
       418000917000002         917         418       9140.9268
       425000102000002         102         425       963.94118
       426001888000002        1888         426       17279.111
       427017319000002       17319         427       9140.9268
       428000082000002          82         428       963.94118
       429016468029614       16468         429       17279.111
       431003018000002        3018         431       22536.511
       431023415000002       23415         431       22536.511
       431023999000002       23999         431       22536.511
       434022069000002       22069         434       36986.289
       435022743000002       22743         435       73.000000
       435023331000002       23331         435       17279.111
       437000303000002         303         437       9140.9268
       437005149000002        5149         437       15.545455
       437005204000002        5204         437       963.94118
       440000117009368         117         440       75030.139
       440000251001381         251         440       36986.289
       442028990000002       28990         442       185167.23
       443000148000002         148         443       73.000000
       443000215000002         215         443       1907.6667
       446008282000002        8282         446       185167.23
       446014647000002       14647         446       75030.139
       449018693000002       18693         449       185167.23
       451000079000002          79         451       73.000000
       451001396000002        1396         451       22536.511
       451010242000002       10242         451       3045.0625
       451010951000002       10951         451       9140.9268
       452014557000002       14557         452       3045.0625
       453001264000002        1264         453       9140.9268
       453006097000002        6097         453       36986.289
       455000171000002         171         455       963.94118
       456004372000002        4372         456       36986.289
       457000711000002         711         457       7098.4375
       458000103000002         103         458       771.66667
       458000731000002         731         458       7098.4375
       459001161000002        1161         459       150.52941
       459001168000002        1168         459       279.11111
       460000054000002          54         460       73.000000
       461010366000002       10366         461       75030.139
       464003445000002        3445         464       17279.111
       465001634000002        1634         465       73.000000
       468004874000002        4874         468       22536.511
       468005305000002        5305         468       22536.511
       468013400000002       13400         468       75030.139
       469006239000002        6239         469       22536.511
       471001453000002        1453         471       9140.9268
       471024875000002       24875         471       22536.511
       473010046000002       10046         473       185167.23
       478003942000002        3942         478       1907.6667
       479002350000002        2350         479       150.52941
       484015130000002       15130         484       18.923077
       485009511000002        9511         485       9140.9268
       485012081000002       12081         485       36986.289
       486000169000286         169         486       737272.00
       487000344000002         344         487       2841.3793
       489020458000002       20458         489       771.66667
       490003855000002        3855         490       36986.289
       496003340000002        3340         496       17279.111
       498000229000002         229         498       1907.6667
       498002548000002        2548         498       22536.511
       499012528000002       12528         499       36986.289
       502006929000206        6929         502       73.000000
       502021947000002       21947         502       185167.23
       506000097000002          97         506       279.11111
       506001945000002        1945         506       17279.111
       506003360000002        3360         506       22536.511
       507002078000002        2078         507       17279.111
       507002770000002        2770         507       17279.111
       508024328000002       24328         508       9140.9268
       510000166000002         166         510       279.11111
