        1080
         3000869000007         869           3       20789.226
         6020174003296       20174           6       750.91667
         8001177000007        1177           8       20789.226
         8012939000007       12939           8       272.61111
         8012939001817       12939           8       8705.7727
        10028395000007       28395          10       9209.9388
        11001573000007        1573          11       28494.108
        11019579001706       19579          11       9209.9388
        11019579000007       19579          11       272.61111
        12005404000007        5404          12       70354.950
        13000045007948          45          13       750.91667
        14010869000007       10869          14       20.000000
        14010869012534       10869          14       9209.9388
        14010869010820       10869          14       9209.9388
        14010869011303       10869          14       9209.9388
        14010869011830       10869          14       17322.930
        14010869012822       10869          14       17322.930
        15000284000007         284          15       5640.6000
        16000833000007         833          16       20789.226
        16013134000007       13134          16       1356.0000
        17000309000007         309          17       5640.6000
        17015484000007       15484          17       20789.226
        19000063000007          63          19       46.478261
        19000063006567          63          19       9209.9388
        20000000024485           0          20       9209.9388
        20000000024485           0          20       9209.9388
        20000000024432           0          20       9209.9388
        20000000024432           0          20       9209.9388
        20000000024467           0          20       9209.9388
        20000000024467           0          20       9209.9388
        20000000025508           0          20       8705.7727
        20000000025508           0          20       8705.7727
        20000000025589           0          20       8705.7727
        20000000025589           0          20       8705.7727
        20000000026834           0          20       9209.9388
        20000000026834           0          20       9209.9388
        20000000025482           0          20       9209.9388
        20000000025482           0          20       9209.9388
        20000000025556           0          20       9209.9388
        20000000025556           0          20       9209.9388
        20000000025516           0          20       9209.9388
        20000000025516           0          20       9209.9388
        20000000024489           0          20       9209.9388
        20000000024489           0          20       9209.9388
        20000000029647           0          20       9209.9388
        20000000029647           0          20       9209.9388
        20000000029666           0          20       9209.9388
        20000000029666           0          20       9209.9388
        20000000029689           0          20       9209.9388
        20000000029689           0          20       9209.9388
        20000000029733           0          20       9209.9388
        20000000029733           0          20       9209.9388
        20000000029745           0          20       9209.9388
        20000000029745           0          20       9209.9388
        20000000029771           0          20       9209.9388
        20000000029771           0          20       9209.9388
        20000000026903           0          20       9209.9388
        20000000026903           0          20       9209.9388
        20000000024442           0          20       9209.9388
        20000000024442           0          20       9209.9388
        20000000034650           0          20       9209.9388
        20000000000007           0          20       6.3333333
        20000000000007           0          20       6.3333333
        20000000034675           0          20       28494.108
        20000000028172           0          20       17322.930
        20000000028172           0          20       17322.930
        20000000034599           0          20       17322.930
        20000000034627           0          20       17322.930
        20000000025444           0          20       17322.930
        20000000025444           0          20       17322.930
        20000000025531           0          20       17322.930
        20000000025531           0          20       17322.930
        20000000026851           0          20       17322.930
        20000000026851           0          20       17322.930
        20000000024468           0          20       17322.930
        20000000024468           0          20       17322.930
        20000000024487           0          20       17322.930
        20000000024487           0          20       17322.930
        20000003005924           3          20       17322.930
        20000003005924           3          20       17322.930
        20000003000007           3          20       20.000000
        20000003000007           3          20       20.000000
        20000003007441           3          20       8705.7727
        20000003005907           3          20       9209.9388
        20000003005907           3          20       9209.9388
        20000003006546           3          20       9209.9388
        20000003006546           3          20       9209.9388
        20000003006561           3          20       9209.9388
        20000003006561           3          20       9209.9388
        20000003007948           3          20       9209.9388
        20000007000007           7          20       272.61111
        20006600000007        6600          20       3366.4800
        20006803000110        6803          20       7810.5667
        23003330000007        3330          23       1.2500000
        23003330000007        3330          23       1.2500000
        23003330031302        3330          23       9209.9388
        23003330031302        3330          23       9209.9388
        23003330036037        3330          23       9209.9388
        23003330037038        3330          23       9209.9388
        23003330032920        3330          23       9209.9388
        23003330032920        3330          23       9209.9388
        23003330032955        3330          23       9209.9388
        23003330032955        3330          23       9209.9388
        23003330034493        3330          23       9209.9388
        23003330034562        3330          23       9209.9388
        23003330031323        3330          23       9209.9388
        23003330031323        3330          23       9209.9388
        23003330031388        3330          23       9209.9388
        23003330031388        3330          23       9209.9388
        23003330032844        3330          23       9209.9388
        23003330032844        3330          23       9209.9388
        23003330031320        3330          23       8705.7727
        23003330031320        3330          23       8705.7727
        23003330031303        3330          23       17322.930
        23003330031303        3330          23       17322.930
        23003330032875        3330          23       17322.930
        23003330032875        3330          23       17322.930
        23003330032905        3330          23       17322.930
        23003330032905        3330          23       17322.930
        23003330031325        3330          23       17322.930
        23003330031325        3330          23       17322.930
        23003330031356        3330          23       17322.930
        23003330031356        3330          23       17322.930
        23003330031367        3330          23       17322.930
        23003330031367        3330          23       17322.930
        23003330031387        3330          23       17322.930
        23003330031387        3330          23       17322.930
        23003330035999        3330          23       17322.930
        23003330034523        3330          23       17322.930
        23003330032977        3330          23       17322.930
        23003330032977        3330          23       17322.930
        23003330037094        3330          23       17322.930
        23003330039738        3330          23       17322.930
        23003330039758        3330          23       17322.930
        23003330039784        3330          23       17322.930
        23003330037020        3330          23       17322.930
        23003330036054        3330          23       40261.605
        24000209000007         209          24       3366.4800
        25005419000053        5419          25       46.478261
        25005419005448        5419          25       70354.950
        26009149000007        9149          26       3366.4800
        27003133000007        3133          27       40261.605
        27016692000007       16692          27       28494.108
        30005314000007        5314          30       7810.5667
        32000303000007         303          32       5640.6000
        32000303000170         303          32       9209.9388
        32017619008528       17619          32       9209.9388
        32017619000056       17619          32       20.000000
        32017619008503       17619          32       17322.930
        34010488000007       10488          34       148.75000
        34010488003166       10488          34       9209.9388
        34010488003400       10488          34       9209.9388
        35006884011090        6884          35       9209.9388
        35006884011409        6884          35       9209.9388
        35006884011413        6884          35       9209.9388
        35006884000007        6884          35       20.000000
        35006884011904        6884          35       17322.930
        36014101000007       14101          36       70354.950
        37015268000007       15268          37       10777.444
        37019403000007       19403          37       17322.930
        37023694000007       23694          37       9209.9388
        38000132001513         132          38       8705.7727
        38000132001022         132          38       2408.6667
        39021241000007       21241          39       17322.930
        43001268000007        1268          43       46.478261
        43001856000007        1856          43       7810.5667
        45004436000007        4436          45       40261.605
        45006763000007        6763          45       70354.950
        45006763000034        6763          45       9209.9388
        46002102005432        2102          46       272.61111
        46019999000007       19999          46       17322.930
        47002069009099        2069          47       17322.930
        47002069009433        2069          47       17322.930
        47002069009453        2069          47       17322.930
        47002069009855        2069          47       17322.930
        47002069000007        2069          47       20.000000
        47002069009087        2069          47       9209.9388
        47002069009108        2069          47       9209.9388
        47002069009421        2069          47       9209.9388
        47002069012159        2069          47       9209.9388
        47003004000007        3004          47       10777.444
        48000019015362          19          48       17322.930
        48000019014307          19          48       9209.9388
        48000019015356          19          48       9209.9388
        48000019014291          19          48       8705.7727
        48000019016040          19          48       9209.9388
        48000019002138          19          48       20.000000
        48000124000007         124          48       3366.4800
        50000049000007          49          50       70354.950
        50001515000007        1515          50       28494.108
        52017682023474       17682          52       40261.605
        52017682017039       17682          52       17322.930
        52017682017045       17682          52       17322.930
        52017682017062       17682          52       17322.930
        52017682023399       17682          52       17322.930
        52017682020000       17682          52       17322.930
        52017682020047       17682          52       17322.930
        52017682019037       17682          52       17322.930
        52017682018186       17682          52       17322.930
        52017682000007       17682          52       1.9166667
        52017682018195       17682          52       9209.9388
        52017682019063       17682          52       9209.9388
        52017682019988       17682          52       9209.9388
        52017682021107       17682          52       9209.9388
        52017682023430       17682          52       9209.9388
        52017682018109       17682          52       9209.9388
        52017682018119       17682          52       9209.9388
        52017682018136       17682          52       9209.9388
        52017682017022       17682          52       9209.9388
        53000948000007         948          53       10777.444
        54000064000007          64          54       6.3333333
        55019229000007       19229          55       40261.605
        55024631000007       24631          55       17322.930
        58000774000007         774          58       7810.5667
        59000116000007         116          59       20.000000
        59000116009831         116          59       9209.9388
        59000116010131         116          59       70354.950
        59000121000007         121          59       148.75000
        59028882000007       28882          59       40261.605
        61000380000007         380          61       10777.444
        66003074000007        3074          66       750.91667
        66005171000007        5171          66       28494.108
        68002329000007        2329          68       40261.605
        73000216000007         216          73       3366.4800
        76000051000007          51          76       1356.0000
        77007961000007        7961          77       70354.950
        78000116004896         116          78       17322.930
        78000116000007         116          78       46.478261
        78000116004399         116          78       9209.9388
        78000116004739         116          78       9209.9388
        78000116005015         116          78       9209.9388
        78000120014701         120          78       3366.4800
        81013469000007       13469          81       70354.950
        83000082000007          82          83       46.478261
        84000559000007         559          84       10777.444
        84018496000007       18496          84       28494.108
        90004295000007        4295          90       28494.108
        91003711000007        3711          91       40261.605
        92001530000007        1530          92       10777.444
        93000108015934         108          93       17322.930
        93000108015935         108          93       17322.930
        93000108018454         108          93       17322.930
        93000108018478         108          93       17322.930
        93000108020523         108          93       17322.930
        93000108021641         108          93       17322.930
        93000108021675         108          93       17322.930
        93000108000007         108          93       6.3333333
        93000108017118         108          93       8705.7727
        93000108017129         108          93       8705.7727
        93000108020516         108          93       8705.7727
        93000108020547         108          93       8705.7727
        93000108021633         108          93       9209.9388
        93000108017115         108          93       9209.9388
        93000108019729         108          93       9209.9388
        93000108023001         108          93       9209.9388
        93000109023322         109          93       9209.9388
        93000109029494         109          93       9209.9388
        93000109021942         109          93       9209.9388
        93000109021942         109          93       9209.9388
        93000109022644         109          93       9209.9388
        93000109021953         109          93       8705.7727
        93000109021953         109          93       8705.7727
        93000109000007         109          93       1.9166667
        93000109000007         109          93       1.9166667
        93000109021966         109          93       17322.930
        93000109021966         109          93       17322.930
        93000109021193         109          93       17322.930
        93000109021193         109          93       17322.930
        93000109021225         109          93       17322.930
        93000109021225         109          93       17322.930
        93000109022664         109          93       17322.930
        93000109023295         109          93       17322.930
        93000579000007         579          93       5640.6000
        93000858000007         858          93       7810.5667
        94020574000007       20574          94       7810.5667
        95016995000007       16995          95       750.91667
        98000246000007         246          98       3366.4800
        98000246000260         246          98       17322.930
       100020920000007       20920         100       70354.950
       102000060000007          60         102       7810.5667
       102018043000007       18043         102       5640.6000
       104000018000007          18         104       46.478261
       105006737000007        6737         105       6.3333333
       108003428000007        3428         108       6.3333333
       108003428027896        3428         108       9209.9388
       108003428028754        3428         108       9209.9388
       108003428028766        3428         108       9209.9388
       108003428028794        3428         108       9209.9388
       108003428028804        3428         108       9209.9388
       108003428028836        3428         108       9209.9388
       108003428030379        3428         108       9209.9388
       108003428032961        3428         108       9209.9388
       108003428034394        3428         108       9209.9388
       108003428034449        3428         108       9209.9388
       108003428027879        3428         108       8705.7727
       108003428027878        3428         108       9209.9388
       108003428037511        3428         108       40261.605
       108003428034475        3428         108       17322.930
       108003428034492        3428         108       17322.930
       108003428037444        3428         108       17322.930
       108003428037484        3428         108       17322.930
       108003428032978        3428         108       17322.930
       108003428033005        3428         108       17322.930
       108003428034372        3428         108       17322.930
       108003428028825        3428         108       17322.930
       108003428027898        3428         108       17322.930
       108003428027855        3428         108       17322.930
       108006440000007        6440         108       28494.108
       109000163000007         163         109       750.91667
       109019083000007       19083         109       272.61111
       109021457000007       21457         109       28494.108
       110010591011348       10591         110       17322.930
       110010591011305       10591         110       17322.930
       110010591012422       10591         110       17322.930
       110010591000007       10591         110       20.000000
       110010591011335       10591         110       9209.9388
       110010591011374       10591         110       9209.9388
       110010591011756       10591         110       9209.9388
       115000522000183         522         115       28494.108
       116000049000007          49         116       6.3333333
       118000317000007         317         118       5640.6000
       122005484000007        5484         122       40261.605
       125000283000007         283         125       5640.6000
       126000088006334          88         126       8465.1429
       126000088000007          88         126       46.478261
       126000088006411          88         126       17322.930
       126000088006534          88         126       17322.930
       126008980000007        8980         126       40261.605
       128008184002636        8184         128       17322.930
       128008184000007        8184         128       148.75000
       128008184003031        8184         128       9209.9388
       131003884000007        3884         131       5640.6000
       131004739000007        4739         131       20789.226
       131026309024444       26309         131       17322.930
       131026309025009       26309         131       17322.930
       131026309018644       26309         131       17322.930
       131026309017461       26309         131       17322.930
       131026309017442       26309         131       17322.930
       131026309017554       26309         131       17322.930
       131026309017495       26309         131       17322.930
       131026309000007       26309         131       1.9166667
       131026309025017       26309         131       9209.9388
       131026309019356       26309         131       9209.9388
       131026309019379       26309         131       9209.9388
       131026309017516       26309         131       9209.9388
       131026309017515       26309         131       9209.9388
       131026309018175       26309         131       8705.7727
       133001190000007        1190         133       10777.444
       133004301000007        4301         133       40261.605
       134008465000007        8465         134       10777.444
       139008490016658        8490         139       17322.930
       139008490016706        8490         139       17322.930
       139008490019374        8490         139       17322.930
       139008490019394        8490         139       17322.930
       139008490017411        8490         139       8705.7727
       139008490018908        8490         139       9209.9388
       139008490017099        8490         139       9209.9388
       139008490017110        8490         139       9209.9388
       139008490017123        8490         139       9209.9388
       139008490017143        8490         139       9209.9388
       139008490017776        8490         139       9209.9388
       139008490018424        8490         139       9209.9388
       139008490000007        8490         139       6.3333333
       139008490016692        8490         139       8465.1429
       139008491000007        8491         139       6.3333333
       143004077000007        4077         143       3366.4800
       143012186000007       12186         143       70354.950
       144011054000007       11054         144       10777.444
       145005490000007        5490         145       3523.9286
       146014559000007       14559         146       70354.950
       147022512000007       22512         147       17322.930
       149000234000007         234         149       3523.9286
       150000093029389          93         150       148.75000
       150000093033220          93         150       9209.9388
       151002611000007        2611         151       20789.226
       152000158000007         158         152       3523.9286
       152000399000007         399         152       5640.6000
       155000220000007         220         155       3366.4800
       155013497000007       13497         155       20789.226
       155014991000007       14991         155       28494.108
       157001444000007        1444         157       28494.108
       157010648000007       10648         157       20789.226
       160003984000007        3984         160       28494.108
       160012327000007       12327         160       17322.930
       160022803000007       22803         160       5640.6000
       161020483000007       20483         161       3366.4800
       162000131000007         131         162       2408.6667
       164020029000007       20029         164       70354.950
       166000033019090          33         166       7810.5667
       166007216000007        7216         166       3523.9286
       167010919000007       10919         167       20789.226
       168008693000007        8693         168       750.91667
       168008693001027        8693         168       9209.9388
       168008709000007        8709         168       1356.0000
       168020259000007       20259         168       17322.930
       169001252000007        1252         169       10777.444
       172001370000007        1370         172       7810.5667
       172004782000007        4782         172       40261.605
       173000179000434         179         173       17322.930
       173000179000007         179         173       3523.9286
       173000445000007         445         173       7810.5667
       173004371000007        4371         173       40261.605
       175000155008084         155         175       17322.930
       175000155000007         155         175       20.000000
       175000155008108         155         175       9209.9388
       175000155008410         155         175       8705.7727
       175000155008459         155         175       8705.7727
       175000155010059         155         175       9209.9388
       175000155008422         155         175       9209.9388
       176008166000007        8166         176       40261.605
       177009700000007        9700         177       20789.226
       178015157003635       15157         178       70354.950
       182000984000007         984         182       10777.444
       182001180000007        1180         182       10777.444
       183006846000007        6846         183       17322.930
       184000420000007         420         184       7810.5667
       186000320000007         320         186       5640.6000
       187013432000007       13432         187       3366.4800
       187014131000007       14131         187       10777.444
       189002433000007        2433         189       7810.5667
       190000054000007          54         190       6.3333333
       190000054014239          54         190       9209.9388
       190000054014256          54         190       9209.9388
       190000054014275          54         190       9209.9388
       190000054013821          54         190       9209.9388
       190000054013443          54         190       9209.9388
       190000054013442          54         190       9209.9388
       190004177020005        4177         190       9209.9388
       190004177016552        4177         190       9209.9388
       190004177000007        4177         190       6.3333333
       190004177018240        4177         190       8465.1429
       190004177016548        4177         190       8705.7727
       190004177018185        4177         190       17322.930
       190004177018705        4177         190       17322.930
       190004177016554        4177         190       17322.930
       190004177016545        4177         190       17322.930
       190004177016544        4177         190       17322.930
       194000110000007         110         194       2408.6667
       194000114000007         114         194       2408.6667
       194000694000007         694         194       7810.5667
       194019439000007       19439         194       46.478261
       194019439007498       19439         194       8705.7727
       197000043007076          43         197       8705.7727
       197000043007874          43         197       9209.9388
       197000043006951          43         197       9209.9388
       197000043000007          43         197       20.000000
       198000095000007          95         198       46.478261
       198000095005361          95         198       8705.7727
       198000095005341          95         198       8705.7727
       198000095005364          95         198       9209.9388
       198000095005791          95         198       17322.930
       200000072006803          72         200       9209.9388
       200000072006810          72         200       9209.9388
       200000072006563          72         200       9209.9388
       200000072006583          72         200       8705.7727
       200000072000007          72         200       46.478261
       200000160000007         160         200       3523.9286
       200021312000007       21312         200       70354.950
       201010832000007       10832         201       272.61111
       201010832001574       10832         201       9209.9388
       201010832001787       10832         201       9209.9388
       201010832001802       10832         201       9209.9388
       201010832001471       10832         201       9209.9388
       203003853000007        3853         203       70354.950
       204011660026746       11660         204       17322.930
       204011660022599       11660         204       17322.930
       204011660022599       11660         204       17322.930
       204011660022596       11660         204       17322.930
       204011660022596       11660         204       17322.930
       204011660022556       11660         204       9209.9388
       204011660022556       11660         204       9209.9388
       204011660022577       11660         204       9209.9388
       204011660022577       11660         204       9209.9388
       204011660023498       11660         204       9209.9388
       204011660023538       11660         204       9209.9388
       204011660024600       11660         204       9209.9388
       204011660025339       11660         204       9209.9388
       204011660025396       11660         204       9209.9388
       204011660000007       11660         204       1.9166667
       204011660000007       11660         204       1.9166667
       204011660022622       11660         204       8705.7727
       204011660022622       11660         204       8705.7727
       204011661000007       11661         204       6.3333333
       204011663030794       11663         204       7810.5667
       204011851000007       11851         204       3366.4800
       205019031000007       19031         205       9209.9388
       207000105000007         105         207       272.61111
       207000105002951         105         207       17322.930
       211000197000007         197         211       5640.6000
       213009378000007        9378         213       17322.930
       213020909000007       20909         213       70354.950
       214009732012950        9732         214       17322.930
       214009732012457        9732         214       17322.930
       214009732000007        9732         214       20.000000
       214009732012524        9732         214       9209.9388
       214009732012513        9732         214       9209.9388
       214009732012501        9732         214       9209.9388
       214009732012491        9732         214       9209.9388
       214012540000007       12540         214       40261.605
       217005039000007        5039         217       10777.444
       219005253000007        5253         219       40261.605
       220000627000007         627         220       10777.444
       224000064006256          64         224       17322.930
       224000064006235          64         224       17322.930
       224000064006947          64         224       17322.930
       224000064006216          64         224       9209.9388
       224000064006212          64         224       9209.9388
       224000064006423          64         224       9209.9388
       224000064006454          64         224       9209.9388
       224000064006936          64         224       8705.7727
       224000064000007          64         224       46.478261
       224000175000007         175         224       2408.6667
       224000350000007         350         224       7810.5667
       225001891000007        1891         225       28494.108
       228005010000007        5010         228       272.61111
       228005010002203        5010         228       9209.9388
       228005087000007        5087         228       2408.6667
       228005330000007        5330         228       3366.4800
       229002732028125        2732         229       8705.7727
       229002732028125        2732         229       8705.7727
       229002732000007        2732         229       1.9166667
       229002732000007        2732         229       1.9166667
       229002732029140        2732         229       9209.9388
       229002732029140        2732         229       9209.9388
       229002732030541        2732         229       9209.9388
       229002732030541        2732         229       9209.9388
       229002732030557        2732         229       9209.9388
       229002732030557        2732         229       9209.9388
       229002732045879        2732         229       9209.9388
       229002732039568        2732         229       9209.9388
       229002732039568        2732         229       9209.9388
       229002732042673        2732         229       9209.9388
       229002732042673        2732         229       9209.9388
       229002732042769        2732         229       9209.9388
       229002732042769        2732         229       9209.9388
       229002732044189        2732         229       9209.9388
       229002732044189        2732         229       9209.9388
       229002732028033        2732         229       9209.9388
       229002732028033        2732         229       9209.9388
       229002732028035        2732         229       9209.9388
       229002732028035        2732         229       9209.9388
       229002732028055        2732         229       9209.9388
       229002732028055        2732         229       9209.9388
       229002732028067        2732         229       9209.9388
       229002732028067        2732         229       9209.9388
       229002732045939        2732         229       9209.9388
       229002732046014        2732         229       9209.9388
       229002732030570        2732         229       8705.7727
       229002732030570        2732         229       8705.7727
       229002732046129        2732         229       40261.605
       229002732028096        2732         229       17322.930
       229002732028096        2732         229       17322.930
       229002732029173        2732         229       17322.930
       229002732029173        2732         229       17322.930
       229002732030513        2732         229       17322.930
       229002732030513        2732         229       17322.930
       229002732030564        2732         229       17322.930
       229002732030564        2732         229       17322.930
       229002732030680        2732         229       17322.930
       229002732030680        2732         229       17322.930
       229002732039498        2732         229       17322.930
       229002732039498        2732         229       17322.930
       229002732044212        2732         229       17322.930
       229002732044212        2732         229       17322.930
       229002732042718        2732         229       17322.930
       229002732042718        2732         229       17322.930
       229002732045902        2732         229       17322.930
       233005807000007        5807         233       40261.605
       234016390008514       16390         234       70354.950
       234016390008541       16390         234       17322.930
       234016390009011       16390         234       17322.930
       234016390009255       16390         234       9209.9388
       234016390009278       16390         234       9209.9388
       234016390000007       16390         234       20.000000
       236009450000007        9450         236       28494.108
       236010175000007       10175         236       70354.950
       237002061000007        2061         237       28494.108
       239006100000007        6100         239       40261.605
       241000097000007          97         241       3366.4800
       241009353000007        9353         241       7810.5667
       241009700000007        9700         241       10777.444
       241015168000007       15168         241       70354.950
       243010928015552       10928         243       17322.930
       243010928016391       10928         243       17322.930
       243010928016417       10928         243       17322.930
       243010928014153       10928         243       17322.930
       243010928015295       10928         243       17322.930
       243010928000007       10928         243       6.3333333
       243010928014114       10928         243       9209.9388
       243010928014149       10928         243       9209.9388
       243010928015323       10928         243       9209.9388
       243016125000007       16125         243       40261.605
       244004930023305        4930         244       70354.950
       244004930020606        4930         244       17322.930
       244004930020644        4930         244       17322.930
       244004930020653        4930         244       17322.930
       244004930023234        4930         244       17322.930
       244004930019624        4930         244       17322.930
       244004930019603        4930         244       9209.9388
       244004930019625        4930         244       9209.9388
       244004930023259        4930         244       9209.9388
       244004930023281        4930         244       9209.9388
       244004930020681        4930         244       9209.9388
       244004930020697        4930         244       9209.9388
       244004930021242        4930         244       9209.9388
       244004930022395        4930         244       9209.9388
       244004930019617        4930         244       8705.7727
       244004930000007        4930         244       6.3333333
       244015815000007       15815         244       17322.930
       245007626000007        7626         245       40261.605
       246002458010959        2458         246       70354.950
       246002458008444        2458         246       17322.930
       246002458000007        2458         246       20.000000
       246002458008776        2458         246       8705.7727
       246002458008779        2458         246       9209.9388
       246003230000007        3230         246       7810.5667
       246018729000007       18729         246       17322.930
       247000147005689         147         247       8705.7727
       247000147000116         147         247       46.478261
       247000147005367         147         247       9209.9388
       248000048057672          48         248       9209.9388
       248000048057637          48         248       9209.9388
       248000048057632          48         248       9209.9388
       248000048057608          48         248       9209.9388
       248000048038059          48         248       6.3333333
       248000048057607          48         248       8705.7727
       248000048058540          48         248       17322.930
       248000048058560          48         248       17322.930
       248000049011529          49         248       17322.930
       248000049009136          49         248       9209.9388
       248000049010540          49         248       8705.7727
       248000049010548          49         248       8705.7727
       248000049000007          49         248       20.000000
       248000049011320          49         248       9209.9388
       249013520000007       13520         249       20789.226
       250007299000007        7299         250       9209.9388
       250011611000007       11611         250       40261.605
       254000122010599         122         254       70354.950
       255000372000007         372         255       3366.4800
       260006301000007        6301         260       28494.108
       261007455000007        7455         261       5640.6000
       262000444000007         444         262       10777.444
       262009301000007        9301         262       46.478261
       262009301004298        9301         262       9209.9388
       262009301003873        9301         262       9209.9388
       264001131000007        1131         264       20789.226
       264011496051684       11496         264       17322.930
       264011496052388       11496         264       17322.930
       264011496048217       11496         264       17322.930
       264011496050616       11496         264       17322.930
       264011496043092       11496         264       17322.930
       264011496050722       11496         264       70354.950
       264011496043059       11496         264       9209.9388
       264011496048249       11496         264       9209.9388
       264011496049199       11496         264       9209.9388
       264011496049220       11496         264       9209.9388
       264011496050698       11496         264       9209.9388
       264011496043120       11496         264       8705.7727
       264011496043085       11496         264       8705.7727
       264011496032337       11496         264       6.3333333
       264011866000007       11866         264       7810.5667
       267001683000007        1683         267       272.61111
       270011621000007       11621         270       28494.108
       271010640000007       10640         271       272.61111
       271010640002276       10640         271       8705.7727
       273017107000007       17107         273       40261.605
       274016766000007       16766         274       17322.930
       276000349000125         349         276       7810.5667
       277003641000007        3641         277       28494.108
       282004950000007        4950         282       6.3333333
       285007446000007        7446         285       7810.5667
       285013730000007       13730         285       17322.930
       286000033017650          33         286       17322.930
       286000033017667          33         286       17322.930
       286000033017685          33         286       17322.930
       286000033017700          33         286       17322.930
       286000033017726          33         286       10777.444
       286000033000007          33         286       1.9166667
       286000033017628          33         286       9209.9388
       290000360000007         360         290       3366.4800
       292008916000007        8916         292       40261.605
       294005810000007        5810         294       40261.605
       300006428000007        6428         300       20789.226
       302000001006892           1         302       17322.930
       302000001006059           1         302       17322.930
       302000001000007           1         302       46.478261
       302000001006042           1         302       9209.9388
       302000001006881           1         302       9209.9388
       302012489000007       12489         302       40261.605
       303000118000007         118         303       750.91667
       303008101000007        8101         303       28494.108
       306000749000007         749         306       7810.5667
       306001198000007        1198         306       7810.5667
       306001668000007        1668         306       10777.444
       307000102000007         102         307       148.75000
       309001259000007        1259         309       3523.9286
       309007022000007        7022         309       40261.605
       311001936000007        1936         311       5640.6000
       312007692000007        7692         312       70354.950
       312011906000007       11906         312       17322.930
       314016447000007       16447         314       70354.950
       315017683000007       17683         315       70354.950
       316000562000007         562         316       7810.5667
       316000562000074         562         316       9209.9388
       318003421000007        3421         318       28494.108
       318023527001454       23527         318       9209.9388
       318023527001472       23527         318       9209.9388
       318023527000007       23527         318       750.91667
       320000372000235         372         320       20789.226
       321007197000649        7197         321       272.61111
       324000079000782          79         324       3366.4800
       324014468000007       14468         324       750.91667
       324015639000007       15639         324       28494.108
       325000482000007         482         325       10777.444
       326013983000007       13983         326       5640.6000
       327000131002513         131         327       8705.7727
       327000131000007         131         327       272.61111
       327000131002416         131         327       9209.9388
       328011823005821       11823         328       9209.9388
       328011823000055       11823         328       148.75000
       330001208000007        1208         330       10777.444
       330002653000007        2653         330       20789.226
       334007614000007        7614         334       20789.226
       335005708000007        5708         335       20789.226
       336001841000007        1841         336       20789.226
       336005245000007        5245         336       40261.605
       337001680000007        1680         337       20789.226
       341000117000007         117         341       1.9166667
       341000117000007         117         341       1.9166667
       341000117018063         117         341       9209.9388
       341000117018063         117         341       9209.9388
       345000196000007         196         345       3523.9286
       348000835000007         835         348       20789.226
       352013791000007       13791         352       10777.444
       353014405012470       14405         353       17322.930
       353014405006358       14405         353       17322.930
       353014405012399       14405         353       17322.930
       353014405006889       14405         353       17322.930
       353014405012435       14405         353       70354.950
       353014405006376       14405         353       8705.7727
       353014405010824       14405         353       8465.1429
       353014405000007       14405         353       20.000000
       353014405007182       14405         353       9209.9388
       356000813000007         813         356       10777.444
       356003152000007        3152         356       40261.605
       356004127000007        4127         356       70354.950
       357000547000007         547         357       5640.6000
       359000889000007         889         359       10777.444
       361001608000007        1608         361       40261.605
       361009777007351        9777         361       9209.9388
       361009777007339        9777         361       9209.9388
       361009777008586        9777         361       17322.930
       361009777010276        9777         361       17322.930
       361009777009198        9777         361       8705.7727
       361009777000007        9777         361       20.000000
       361009777010265        9777         361       9209.9388
       361009777008567        9777         361       9209.9388
       361009777008575        9777         361       9209.9388
       361009783005215        9783         361       9209.9388
       361009783000007        9783         361       148.75000
       361009783004655        9783         361       8705.7727
       361009783005364        9783         361       17322.930
       361009783004658        9783         361       9209.9388
       361009783005449        9783         361       70354.950
       361009787002370        9787         361       8705.7727
       361009787000007        9787         361       272.61111
       363000176000007         176         363       2408.6667
       363000176000407         176         363       8705.7727
       365000208000007         208         365       1356.0000
       366000086000007          86         366       46.478261
       366000086000007          86         366       46.478261
       367002029000007        2029         367       28494.108
       369000086013631          86         369       9209.9388
       369000086013625          86         369       9209.9388
       369000086013616          86         369       9209.9388
       369000086013632          86         369       17322.930
       369000086018134          86         369       17322.930
       369000086019376          86         369       17322.930
       369000086000007          86         369       6.3333333
       369000086013624          86         369       8705.7727
       369000086015262          86         369       9209.9388
       369000086018095          86         369       9209.9388
       369000086018124          86         369       9209.9388
       369006542000007        6542         369       6.3333333
       369006542013829        6542         369       17322.930
       369006542014640        6542         369       17322.930
       369006542013148        6542         369       9209.9388
       369006542013122        6542         369       9209.9388
       369006542013121        6542         369       9209.9388
       369006542013761        6542         369       9209.9388
       369006542013781        6542         369       9209.9388
       369006542013802        6542         369       9209.9388
       369006542015785        6542         369       9209.9388
       369006745000007        6745         369       3366.4800
       370004489000007        4489         370       3523.9286
       371000193000185         193         371       8705.7727
       371000193000007         193         371       5640.6000
       371000522000007         522         371       10777.444
       372006069000007        6069         372       70354.950
       372007890000007        7890         372       70354.950
       374019281000007       19281         374       6.3333333
       376000050000007          50         376       1356.0000
       376000050000956          50         376       9209.9388
       376015426000007       15426         376       7810.5667
       377000088000007          88         377       750.91667
       377020785000007       20785         377       70354.950
       380003335000007        3335         380       28494.108
       381003694000007        3694         381       28494.108
       382000831000007         831         382       7810.5667
       382003490000007        3490         382       28494.108
       386001978000007        1978         386       28494.108
       386001978000044        1978         386       17322.930
       388000049064121          49         388       17322.930
       388000049057305          49         388       17322.930
       388000049057258          49         388       17322.930
       388000049053761          49         388       17322.930
       388000049053761          49         388       17322.930
       388000049053774          49         388       17322.930
       388000049053774          49         388       17322.930
       388000049059848          49         388       17322.930
       388000049063937          49         388       17322.930
       388000049064027          49         388       17322.930
       388000049055546          49         388       17322.930
       388000049055546          49         388       17322.930
       388000049064163          49         388       20789.226
       388000049053834          49         388       17322.930
       388000049053834          49         388       17322.930
       388000049055497          49         388       17322.930
       388000049055497          49         388       17322.930
       388000049053797          49         388       17322.930
       388000049053797          49         388       17322.930
       388000049053738          49         388       9209.9388
       388000049053738          49         388       9209.9388
       388000049053748          49         388       9209.9388
       388000049053748          49         388       9209.9388
       388000049055578          49         388       9209.9388
       388000049055578          49         388       9209.9388
       388000049055529          49         388       9209.9388
       388000049055529          49         388       9209.9388
       388000049057360          49         388       9209.9388
       388000049058634          49         388       9209.9388
       388000049058647          49         388       9209.9388
       388000049059785          49         388       9209.9388
       388000049053796          49         388       9209.9388
       388000049053796          49         388       9209.9388
       388000049053830          49         388       9209.9388
       388000049053830          49         388       9209.9388
       388000049053798          49         388       40261.605
       388000049053798          49         388       40261.605
       388000049064049          49         388       70354.950
       388000049053745          49         388       8465.1429
       388000049053745          49         388       8465.1429
       388000049055611          49         388       8705.7727
       388000049055611          49         388       8705.7727
       388000049055631          49         388       8705.7727
       388000049055631          49         388       8705.7727
       388000049055650          49         388       8705.7727
       388000049055650          49         388       8705.7727
       388000049000007          49         388       1.2500000
       388000049000007          49         388       1.2500000
       388000049057285          49         388       9209.9388
       388000049064087          49         388       9209.9388
       389000659008595         659         389       9209.9388
       389000659008520         659         389       9209.9388
       389000659005988         659         389       9209.9388
       389000659007018         659         389       9209.9388
       389000659007035         659         389       9209.9388
       389000659000007         659         389       20.000000
       389000659008546         659         389       8705.7727
       389000659008041         659         389       17322.930
       389000810000007         810         389       3366.4800
       390010857000007       10857         390       3366.4800
       390012503000007       12503         390       28494.108
       390020089000007       20089         390       17322.930
       391015681000007       15681         391       7810.5667
       392000081009637          81         392       46.478261
       392000081014761          81         392       9209.9388
       392000081014797          81         392       9209.9388
       392000081014809          81         392       9209.9388
       392000081014578          81         392       17322.930
       392002842000007        2842         392       28494.108
       392007667000007        7667         392       70354.950
       392023527000839       23527         392       9209.9388
       392023527000957       23527         392       9209.9388
       392023527000007       23527         392       1356.0000
       393003497000007        3497         393       28494.108
       394000432000007         432         394       3366.4800
       395000359000007         359         395       3366.4800
       396004484000188        4484         396       5640.6000
       397011152015004       11152         397       8705.7727
       397011152005760       11152         397       20.000000
       400000258000007         258         400       10777.444
       401000103000007         103         401       2408.6667
       401013217000007       13217         401       5640.6000
       406002226000007        2226         406       3523.9286
       407000571000007         571         407       20.000000
       407000571010075         571         407       9209.9388
       407000571010076         571         407       9209.9388
       407000571010103         571         407       9209.9388
       407000571010483         571         407       9209.9388
       407000571010927         571         407       9209.9388
       407000571011208         571         407       9209.9388
       407000571011280         571         407       9209.9388
       407000571012360         571         407       9209.9388
       407000571010100         571         407       17322.930
       407000571011257         571         407       17322.930
       407000571010942         571         407       17322.930
       407000571010949         571         407       17322.930
       407000571010976         571         407       17322.930
       407000588000007         588         407       272.61111
       407000651000007         651         407       2408.6667
       408004080000043        4080         408       70354.950
       408018733000208       18733         408       70354.950
       408029678002841       29678         408       1356.0000
       408029678003348       29678         408       8705.7727
       409004384000007        4384         409       70354.950
       410000801000212         801         410       148.75000
       411000320000007         320         411       3366.4800
       413000087000007          87         413       46.478261
       413000087004645          87         413       9209.9388
       414001579000007        1579         414       28494.108
       414011935004676       11935         414       17322.930
       414011935000007       11935         414       148.75000
       417000961000007         961         417       10777.444
       418000063000007          63         418       6.3333333
       418000708000007         708         418       7810.5667
       418003948000007        3948         418       40261.605
       422017490000007       17490         422       17322.930
       423010895000007       10895         423       20789.226
       425000097000007          97         425       1356.0000
       425000097000985          97         425       9209.9388
       426000104000007         104         426       1356.0000
       427005831000007        5831         427       70354.950
       427017540000007       17540         427       20789.226
       428016655011130       16655         428       40261.605
       429001158000007        1158         429       10777.444
       430000098003256          98         430       28494.108
       430008660000007        8660         430       3523.9286
       431000188006846         188         431       8705.7727
       431000188000007         188         431       46.478261
       431000188007370         188         431       17322.930
       431000250000007         250         431       2408.6667
       431001084000007        1084         431       10777.444
       431007654000007        7654         431       40261.605
       432014627000007       14627         432       1356.0000
       432014627000688       14627         432       9209.9388
       433014751000007       14751         433       28494.108
       435004904000007        4904         435       40261.605
       436000078000007          78         436       148.75000
       436017494000007       17494         436       1.9166667
       436017494020841       17494         436       9209.9388
       436017494020843       17494         436       9209.9388
       436017494020920       17494         436       9209.9388
       436017494022197       17494         436       9209.9388
       436017494023186       17494         436       9209.9388
       436017494023204       17494         436       9209.9388
       436017494023253       17494         436       9209.9388
       436017494024727       17494         436       9209.9388
       436017494025537       17494         436       9209.9388
       436017494020897       17494         436       17322.930
       436017494023190       17494         436       17322.930
       436017494022217       17494         436       17322.930
       436017494020922       17494         436       17322.930
       436017494022162       17494         436       17322.930
       436017494022182       17494         436       17322.930
       436017494028502       17494         436       17322.930
       436017494028539       17494         436       17322.930
       436017494028566       17494         436       17322.930
       436017494025410       17494         436       17322.930
       436017494025504       17494         436       17322.930
       436018076000086       18076         436       40261.605
       436023046001641       23046         436       148.75000
       437020485000007       20485         437       17322.930
       438006455000007        6455         438       40261.605
       440000448000007         448         440       5640.6000
       440002289000007        2289         440       20789.226
       441005569000007        5569         441       40261.605
       442003022006061        3022         442       17322.930
       442003022005399        3022         442       17322.930
       442003022005211        3022         442       8465.1429
       442003022000007        3022         442       46.478261
       442003022005423        3022         442       9209.9388
       442003022005207        3022         442       9209.9388
       442003022006739        3022         442       9209.9388
       443000145009973         145         443       9209.9388
       443000145009974         145         443       9209.9388
       443000145009945         145         443       9209.9388
       443000145000007         145         443       20.000000
       443000145010309         145         443       8705.7727
       443000145009946         145         443       17322.930
       444000099000007          99         444       750.91667
       447008802000007        8802         447       70354.950
       449002109000007        2109         449       10777.444
       450002237000007        2237         450       5640.6000
       450003752000007        3752         450       20789.226
       451000325000007         325         451       7810.5667
       451000993000007         993         451       28494.108
       451002301000007        2301         451       40261.605
       451010333000007       10333         451       3366.4800
       453024260000007       24260         453       17322.930
       454000113003128         113         454       17322.930
       454000113000007         113         454       148.75000
       454000113001452         113         454       9209.9388
       454000113001481         113         454       9209.9388
       454000113001629         113         454       9209.9388
       454000113001658         113         454       9209.9388
       454001115000007        1115         454       10777.444
       456001122000007        1122         456       10777.444
       457000079003480          79         457       17322.930
       457000079003302          79         457       9209.9388
       457000079000007          79         457       148.75000
       457000079003129          79         457       8705.7727
       457000079003273          79         457       8705.7727
       458005750000007        5750         458       40261.605
       459000093000007          93         459       3523.9286
       459003234000007        3234         459       20789.226
       467000103002809         103         467       17322.930
       467000103000007         103         467       148.75000
       467021067000007       21067         467       9209.9388
       469003338000007        3338         469       148.75000
       469003346000007        3346         469       272.61111
       469003346001669        3346         469       17322.930
       469003346001701        3346         469       17322.930
       471000656000007         656         471       10777.444
       472000684000007         684         472       7810.5667
       476003854000007        3854         476       40261.605
       478004205000007        4205         478       5640.6000
       479003197000007        3197         479       7810.5667
       479003559000007        3559         479       10777.444
       480000062000007          62         480       272.61111
       480000062003632          62         480       9209.9388
       480001282000007        1282         480       10777.444
       481000113001581         113         481       9209.9388
       481000113000007         113         481       750.91667
       481000158000007         158         481       2408.6667
       482024462000007       24462         482       28494.108
       483000315000093         315         483       17322.930
       483000315000007         315         483       3366.4800
       484016564000007       16564         484       20789.226
       485000152000007         152         485       2408.6667
       485000188000007         188         485       5640.6000
       485008673003585        8673         485       70354.950
       486016557000007       16557         486       20789.226
       487000143000007         143         487       46.478261
       487000143005790         143         487       9209.9388
       487000143006199         143         487       9209.9388
       487000143006515         143         487       9209.9388
       489020442001739       20442         489       9209.9388
       489020442000007       20442         489       272.61111
       489022098000007       22098         489       28494.108
       491001436000007        1436         491       20789.226
       491003869000007        3869         491       28494.108
       492002003000007        2003         492       20789.226
       493008889000007        8889         493       46.478261
       493008889009382        8889         493       9209.9388
       493008914000607        8914         493       9209.9388
       493008914000007        8914         493       1356.0000
       493008914000642        8914         493       17322.930
       493010087000007       10087         493       20789.226
       497004784000007        4784         497       10777.444
       498019824000007       19824         498       6.3333333
       498019827002035       19827         498       148.75000
       499008695000007        8695         499       3523.9286
       500000080000007          80         500       6.3333333
       503022487000007       22487         503       6.3333333
       503022487016469       22487         503       9209.9388
       503022487015264       22487         503       17322.930
       503022487016447       22487         503       17322.930
       503022493000007       22493         503       272.61111
       504000177000067         177         504       3523.9286
       507000472000007         472         507       5640.6000
       507024939000007       24939         507       5640.6000
       511000153033811         153         511       8705.7727
       511000153025920         153         511       46.478261
       511000153033549         153         511       9209.9388
       511000154017106         154         511       9209.9388
       511000154017137         154         511       9209.9388
       511000154009833         154         511       20.000000
       511000154017813         154         511       8705.7727
       511002825000007        2825         511       1356.0000
