         363
             536000111         536           0       11425.250
         2016732000002       16732           2       40206.939
         4000022000002          22           4       3576.8750
         4006995000002        6995           4       117438.48
         7026982000491       26982           7       319.87500
         7026982003552       26982           7       83136.306
         8018942000002       18942           8       40206.939
         9001061000002        1061           9       23423.625
        11000306000002         306          11       6866.6667
        14013696000002       13696          14       53375.947
        20000000034645           0          20       83136.306
        20000000034670           0          20       53375.947
        20000000034667           0          20       36863.600
        20000000032955           0          20       36863.600
        20000000032955           0          20       36863.600
        20000000032959           0          20       40206.939
        20000000032959           0          20       40206.939
        20000000032950           0          20       40206.939
        20000000032951           0          20       40206.939
        20000000032950           0          20       40206.939
        20000000032951           0          20       40206.939
        20000000034560           0          20       40206.939
        20000000000002           0          20       1.0000000
        20000000000002           0          20       1.0000000
        20000000000002           0          20       1.0000000
        20000000034622           0          20       83136.306
        20000000034594           0          20       83136.306
        22018919000002       18919          22       83136.306
        23003330039753        3330          23       83136.306
        23003330000002        3330          23       1.0000000
        23003330039808        3330          23       36863.600
        23003330039810        3330          23       40206.939
        23003330039811        3330          23       40206.939
        23003330039812        3330          23       40206.939
        23003330039733        3330          23       40206.939
        23003330039779        3330          23       40206.939
        23003330039795        3330          23       40206.939
        23003330039804        3330          23       40206.939
        23003330039806        3330          23       40206.939
        35006986000002        6986          35       3576.8750
        40009638000002        9638          40       44432.000
        42012815000077       12815          42       117438.48
        44000118000002         118          44       2341.0000
        46012633000002       12633          46       117438.48
        47007723000002        7723          47       92465.722
        48015488002244       15488          48       146.00000
        48015488010029       15488          48       83136.306
        50000062000002          62          50       1852.0000
        52000036000002          36          52       146.00000
        54005123000002        5123          54       92465.722
        58000079000002          79          58       319.87500
        60001469000002        1469          60       44432.000
        61005221000002        5221          61       6866.6667
        67012484000002       12484          67       40206.939
        67014760015823       14760          67       40206.939
        67014760015829       14760          67       40206.939
        67014760017091       14760          67       36863.600
        67014760015875       14760          67       16185.000
        67014760000002       14760          67       14.000000
        67014760017077       14760          67       83136.306
        67014760015845       14760          67       83136.306
        70015735000002       15735          70       16225.000
        73021551000002       21551          73       83136.306
        74004911039077        4911          74       44432.000
        76000027000002          27          76       44.727273
        84016836000002       16836          84       717.71429
        84016836001727       16836          84       40206.939
        88004585000002        4585          88       6866.6667
        88004893000002        4893          88       11425.250
        93000108021636         108          93       16185.000
        93000108000002         108          93       1.0000000
        93000108022902         108          93       36863.600
        93000108023005         108          93       40206.939
        93000108021626         108          93       40206.939
        93000108021694         108          93       40206.939
        93000108021699         108          93       40206.939
        93000108022996         108          93       40206.939
        93000108021663         108          93       40206.939
        93000108021727         108          93       83136.306
        93000108021758         108          93       83136.306
        93000108021628         108          93       83136.306
        93000108021670         108          93       83136.306
        93000108022956         108          93       117438.48
        94000459000002         459          94       11425.250
        95000115000002         115          95       146.00000
        95000115006987         115          95       40206.939
        95000115007002         115          95       40206.939
        95000115007007         115          95       36863.600
        98016634000002       16634          98       23423.625
       104001007000120        1007         104       23423.625
       106000389000002         389         106       6866.6667
       106001876000002        1876         106       44432.000
       107009292000002        9292         107       117438.48
       108003428037439        3428         108       117438.48
       108003428037506        3428         108       117438.48
       108003428034485        3428         108       40206.939
       108003428034444        3428         108       40206.939
       108003428034388        3428         108       40206.939
       108003428034365        3428         108       40206.939
       108003428034367        3428         108       83136.306
       108003428034389        3428         108       83136.306
       108003428034403        3428         108       83136.306
       108003428034487        3428         108       83136.306
       108003428037479        3428         108       83136.306
       108003428034470        3428         108       36863.600
       108003428000002        3428         108       1.0000000
       110000645000002         645         110       23423.625
       116000054000002          54         116       717.71429
       120006483000002        6483         120       16225.000
       124012662000002       12662         124       53375.947
       126028580000002       28580         126       319.87500
       128008718000002        8718         128       16225.000
       129001122000002        1122         129       23423.625
       130004065000002        4065         130       11425.250
       131010206000002       10206         131       117438.48
       138004643000002        4643         138       92465.722
       144010058000391       10058         144       6866.6667
       145005340000002        5340         145       146.00000
       147000503000002         503         147       16225.000
       150002714000002        2714         150       53375.947
       153016315037793       16315         153       36863.600
       153016315026241       16315         153       44.727273
       155000129010916         129         155       717.71429
       155000270000002         270         155       6866.6667
       155012380000002       12380         155       6866.6667
       158006413000106        6413         158       44.727273
       158006413014999        6413         158       83136.306
       158006413014739        6413         158       40206.939
       161000045002097          45         161       36863.600
       161000045000129          45         161       717.71429
       162000141000002         141         162       3576.8750
       162021111000002       21111         162       23423.625
       167009322000002        9322         167       1852.0000
       168009167000002        9167         168       11425.250
       172003622000002        3622         172       53375.947
       174006198000002        6198         174       92465.722
       174006938000002        6938         174       92465.722
       175000153006846         153         175       36863.600
       175000153006837         153         175       40206.939
       175000153006836         153         175       40206.939
       175000153000002         153         175       44.727273
       180000062000002          62         180       24.428571
       180000062011690          62         180       36863.600
       180000062011704          62         180       36863.600
       180000062011711          62         180       83136.306
       181000103000002         103         181       1852.0000
       181025042000002       25042         181       117438.48
       183000805000002         805         183       44432.000
       183014866000002       14866         183       92465.722
       191009121000002        9121         191       117438.48
       191024453000002       24453         191       2341.0000
       200020279000002       20279         200       92465.722
       203013315000002       13315         203       16225.000
       205004912000002        4912         205       92465.722
       213000142000002         142         213       24.428571
       213000142015910         142         213       36863.600
       213014847000002       14847         213       6866.6667
       220003329000002        3329         220       117438.48
       220009459000002        9459         220       6960.1429
       223000725000002         725         223       16225.000
       226022296000002       22296         226       11425.250
       228004995000109        4995         228       146.00000
       228004995007548        4995         228       40206.939
       228006545000002        6545         228       44432.000
       229002732045934        2732         229       40206.939
       229002732044184        2732         229       83136.306
       229002732044207        2732         229       83136.306
       229002732044237        2732         229       83136.306
       229002732046037        2732         229       83136.306
       229002732044179        2732         229       40206.939
       229002732046009        2732         229       40206.939
       229002732045874        2732         229       40206.939
       229002732045897        2732         229       40206.939
       229002732000002        2732         229       1.0000000
       229002732045944        2732         229       83136.306
       229002732046124        2732         229       92465.722
       235014487000002       14487         235       146.00000
       235014487008375       14487         235       40206.939
       239000136016160         136         239       40206.939
       239000136016405         136         239       40206.939
       239000136000002         136         239       24.428571
       239000136016383         136         239       83136.306
       239023372014045       23372         239       44.727273
       240012739000002       12739         240       23423.625
       241000053000002          53         241       44.727273
       241000053010018          53         241       40206.939
       241000053009629          53         241       36863.600
       241008847000002        8847         241       319.87500
       241009688000002        9688         241       23423.625
       242009387003288        9387         242       92465.722
       250000985000002         985         250       53375.947
       251008790000002        8790         251       23423.625
       251016060000002       16060         251       83136.306
       255000373000002         373         255       6866.6667
       255022088000002       22088         255       92465.722
       259001850000002        1850         259       11425.250
       260004886000002        4886         260       53375.947
       263022683000002       22683         263       319.87500
       265009395000002        9395         265       24.428571
       265009395013556        9395         265       36863.600
       265009395013597        9395         265       40206.939
       265009395013256        9395         265       40206.939
       265009395013299        9395         265       40206.939
       265009395013259        9395         265       83136.306
       265009395013550        9395         265       83136.306
       265009818000002        9818         265       11425.250
       266003661000002        3661         266       44432.000
       268001351007170        1351         268       36863.600
       278017027000002       17027         278       16225.000
       282001117000002        1117         282       117438.48
       290000668000002         668         290       11425.250
       293000252000002         252         293       6866.6667
       293006684000002        6684         293       117438.48
       294004619000002        4619         294       53375.947
       294010495000002       10495         294       117438.48
       295005774000002        5774         295       53375.947
       300003591001409        3591         300       40206.939
       300003591000002        3591         300       1852.0000
       307008732000002        8732         307       117438.48
       313001034000002        1034         313       44432.000
       314000754000002         754         314       23423.625
       316014201000002       14201         316       3576.8750
       317001703000002        1703         317       44432.000
       318001368000002        1368         318       23423.625
       319000120000002         120         319       44.727273
       319000120009719         120         319       83136.306
       326000837000002         837         326       23423.625
       326001193000002        1193         326       44432.000
       328011816017624       11816         328       40206.939
       328011816017339       11816         328       40206.939
       328011816017651       11816         328       36863.600
       328011816000002       11816         328       24.428571
       328011816017359       11816         328       83136.306
       329004026000002        4026         329       44.727273
       333019328000002       19328         333       117438.48
       334000211000002         211         334       16225.000
       335003662000002        3662         335       6960.1429
       335004042000002        4042         335       11425.250
       338022120000002       22120         338       92465.722
       340000061017320          61         340       16185.000
       340000061000002          61         340       24.428571
       340000061017332          61         340       40206.939
       340000061017344          61         340       40206.939
       340000061017346          61         340       40206.939
       340000500000002         500         340       11425.250
       341001711000002        1711         341       44432.000
       342000087000002          87         342       319.87500
       344000077000002          77         344       2341.0000
       345004357000002        4357         345       53375.947
       348000056017984          56         348       83136.306
       348000056017967          56         348       40206.939
       348000056000002          56         348       24.428571
       348000057000316          57         348       319.87500
       348000057004423          57         348       36863.600
       348010290000002       10290         348       53375.947
       350002298000002        2298         350       92465.722
       357000016000002          16         357       117438.48
       358000486000002         486         358       11425.250
       359000119000002         119         359       1852.0000
       361000057017242          57         361       717.71429
       361025318000002       25318         361       83136.306
       366000100000002         100         366       717.71429
       366020579000002       20579         366       23423.625
       372003876000002        3876         372       92465.722
       377000081000002          81         377       44.727273
       377000081007135          81         377       40206.939
       377000081007136          81         377       40206.939
       380012144000002       12144         380       83136.306
       387000612000002         612         387       16225.000
       387017234000002       17234         387       53375.947
       388000049064116          49         388       83136.306
       388000049062082          49         388       83136.306
       388000049064158          49         388       44432.000
       388000049062070          49         388       40206.939
       388000049062072          49         388       40206.939
       388000049062152          49         388       40206.939
       388000049063892          49         388       40206.939
       388000049063930          49         388       40206.939
       388000049063984          49         388       40206.939
       388000049063897          49         388       40206.939
       388000049062151          49         388       16185.000
       388000049062069          49         388       16185.000
       388000049062068          49         388       36863.600
       388000049000002          49         388       1.0000000
       388000049063972          49         388       83136.306
       388000049064022          49         388       83136.306
       388000049063974          49         388       83136.306
       388000049064082          49         388       83136.306
       388000049064044          49         388       117438.48
       388000049063989          49         388       117438.48
       388000049063932          49         388       117438.48
       388000049062114          49         388       117438.48
       388009799133524        9799         388       83136.306
       388009799097862        9799         388       14.000000
       388009799132388        9799         388       40206.939
       388009799132399        9799         388       40206.939
       388009799132402        9799         388       40206.939
       388009799132421        9799         388       40206.939
       388009799132434        9799         388       40206.939
       388009799133515        9799         388       40206.939
       388009799133547        9799         388       83136.306
       388013326000002       13326         388       53375.947
       391011208000002       11208         391       83136.306
       394001432000002        1432         394       23423.625
       396004355000002        4355         396       2341.0000
       412000573000002         573         412       23423.625
       414000062000002          62         414       44.727273
       414000062008903          62         414       40206.939
       414000062008588          62         414       40206.939
       414000062008601          62         414       40206.939
       414000062008883          62         414       40206.939
       415019504000002       19504         415       117438.48
       416000100000002         100         416       2341.0000
       416000922000182         922         416       92465.722
       418000209000002         209         418       6960.1429
       419000139000002         139         419       6960.1429
       419000436000002         436         419       16225.000
       420002691000002        2691         420       146.00000
       420002691007098        2691         420       40206.939
       420002691006591        2691         420       40206.939
       430000978000002         978         430       44432.000
       431022157000002       22157         431       6960.1429
       433000111000002         111         433       3576.8750
       434000037000002          37         434       16225.000
       435000120000002         120         435       44.727273
       435000367000002         367         435       6866.6667
       436017494000002       17494         436       14.000000
       436017494028561       17494         436       40206.939
       436017494028497       17494         436       83136.306
       436017494028534       17494         436       83136.306
       436017494028481       17494         436       40206.939
       436017494027018       17494         436       40206.939
       436017494027037       17494         436       40206.939
       436017494027038       17494         436       40206.939
       442003139000002        3139         442       3576.8750
       444006860000002        6860         444       92465.722
       447023519000002       23519         447       53375.947
       449001587000002        1587         449       6960.1429
       449002511000002        2511         449       23423.625
       450004873000002        4873         450       53375.947
       455000197000002         197         455       3576.8750
       455018801000002       18801         455       6866.6667
       458006120000002        6120         458       92465.722
       458008114000002        8114         458       117438.48
       461024273000002       24273         461       2341.0000
       464001499000002        1499         464       717.71429
       465002497000002        2497         465       16225.000
       469003334000002        3334         469       146.00000
       471014599000002       14599         471       83136.306
       471024772000002       24772         471       53375.947
       472000128000002         128         472       3576.8750
       483002404000002        2404         483       53375.947
       490000110000002         110         490       2341.0000
       492002605000002        2605         492       53375.947
       498020156000002       20156         498       16225.000
       501010073000002       10073         501       319.87500
       501010073004958       10073         501       83136.306
       501010073004981       10073         501       83136.306
       504013301000002       13301         504       44432.000
       505000568000002         568         505       16225.000
       508000211000687         211         508       53375.947
       508000317000002         317         508       6960.1429
       511007883000002        7883         511       92465.722
