         421
         1002859000001        2859           1       37317.037
         2009280000001        9280           2       86525.065
         4020912000001       20912           4       7593.1111
         6000043000001          43           6       460.72727
         9000533000001         533           9       11898.263
        11002838000001        2838          11       37317.037
        11020233000001       20233          11       26861.348
        12000052025321          52          12       45917.588
        12000052000001          52          12       10.750000
        12000052025322          52          12       73540.891
        13013483000001       13483          13       7593.1111
        16002316000040        2316          16       57020.931
        16022219000001       22219          16       57955.931
        17003730000001        3730          17       57020.931
        17014109013307       14109          17       17.600000
        19001821000001        1821          19       26861.348
        20000000034669           0          20       37317.037
        20000000000001           0          20       1.0000000
        20000000000001           0          20       1.0000000
        20000000034666           0          20       57955.931
        20000000034621           0          20       73540.891
        20000000034559           0          20       57955.931
        20000000034593           0          20       73540.891
        20000000034644           0          20       73540.891
        21000600000001         600          21       7593.1111
        21002918000001        2918          21       37317.037
        22012882000001       12882          22       86525.065
        23003330000001        3330          23       1.0000000
        25000048000001          48          25       4415.1818
        33012715000001       12715          33       1639.3000
        34000013000001          13          34       17.600000
        34010763000001       10763          34       7593.1111
        34010774000001       10774          34       4557.5556
        41010823000001       10823          41       11898.263
        42000099000001          99          42       3178.3333
        42006819000001        6819          42       45.818182
        42006819009187        6819          42       57955.931
        42006819009222        6819          42       73540.891
        43001267000001        1267          43       118.00000
        45003001000001        3001          45       26861.348
        49005292000001        5292          49       73540.891
        51000310000441         310          51       11898.263
        51000665000001         665          51       11898.263
        55000395000001         395          55       4557.5556
        57000122000001         122          57       4415.1818
        58003038000001        3038          58       37317.037
        59000700000001         700          59       7593.1111
        65013062000001       13062          65       73540.891
        66000032000001          32          66       256.30000
        68010368000001       10368          68       4557.5556
        72000194000001         194          72       4557.5556
        72018619000001       18619          72       11898.263
        73014270000001       14270          73       1639.3000
        75015543000001       15543          75       3178.3333
        76000028000001          28          76       45.818182
        76000028010523          28          76       57955.931
        78021534000001       21534          78       37317.037
        80000020000001          20          80       45.818182
        83000119000001         119          83       1639.3000
        83019654000001       19654          83       118.00000
        83019654006594       19654          83       57955.931
        83019654006565       19654          83       73540.891
        83019654006555       19654          83       57955.931
        84000692000001         692          84       11898.263
        92000256000001         256          92       4415.1818
        92002838000001        2838          92       26861.348
        93000108022901         108          93       45917.588
        93000108000001         108          93       1.0000000
        93000108023004         108          93       57955.931
        93000108022995         108          93       57955.931
        93000108022903         108          93       57955.931
        93000108022900         108          93       57955.931
        93000108022898         108          93       57955.931
        93000108022994         108          93       73540.891
        93000108022955         108          93       86525.065
        93000943000001         943          93       11898.263
        94000507000001         507          94       7593.1111
        95004504000001        4504          95       57020.931
        98004373000001        4373          98       57020.931
        98022829000001       22829          98       86525.065
        98024196000001       24196          98       73540.891
       102004701000001        4701         102       57020.931
       102012187000001       12187         102       73540.891
       102018594000001       18594         102       26861.348
       104019954000001       19954         104       4557.5556
       106001569000001        1569         106       26861.348
       106001817000001        1817         106       26861.348
       107000119000001         119         107       256.30000
       108003428000001        3428         108       1.0000000
       108003428037498        3428         108       45917.588
       108003428037584        3428         108       73540.891
       108003428037543        3428         108       73540.891
       108003428037478        3428         108       73540.891
       108003428037438        3428         108       86525.065
       108003428037505        3428         108       86525.065
       108003428037419        3428         108       86979.000
       108003428037418        3428         108       57955.931
       108003573000001        3573         108       4415.1818
       109024465000001       24465         109       86525.065
       116012772000001       12772         116       37317.037
       120006028000001        6028         120       3178.3333
       122005116000001        5116         122       86525.065
       125015042000001       15042         125       57020.931
       128013372000036       13372         128       57020.931
       130006674000001        6674         130       37317.037
       135006431000001        6431         135       4557.5556
       136018630000001       18630         136       73540.891
       137006682000001        6682         137       37317.037
       138002409000001        2409         138       26861.348
       138002850000001        2850         138       37317.037
       145000162000001         162         145       7593.1111
       145010792000001       10792         145       57020.931
       147012281000001       12281         147       1639.3000
       148000045000001          45         148       256.30000
       148000045005979          45         148       57955.931
       150000099000001          99         150       460.72727
       153000233000001         233         153       4557.5556
       154000062000001          62         154       118.00000
       154000062006429          62         154       57955.931
       154000062006431          62         154       86525.065
       154012697000001       12697         154       4415.1818
       155002097000001        2097         155       57020.931
       156000051000001          51         156       57020.931
       156000599000001         599         156       26861.348
       157019088000001       19088         157       86525.065
       159019024000036       19024         159       460.72727
       161001899000001        1899         161       26861.348
       161021202000001       21202         161       37317.037
       162020764000001       20764         162       17.600000
       162020764017120       20764         162       86525.065
       162020764017154       20764         162       86525.065
       162020764017083       20764         162       57955.931
       162020764017192       20764         162       57955.931
       162020764017225       20764         162       73540.891
       162020764017193       20764         162       73540.891
       163000314000001         314         163       4557.5556
       163017457000001       17457         163       37317.037
       165000087000001          87         165       460.72727
       165000285000001         285         165       7593.1111
       165013598000001       13598         165       15523.250
       167013895000001       13895         167       57020.931
       168008915000001        8915         168       4557.5556
       169000043000001          43         169       45.818182
       169000043011579          43         169       57955.931
       169000048000001          48         169       460.72727
       169000103000001         103         169       1639.3000
       169001170000001        1170         169       15523.250
       169001486000001        1486         169       15523.250
       170000066000001          66         170       45.818182
       170000066010950          66         170       57955.931
       171004244000001        4244         171       4557.5556
       172000481000001         481         172       4415.1818
       176003238000001        3238         176       118.00000
       176003238004464        3238         176       45917.588
       178003553000001        3553         178       57020.931
       179000118001904         118         179       86525.065
       179023386000001       23386         179       73540.891
       180006568000001        6568         180       57020.931
       180023291000001       23291         180       3178.3333
       187013727000220       13727         187       7593.1111
       189002097000001        2097         189       11898.263
       189009696000001        9696         189       86525.065
       190004177020628        4177         190       57955.931
       190004177020627        4177         190       57955.931
       190004177020613        4177         190       57955.931
       190004177020612        4177         190       57955.931
       190004177020606        4177         190       57955.931
       190004177020599        4177         190       57955.931
       190004177020574        4177         190       73540.891
       190004177000001        4177         190       17.600000
       194000051000001          51         194       256.30000
       194000051002344          51         194       45917.588
       194000051002343          51         194       45917.588
       195004256000001        4256         195       73540.891
       195010673000001       10673         195       37317.037
       196017738000001       17738         196       57020.931
       197000054000001          54         197       460.72727
       197000183000001         183         197       4415.1818
       200002058000001        2058         200       37317.037
       201001406000001        1406         201       37317.037
       203000484000001         484         203       11898.263
       205000104000001         104         205       17.600000
       205000104009977         104         205       57955.931
       210000069000001          69         210       17.600000
       210000069017684          69         210       45917.588
       210008018000001        8018         210       4557.5556
       210010839000001       10839         210       37317.037
       211011028000001       11028         211       57020.931
       214000188000001         188         214       4557.5556
       215000095000001          95         215       118.00000
       215000095005275          95         215       57955.931
       215008121000001        8121         215       15523.250
       223003428000001        3428         223       37317.037
       224000081000001          81         224       460.72727
       227000419000001         419         227       7593.1111
       227002197000001        2197         227       37317.037
       229002732046088        2732         229       45917.588
       229002732045933        2732         229       45917.588
       229002732046123        2732         229       57020.931
       229002732000001        2732         229       1.0000000
       229002732046008        2732         229       57955.931
       229002732045971        2732         229       57955.931
       229002732045970        2732         229       57955.931
       229002732046036        2732         229       57955.931
       229002732045894        2732         229       57955.931
       229002732045873        2732         229       57955.931
       229002732046034        2732         229       73540.891
       229002732045896        2732         229       73540.891
       229002732045943        2732         229       73540.891
       232010254000001       10254         232       86525.065
       233001131000001        1131         233       15523.250
       236003714000001        3714         236       73540.891
       236017190000001       17190         236       73540.891
       237014484000001       14484         237       1161.3750
       238010996000001       10996         238       45917.588
       240000583000001         583         240       15523.250
       243010928019963       10928         243       45917.588
       243010928000001       10928         243       17.600000
       243012035000001       12035         243       15523.250
       246006859000001        6859         246       37317.037
       248000180000001         180         248       4415.1818
       249013105000001       13105         249       26861.348
       256001734000001        1734         256       26861.348
       256011898000001       11898         256       73540.891
       259001373000056        1373         259       57020.931
       262009737000001        9737         262       7593.1111
       263001506000001        1506         263       7593.1111
       263007820000001        7820         263       57020.931
       264011496052403       11496         264       45917.588
       264011496032331       11496         264       10.750000
       264011496052382       11496         264       73540.891
       264011496052360       11496         264       73540.891
       264011496052404       11496         264       86525.065
       265000037000001          37         265       1161.3750
       268001348009036        1348         268       86525.065
       268017129000001       17129         268       73540.891
       270010313000001       10313         270       26861.348
       271000368000001         368         271       11898.263
       274011843000001       11843         274       86525.065
       275000953000001         953         275       37317.037
       277000494000001         494         277       7593.1111
       277003188000001        3188         277       37317.037
       278002195000001        2195         278       37317.037
       279000348000001         348         279       11898.263
       280020898000001       20898         280       7593.1111
       281000055000001          55         281       118.00000
       281000055007020          55         281       73540.891
       283002605000001        2605         283       11898.263
       285006846019300        6846         285       10.750000
       285006846045357        6846         285       73540.891
       285006846045332        6846         285       73540.891
       285006846045301        6846         285       57955.931
       285006846045278        6846         285       57955.931
       285006846045273        6846         285       57955.931
       286000000000001           0         286       4557.5556
       291003902000001        3902         291       15523.250
       294001097000001        1097         294       45.818182
       294001097009511        1097         294       57955.931
       297002196000001        2196         297       26861.348
       300003561011509        3561         300       118.00000
       305000144000001         144         305       3178.3333
       305001842000001        1842         305       26861.348
       306001869000001        1869         306       15523.250
       312022812000001       22812         312       17.600000
       312022812014122       22812         312       57955.931
       312022812014144       22812         312       73540.891
       314015604000001       15604         314       57020.931
       315000038000001          38         315       73540.891
       317000482000001         482         317       7593.1111
       320000072000001          72         320       1161.3750
       320000072001458          72         320       73540.891
       321003667000001        3667         321       15523.250
       325012900000001       12900         325       57020.931
       331001629005015        1629         331       57955.931
       331001629000001        1629         331       256.30000
       331006980000001        6980         331       57020.931
       336000082000001          82         336       1639.3000
       336000082001049          82         336       57955.931
       340000144000001         144         340       3178.3333
       340021223003014       21223         340       7593.1111
       342014435000001       14435         342       4557.5556
       343000134000001         134         343       1639.3000
       343002026000001        2026         343       37317.037
       345001414000001        1414         345       15523.250
       345002253000001        2253         345       26861.348
       346012948000001       12948         346       73540.891
       349011371000001       11371         349       4415.1818
       353000105000001         105         353       118.00000
       353028146000001       28146         353       57955.931
       354014159000001       14159         354       37317.037
       355010857000001       10857         355       1161.3750
       356015513000001       15513         356       15523.250
       357001828000001        1828         357       26861.348
       357019842004768       19842         357       45917.588
       357019842000001       19842         357       256.30000
       357019843000001       19843         357       256.30000
       357019843003722       19843         357       57955.931
       357019847000001       19847         357       1161.3750
       357020011000001       20011         357       11898.263
       359000104017254         104         359       57020.931
       359000104000001         104         359       17.600000
       360000665000001         665         360       26861.348
       361009782000001        9782         361       118.00000
       361009782006629        9782         361       73540.891
       362000721000001         721         362       11898.263
       363021800000001       21800         363       15523.250
       365024896000001       24896         365       15523.250
       368000262000001         262         368       15523.250
       369002684000001        2684         369       86525.065
       369006546005131        6546         369       73540.891
       369006546005127        6546         369       45917.588
       369006546000001        6546         369       118.00000
       369006582000001        6582         369       1639.3000
       374000199000001         199         374       3178.3333
       374001694000001        1694         374       37317.037
       376003655000001        3655         376       57020.931
       376016241000001       16241         376       37317.037
       377000734000118         734         377       15523.250
       379000240000001         240         379       3178.3333
       387000334000001         334         387       4557.5556
       388000049000001          49         388       1.0000000
       388000049064157          49         388       26861.348
       388000049063891          49         388       57955.931
       388000049063893          49         388       57955.931
       388000049063894          49         388       57955.931
       388000049063896          49         388       57955.931
       388000049063929          49         388       57955.931
       388000049063971          49         388       57955.931
       388000049063983          49         388       57955.931
       388000049064115          49         388       57955.931
       388000049064018          49         388       73540.891
       388000049064021          49         388       73540.891
       388000049063973          49         388       73540.891
       388000049063895          49         388       73540.891
       388000049063931          49         388       86525.065
       388000049063988          49         388       86525.065
       388000049064081          49         388       73540.891
       388000049064077          49         388       73540.891
       388000049064043          49         388       86525.065
       390000303000001         303         390       11898.263
       390002697000001        2697         390       86525.065
       397000109000001         109         397       4415.1818
       397011152005754       11152         397       45.818182
       397011152016584       11152         397       57955.931
       397011152016585       11152         397       57955.931
       397012410000001       12410         397       26861.348
       398003197000001        3197         398       57020.931
       398012583000001       12583         398       460.72727
       404023052000001       23052         404       1161.3750
       406002066004871        2066         406       45.818182
       406003892000001        3892         406       26861.348
       407026773000001       26773         407       86525.065
       409010903000001       10903         409       1161.3750
       409010914000001       10914         409       1639.3000
       409011376000001       11376         409       15523.250
       414000127000001         127         414       4415.1818
       415017126000001       17126         415       26861.348
       419001233000001        1233         419       15523.250
       423000323000001         323         423       7593.1111
       423004112000001        4112         423       86525.065
       425001854000001        1854         425       26861.348
       427020483000001       20483         427       86525.065
       430008533014830        8533         430       73540.891
       430008533014803        8533         430       73540.891
       430008533014828        8533         430       57955.931
       430008533000001        8533         430       17.600000
       430009599000129        9599         430       45.818182
       430009599011803        9599         430       45917.588
       431022065000001       22065         431       256.30000
       431022065004078       22065         431       73540.891
       431022243000001       22243         431       4557.5556
       431022704000001       22704         431       15523.250
       432017396000001       17396         432       57020.931
       434000274000001         274         434       4557.5556
       436017494000001       17494         436       10.750000
       436017494028456       17494         436       73540.891
       436017494028496       17494         436       73540.891
       436017494028533       17494         436       73540.891
       436017494028560       17494         436       73540.891
       436017494028578       17494         436       73540.891
       436017494028480       17494         436       57955.931
       436018063000001       18063         436       11898.263
       436020542000099       20542         436       15523.250
       437006053000001        6053         437       15523.250
       440013254000001       13254         440       73540.891
       447000144000001         144         447       256.30000
       447023565000001       23565         447       57020.931
       449006101000001        6101         449       37317.037
       453000178000629         178         453       86525.065
       454005985000001        5985         454       57020.931
       463010953000001       10953         463       86525.065
       464002009000108        2009         464       45917.588
       464002009000001        2009         464       7593.1111
       466000123000001         123         466       460.72727
       467011930000001       11930         467       86525.065
       468006687000001        6687         468       57020.931
       469003337000001        3337         469       256.30000
       475005849000001        5849         475       86525.065
       476000587000001         587         476       15523.250
       476000759000001         759         476       11898.263
       481000548000064         548         481       11898.263
       482000759000001         759         482       11898.263
       483000082000001          82         483       45.818182
       483000082011206          82         483       57955.931
       487015763000001       15763         487       1161.3750
       490000091000001          91         490       460.72727
       496001062005663        1062         496       460.72727
       497000064000001          64         497       15523.250
       498000251000001         251         498       3178.3333
       498019825000001       19825         498       45.818182
       498019825013208       19825         498       57020.931
       498019825013159       19825         498       73540.891
       498019825013157       19825         498       57955.931
       498019825013201       19825         498       57955.931
       498019825013207       19825         498       57955.931
       502002206000001        2206         502       1639.3000
       502002446000001        2446         502       4557.5556
       503014162000001       14162         503       45917.588
       508001187000001        1187         508       15523.250
       509018184000001       18184         509       73540.891
       510005296000051        5296         510       86525.065
